lat,lng,pvalue,value
-69,-178.75,0.29089999999999999192,0.29089999999999999192
-68,-178.75,0.65239999999999997993,0.65239999999999997993
-67,-178.75,0.88260000000000005116,0.88260000000000005116
-66,-178.75,0.95430000000000003713,0.95430000000000003713
-65,-178.75,0.83740000000000003322,0.83740000000000003322
-64,-178.75,0.63609999999999999876,0.63609999999999999876
-63,-178.75,0.67589999999999994529,0.67589999999999994529
-62,-178.75,0.97550000000000003375,0.97550000000000003375
-61,-178.75,0.84960000000000002185,0.84960000000000002185
-60,-178.75,0.91649999999999998135,0.91649999999999998135
-59,-178.75,0.97319999999999995399,0.97319999999999995399
-58,-178.75,0.84950000000000003286,0.84950000000000003286
-57,-178.75,0.47399999999999997691,0.47399999999999997691
-56,-178.75,0.38000000000000000444,0.38000000000000000444
-55,-178.75,0.16100000000000000422,0.16100000000000000422
-54,-178.75,0.045900000000000003297,0.045900000000000003297
-53,-178.75,0.026599999999999998646,0.026599999999999998646
-52,-178.75,0.085199999999999997957,0.085199999999999997957
-51,-178.75,0.26989999999999997327,0.26989999999999997327
-50,-178.75,0.68000000000000004885,0.68000000000000004885
-49,-178.75,0.89880000000000004334,0.89880000000000004334
-48,-178.75,0.85729999999999995097,0.85729999999999995097
-47,-178.75,0.83379999999999998561,0.83379999999999998561
-46,-178.75,0.85909999999999997478,0.85909999999999997478
-45,-178.75,0.45319999999999999174,0.45319999999999999174
-44,-178.75,0.31840000000000001634,0.31840000000000001634
-43,-178.75,0.26860000000000000542,0.26860000000000000542
-42,-178.75,0.23369999999999999107,0.23369999999999999107
-41,-178.75,0.27110000000000000764,0.27110000000000000764
-40,-178.75,0.27110000000000000764,0.27110000000000000764
-39,-178.75,0.10059999999999999498,0.10059999999999999498
-38,-178.75,0.048199999999999999789,0.048199999999999999789
-37,-178.75,0.090499999999999997113,0.090499999999999997113
-36,-178.75,0.15440000000000000946,0.15440000000000000946
-35,-178.75,0.10280000000000000249,0.10280000000000000249
-34,-178.75,0.2909999999999999809,0.2909999999999999809
-33,-178.75,0.53180000000000005045,0.53180000000000005045
-32,-178.75,0.64180000000000003713,0.64180000000000003713
-31,-178.75,0.78969999999999995755,0.78969999999999995755
-30,-178.75,0.62800000000000000266,0.62800000000000000266
-29,-178.75,0.46119999999999999885,0.46119999999999999885
-28,-178.75,0.45460000000000000409,0.45460000000000000409
-27,-178.75,0.6036000000000000254,0.6036000000000000254
-26,-178.75,0.85680000000000000604,0.85680000000000000604
-25,-178.75,0.70479999999999998206,0.70479999999999998206
-24,-178.75,0.46679999999999999272,0.46679999999999999272
-23,-178.75,0.14410000000000000586,0.14410000000000000586
-22,-178.75,0.029100000000000000866,0.029100000000000000866
-21,-178.75,0.011299999999999999281,0.011299999999999999281
-20,-178.75,0.0047999999999999995795,0.0047999999999999995795
-19,-178.75,0.0033999999999999998106,0.0033999999999999998106
-18,-178.75,0.0016000000000000000767,0.0016000000000000000767
-17,-178.75,0.0011000000000000000663,0.0011000000000000000663
-16,-178.75,0.0027999999999999999716,0.0027999999999999999716
-15,-178.75,0.0079000000000000007716,0.0079000000000000007716
-14,-178.75,0.043400000000000001077,0.043400000000000001077
-13,-178.75,0.16780000000000000471,0.16780000000000000471
-12,-178.75,0.32259999999999999787,0.32259999999999999787
-11,-178.75,0.58560000000000000941,0.58560000000000000941
-10,-178.75,0.14569999999999999618,0.14569999999999999618
-9,-178.75,0.028699999999999999817,0.028699999999999999817
-8,-178.75,0.0013999999999999999858,0.0013999999999999999858
-7,-178.75,0.00020000000000000000958,0.00020000000000000000958
-6,-178.75,0.00010000000000000000479,0.00010000000000000000479
-5,-178.75,0,0
-4,-178.75,0,0
-3,-178.75,0,0
-2,-178.75,0,0
-1,-178.75,0,0
0,-178.75,0,0
1,-178.75,0,0
2,-178.75,0,0
3,-178.75,0,0
4,-178.75,0.00010000000000000000479,0.00010000000000000000479
5,-178.75,0.042299999999999997324,0.042299999999999997324
6,-178.75,0.93469999999999997531,0.93469999999999997531
7,-178.75,0.045100000000000001199,0.045100000000000001199
8,-178.75,0.0028999999999999998002,0.0028999999999999998002
9,-178.75,0.0092999999999999992395,0.0092999999999999992395
10,-178.75,0.044200000000000003175,0.044200000000000003175
11,-178.75,0.21249999999999999445,0.21249999999999999445
12,-178.75,0.60580000000000000515,0.60580000000000000515
13,-178.75,0.83879999999999999005,0.83879999999999999005
14,-178.75,0.96589999999999998082,0.96589999999999998082
15,-178.75,0.9266999999999999682,0.9266999999999999682
16,-178.75,0.67969999999999997087,0.67969999999999997087
17,-178.75,0.22580000000000000071,0.22580000000000000071
18,-178.75,0.049799999999999997047,0.049799999999999997047
19,-178.75,0.025499999999999998362,0.025499999999999998362
20,-178.75,0.036200000000000003009,0.036200000000000003009
21,-178.75,0.028400000000000001632,0.028400000000000001632
22,-178.75,0.014800000000000000655,0.014800000000000000655
23,-178.75,0.0064000000000000003067,0.0064000000000000003067
24,-178.75,0.0088999999999999999251,0.0088999999999999999251
25,-178.75,0.026800000000000000905,0.026800000000000000905
26,-178.75,0.06210000000000000242,0.06210000000000000242
27,-178.75,0.036200000000000003009,0.036200000000000003009
28,-178.75,0.022300000000000000377,0.022300000000000000377
29,-178.75,0.015400000000000000494,0.015400000000000000494
30,-178.75,0.042900000000000000633,0.042900000000000000633
31,-178.75,0.20089999999999999525,0.20089999999999999525
32,-178.75,0.69530000000000002913,0.69530000000000002913
33,-178.75,0.85880000000000000782,0.85880000000000000782
34,-178.75,0.4081000000000000183,0.4081000000000000183
35,-178.75,0.45369999999999999218,0.45369999999999999218
36,-178.75,0.68469999999999997531,0.68469999999999997531
37,-178.75,0.69799999999999995381,0.69799999999999995381
38,-178.75,0.73870000000000002327,0.73870000000000002327
39,-178.75,0.91900000000000003908,0.91900000000000003908
40,-178.75,0.96499999999999996891,0.96499999999999996891
41,-178.75,0.91290000000000004476,0.91290000000000004476
42,-178.75,0.70509999999999994902,0.70509999999999994902
43,-178.75,0.55240000000000000213,0.55240000000000000213
44,-178.75,0.50549999999999994937,0.50549999999999994937
45,-178.75,0.80000000000000004441,0.80000000000000004441
46,-178.75,0.96679999999999999272,0.96679999999999999272
47,-178.75,0.8679000000000000048,0.8679000000000000048
48,-178.75,0.86140000000000005453,0.86140000000000005453
49,-178.75,0.74970000000000003304,0.74970000000000003304
50,-178.75,0.58430000000000004157,0.58430000000000004157
51,-178.75,0.57720000000000004636,0.57720000000000004636
52,-178.75,0.64570000000000005169,0.64570000000000005169
53,-178.75,0.86990000000000000657,0.86990000000000000657
54,-178.75,0.84050000000000002487,0.84050000000000002487
55,-178.75,0.86860000000000003872,0.86860000000000003872
56,-178.75,0.39069999999999999174,0.39069999999999999174
57,-178.75,0.20289999999999999702,0.20289999999999999702
58,-178.75,0.43219999999999997309,0.43219999999999997309
59,-178.75,0.4410999999999999921,0.4410999999999999921
60,-178.75,0.57850000000000001421,0.57850000000000001421
61,-178.75,0.7215000000000000302,0.7215000000000000302
62,-178.75,0.76870000000000004992,0.76870000000000004992
63,-178.75,0.42580000000000001181,0.42580000000000001181
64,-178.75,0.19650000000000000799,0.19650000000000000799
65,-178.75,0.17540000000000000036,0.17540000000000000036
66,-178.75,0.16830000000000000515,0.16830000000000000515
67,-178.75,0.92859999999999998099,0.92859999999999998099
68,-178.75,0.9900999999999999801,0.9900999999999999801
69,-178.75,0.56940000000000001723,0.56940000000000001723
70,-178.75,0.14519999999999999574,0.14519999999999999574
-69,-177.5,0.30459999999999998188,0.30459999999999998188
-68,-177.5,0.69759999999999999787,0.69759999999999999787
-67,-177.5,0.91310000000000002274,0.91310000000000002274
-66,-177.5,0.92589999999999994529,0.92589999999999994529
-65,-177.5,0.79759999999999997566,0.79759999999999997566
-64,-177.5,0.5829999999999999627,0.5829999999999999627
-63,-177.5,0.67659999999999997922,0.67659999999999997922
-62,-177.5,0.81740000000000001545,0.81740000000000001545
-61,-177.5,0.87970000000000003748,0.87970000000000003748
-60,-177.5,0.93140000000000000568,0.93140000000000000568
-59,-177.5,0.91439999999999999059,0.91439999999999999059
-58,-177.5,0.70169999999999999041,0.70169999999999999041
-57,-177.5,0.44529999999999997362,0.44529999999999997362
-56,-177.5,0.41330000000000000071,0.41330000000000000071
-55,-177.5,0.18699999999999999956,0.18699999999999999956
-54,-177.5,0.049899999999999999911,0.049899999999999999911
-53,-177.5,0.023199999999999998401,0.023199999999999998401
-52,-177.5,0.072800000000000003597,0.072800000000000003597
-51,-177.5,0.20710000000000000631,0.20710000000000000631
-50,-177.5,0.6284999999999999476,0.6284999999999999476
-49,-177.5,0.66639999999999999236,0.66639999999999999236
-48,-177.5,0.91469999999999995755,0.91469999999999995755
-47,-177.5,0.91349999999999997868,0.91349999999999997868
-46,-177.5,0.83609999999999995435,0.83609999999999995435
-45,-177.5,0.55489999999999994884,0.55489999999999994884
-44,-177.5,0.50760000000000005116,0.50760000000000005116
-43,-177.5,0.37750000000000000222,0.37750000000000000222
-42,-177.5,0.21240000000000000546,0.21240000000000000546
-41,-177.5,0.23499999999999998668,0.23499999999999998668
-40,-177.5,0.19739999999999999214,0.19739999999999999214
-39,-177.5,0.20860000000000000764,0.20860000000000000764
-38,-177.5,0.074099999999999999201,0.074099999999999999201
-37,-177.5,0.078299999999999994604,0.078299999999999994604
-36,-177.5,0.11709999999999999576,0.11709999999999999576
-35,-177.5,0.15340000000000000857,0.15340000000000000857
-34,-177.5,0.24399999999999999467,0.24399999999999999467
-33,-177.5,0.28960000000000002407,0.28960000000000002407
-32,-177.5,0.5293999999999999817,0.5293999999999999817
-31,-177.5,0.58269999999999999574,0.58269999999999999574
-30,-177.5,0.51349999999999995648,0.51349999999999995648
-29,-177.5,0.44859999999999999876,0.44859999999999999876
-28,-177.5,0.56969999999999998419,0.56969999999999998419
-27,-177.5,0.65580000000000004956,0.65580000000000004956
-26,-177.5,0.65269999999999994689,0.65269999999999994689
-25,-177.5,0.42780000000000001359,0.42780000000000001359
-24,-177.5,0.12529999999999999472,0.12529999999999999472
-23,-177.5,0.036299999999999998934,0.036299999999999998934
-22,-177.5,0.010099999999999999603,0.010099999999999999603
-21,-177.5,0.0037000000000000001638,0.0037000000000000001638
-20,-177.5,0.002500000000000000052,0.002500000000000000052
-19,-177.5,0.0016000000000000000767,0.0016000000000000000767
-18,-177.5,0.00010000000000000000479,0.00010000000000000000479
-17,-177.5,0.00040000000000000001917,0.00040000000000000001917
-16,-177.5,0.00080000000000000003834,0.00080000000000000003834
-15,-177.5,0.0047000000000000001846,0.0047000000000000001846
-14,-177.5,0.01760000000000000106,0.01760000000000000106
-13,-177.5,0.060400000000000002298,0.060400000000000002298
-12,-177.5,0.27710000000000001297,0.27710000000000001297
-11,-177.5,0.62809999999999999165,0.62809999999999999165
-10,-177.5,0.12139999999999999403,0.12139999999999999403
-9,-177.5,0.031399999999999997358,0.031399999999999997358
-8,-177.5,0.0037000000000000001638,0.0037000000000000001638
-7,-177.5,0,0
-6,-177.5,0,0
-5,-177.5,0,0
-4,-177.5,0,0
-3,-177.5,0,0
-2,-177.5,0,0
-1,-177.5,0,0
0,-177.5,0,0
1,-177.5,0,0
2,-177.5,0,0
3,-177.5,0,0
4,-177.5,0,0
5,-177.5,0.038800000000000001155,0.038800000000000001155
6,-177.5,0.93340000000000000746,0.93340000000000000746
7,-177.5,0.083199999999999996181,0.083199999999999996181
8,-177.5,0.0041999999999999997405,0.0041999999999999997405
9,-177.5,0.00449999999999999966,0.00449999999999999966
10,-177.5,0.028199999999999999373,0.028199999999999999373
11,-177.5,0.18420000000000000262,0.18420000000000000262
12,-177.5,0.53559999999999996501,0.53559999999999996501
13,-177.5,0.79869999999999996554,0.79869999999999996554
14,-177.5,0.95609999999999994991,0.95609999999999994991
15,-177.5,0.9025999999999999579,0.9025999999999999579
16,-177.5,0.64529999999999998472,0.64529999999999998472
17,-177.5,0.31409999999999999032,0.31409999999999999032
18,-177.5,0.10330000000000000293,0.10330000000000000293
19,-177.5,0.0384999999999999995,0.0384999999999999995
20,-177.5,0.036200000000000003009,0.036200000000000003009
21,-177.5,0.03250000000000000111,0.03250000000000000111
22,-177.5,0.035200000000000002121,0.035200000000000002121
23,-177.5,0.018100000000000001504,0.018100000000000001504
24,-177.5,0.0080999999999999995615,0.0080999999999999995615
25,-177.5,0.015299999999999999364,0.015299999999999999364
26,-177.5,0.044499999999999997891,0.044499999999999997891
27,-177.5,0.02380000000000000171,0.02380000000000000171
28,-177.5,0.013199999999999999928,0.013199999999999999928
29,-177.5,0.012800000000000000613,0.012800000000000000613
30,-177.5,0.024799999999999999128,0.024799999999999999128
31,-177.5,0.14249999999999998779,0.14249999999999998779
32,-177.5,0.61080000000000000959,0.61080000000000000959
33,-177.5,0.83760000000000001119,0.83760000000000001119
34,-177.5,0.4000000000000000222,0.4000000000000000222
35,-177.5,0.32690000000000002389,0.32690000000000002389
36,-177.5,0.50819999999999998508,0.50819999999999998508
37,-177.5,0.72919999999999995932,0.72919999999999995932
38,-177.5,0.74790000000000000924,0.74790000000000000924
39,-177.5,0.91549999999999998046,0.91549999999999998046
40,-177.5,0.91390000000000004565,0.91390000000000004565
41,-177.5,0.85470000000000001528,0.85470000000000001528
42,-177.5,0.92530000000000001137,0.92530000000000001137
43,-177.5,0.66059999999999996501,0.66059999999999996501
44,-177.5,0.580400000000000027,0.580400000000000027
45,-177.5,0.79149999999999998135,0.79149999999999998135
46,-177.5,0.71589999999999998082,0.71589999999999998082
47,-177.5,0.80749999999999999556,0.80749999999999999556
48,-177.5,0.75460000000000004849,0.75460000000000004849
49,-177.5,0.76190000000000002167,0.76190000000000002167
50,-177.5,0.82289999999999996483,0.82289999999999996483
51,-177.5,0.77910000000000001474,0.77910000000000001474
52,-177.5,0.77370000000000005436,0.77370000000000005436
53,-177.5,0.93600000000000005418,0.93600000000000005418
54,-177.5,0.91620000000000001439,0.91620000000000001439
55,-177.5,0.94159999999999999254,0.94159999999999999254
56,-177.5,0.49669999999999997486,0.49669999999999997486
57,-177.5,0.23899999999999999023,0.23899999999999999023
58,-177.5,0.55920000000000003038,0.55920000000000003038
59,-177.5,0.41399999999999997913,0.41399999999999997913
60,-177.5,0.66369999999999995666,0.66369999999999995666
61,-177.5,0.82709999999999994635,0.82709999999999994635
62,-177.5,0.67800000000000004707,0.67800000000000004707
63,-177.5,0.57789999999999996927,0.57789999999999996927
64,-177.5,0.29520000000000001794,0.29520000000000001794
65,-177.5,0.18019999999999999907,0.18019999999999999907
66,-177.5,0.38259999999999999565,0.38259999999999999565
67,-177.5,0.92589999999999994529,0.92589999999999994529
68,-177.5,0.98540000000000005365,0.98540000000000005365
69,-177.5,0.58979999999999999094,0.58979999999999999094
70,-177.5,0.18790000000000001146,0.18790000000000001146
-69,-176.25,0.30130000000000001226,0.30130000000000001226
-68,-176.25,0.72160000000000001918,0.72160000000000001918
-67,-176.25,0.9304000000000000048,0.9304000000000000048
-66,-176.25,0.92900000000000004796,0.92900000000000004796
-65,-176.25,0.75319999999999998064,0.75319999999999998064
-64,-176.25,0.60150000000000003464,0.60150000000000003464
-63,-176.25,0.54879999999999995453,0.54879999999999995453
-62,-176.25,0.52610000000000001208,0.52610000000000001208
-61,-176.25,0.848300000000000054,0.848300000000000054
-60,-176.25,0.95430000000000003713,0.95430000000000003713
-59,-176.25,0.88290000000000001812,0.88290000000000001812
-58,-176.25,0.71750000000000002665,0.71750000000000002665
-57,-176.25,0.54820000000000002061,0.54820000000000002061
-56,-176.25,0.46510000000000001341,0.46510000000000001341
-55,-176.25,0.16459999999999999631,0.16459999999999999631
-54,-176.25,0.033300000000000003209,0.033300000000000003209
-53,-176.25,0.057700000000000001288,0.057700000000000001288
-52,-176.25,0.10710000000000000075,0.10710000000000000075
-51,-176.25,0.2661000000000000032,0.2661000000000000032
-50,-176.25,0.73890000000000000124,0.73890000000000000124
-49,-176.25,0.65520000000000000462,0.65520000000000000462
-48,-176.25,0.98890000000000000124,0.98890000000000000124
-47,-176.25,0.97960000000000002629,0.97960000000000002629
-46,-176.25,0.91669999999999995932,0.91669999999999995932
-45,-176.25,0.63470000000000004192,0.63470000000000004192
-44,-176.25,0.53529999999999999805,0.53529999999999999805
-43,-176.25,0.51919999999999999485,0.51919999999999999485
-42,-176.25,0.38960000000000000187,0.38960000000000000187
-41,-176.25,0.24079999999999998628,0.24079999999999998628
-40,-176.25,0.19000000000000000222,0.19000000000000000222
-39,-176.25,0.15559999999999998832,0.15559999999999998832
-38,-176.25,0.051299999999999998379,0.051299999999999998379
-37,-176.25,0.053999999999999999389,0.053999999999999999389
-36,-176.25,0.077299999999999993716,0.077299999999999993716
-35,-176.25,0.19500000000000000666,0.19500000000000000666
-34,-176.25,0.11029999999999999527,0.11029999999999999527
-33,-176.25,0.18140000000000000568,0.18140000000000000568
-32,-176.25,0.44240000000000001545,0.44240000000000001545
-31,-176.25,0.52729999999999999094,0.52729999999999999094
-30,-176.25,0.42780000000000001359,0.42780000000000001359
-29,-176.25,0.55559999999999998277,0.55559999999999998277
-28,-176.25,0.70640000000000002789,0.70640000000000002789
-27,-176.25,0.45479999999999998206,0.45479999999999998206
-26,-176.25,0.3356999999999999984,0.3356999999999999984
-25,-176.25,0.11590000000000000302,0.11590000000000000302
-24,-176.25,0.025999999999999998807,0.025999999999999998807
-23,-176.25,0.013299999999999999323,0.013299999999999999323
-22,-176.25,0.003899999999999999821,0.003899999999999999821
-21,-176.25,0.0032000000000000001533,0.0032000000000000001533
-20,-176.25,0.0030000000000000000625,0.0030000000000000000625
-19,-176.25,0.0022000000000000001325,0.0022000000000000001325
-18,-176.25,0.00080000000000000003834,0.00080000000000000003834
-17,-176.25,0.0016999999999999999053,0.0016999999999999999053
-16,-176.25,0.0020999999999999998702,0.0020999999999999998702
-15,-176.25,0.0016999999999999999053,0.0016999999999999999053
-14,-176.25,0.011900000000000000855,0.011900000000000000855
-13,-176.25,0.03250000000000000111,0.03250000000000000111
-12,-176.25,0.40510000000000001563,0.40510000000000001563
-11,-176.25,0.35510000000000002673,0.35510000000000002673
-10,-176.25,0.090300000000000005262,0.090300000000000005262
-9,-176.25,0.033000000000000001554,0.033000000000000001554
-8,-176.25,0.0054000000000000002859,0.0054000000000000002859
-7,-176.25,0.00040000000000000001917,0.00040000000000000001917
-6,-176.25,0,0
-5,-176.25,0,0
-4,-176.25,0,0
-3,-176.25,0,0
-2,-176.25,0,0
-1,-176.25,0,0
0,-176.25,0,0
1,-176.25,0,0
2,-176.25,0,0
3,-176.25,0,0
4,-176.25,0,0
5,-176.25,0.026499999999999999251,0.026499999999999999251
6,-176.25,0.80410000000000003695,0.80410000000000003695
7,-176.25,0.16630000000000000338,0.16630000000000000338
8,-176.25,0.0064000000000000003067,0.0064000000000000003067
9,-176.25,0.0020999999999999998702,0.0020999999999999998702
10,-176.25,0.011499999999999999806,0.011499999999999999806
11,-176.25,0.1175999999999999962,0.1175999999999999962
12,-176.25,0.45710000000000000631,0.45710000000000000631
13,-176.25,0.68989999999999995772,0.68989999999999995772
14,-176.25,0.8901999999999999913,0.8901999999999999913
15,-176.25,0.89039999999999996927,0.89039999999999996927
16,-176.25,0.74039999999999994706,0.74039999999999994706
17,-176.25,0.41770000000000001572,0.41770000000000001572
18,-176.25,0.19229999999999999871,0.19229999999999999871
19,-176.25,0.062199999999999998346,0.062199999999999998346
20,-176.25,0.040000000000000000833,0.040000000000000000833
21,-176.25,0.049399999999999999467,0.049399999999999999467
22,-176.25,0.04469999999999999668,0.04469999999999999668
23,-176.25,0.02960000000000000131,0.02960000000000000131
24,-176.25,0.010800000000000000572,0.010800000000000000572
25,-176.25,0.012399999999999999564,0.012399999999999999564
26,-176.25,0.017700000000000000455,0.017700000000000000455
27,-176.25,0.028199999999999999373,0.028199999999999999373
28,-176.25,0.0298000000000000001,0.0298000000000000001
29,-176.25,0.032800000000000002764,0.032800000000000002764
30,-176.25,0.042700000000000001843,0.042700000000000001843
31,-176.25,0.23289999999999999591,0.23289999999999999591
32,-176.25,0.72189999999999998614,0.72189999999999998614
33,-176.25,0.74739999999999995328,0.74739999999999995328
34,-176.25,0.58050000000000001599,0.58050000000000001599
35,-176.25,0.35420000000000001483,0.35420000000000001483
36,-176.25,0.48249999999999998446,0.48249999999999998446
37,-176.25,0.74529999999999996252,0.74529999999999996252
38,-176.25,0.80569999999999997176,0.80569999999999997176
39,-176.25,0.92400000000000004352,0.92400000000000004352
40,-176.25,0.86240000000000005542,0.86240000000000005542
41,-176.25,0.86229999999999995541,0.86229999999999995541
42,-176.25,0.91900000000000003908,0.91900000000000003908
43,-176.25,0.6822000000000000286,0.6822000000000000286
44,-176.25,0.6831000000000000405,0.6831000000000000405
45,-176.25,0.82089999999999996305,0.82089999999999996305
46,-176.25,0.59660000000000001918,0.59660000000000001918
47,-176.25,0.94220000000000003748,0.94220000000000003748
48,-176.25,0.7338999999999999968,0.7338999999999999968
49,-176.25,0.80130000000000001226,0.80130000000000001226
50,-176.25,0.94169999999999998153,0.94169999999999998153
51,-176.25,0.87560000000000004494,0.87560000000000004494
52,-176.25,0.73360000000000002984,0.73360000000000002984
53,-176.25,0.79700000000000004174,0.79700000000000004174
54,-176.25,0.93189999999999995062,0.93189999999999995062
55,-176.25,0.97509999999999996678,0.97509999999999996678
56,-176.25,0.5346999999999999531,0.5346999999999999531
57,-176.25,0.34949999999999997735,0.34949999999999997735
58,-176.25,0.6098000000000000087,0.6098000000000000087
59,-176.25,0.58320000000000005169,0.58320000000000005169
60,-176.25,0.71860000000000001652,0.71860000000000001652
61,-176.25,0.79439999999999999503,0.79439999999999999503
62,-176.25,0.69769999999999998685,0.69769999999999998685
63,-176.25,0.83789999999999997815,0.83789999999999997815
64,-176.25,0.48849999999999998979,0.48849999999999998979
65,-176.25,0.3508999999999999897,0.3508999999999999897
66,-176.25,0.98890000000000000124,0.98890000000000000124
67,-176.25,0.8106999999999999762,0.8106999999999999762
68,-176.25,0.98399999999999998579,0.98399999999999998579
69,-176.25,0.55600000000000004974,0.55600000000000004974
70,-176.25,0.22739999999999999103,0.22739999999999999103
-69,-175,0.27839999999999998082,0.27839999999999998082
-68,-175,0.72570000000000001172,0.72570000000000001172
-67,-175,0.94179999999999997051,0.94179999999999997051
-66,-175,0.95240000000000002434,0.95240000000000002434
-65,-175,0.73250000000000003997,0.73250000000000003997
-64,-175,0.50160000000000004583,0.50160000000000004583
-63,-175,0.45839999999999997415,0.45839999999999997415
-62,-175,0.39460000000000000631,0.39460000000000000631
-61,-175,0.84709999999999996412,0.84709999999999996412
-60,-175,0.96350000000000002309,0.96350000000000002309
-59,-175,0.91149999999999997691,0.91149999999999997691
-58,-175,0.80589999999999994973,0.80589999999999994973
-57,-175,0.68689999999999995506,0.68689999999999995506
-56,-175,0.4107000000000000095,0.4107000000000000095
-55,-175,0.15429999999999999272,0.15429999999999999272
-54,-175,0.096799999999999997158,0.096799999999999997158
-53,-175,0.11940000000000000613,0.11940000000000000613
-52,-175,0.17940000000000000391,0.17940000000000000391
-51,-175,0.65380000000000004778,0.65380000000000004778
-50,-175,0.74360000000000003872,0.74360000000000003872
-49,-175,0.96099999999999996536,0.96099999999999996536
-48,-175,0.93520000000000003126,0.93520000000000003126
-47,-175,0.98909999999999997922,0.98909999999999997922
-46,-175,0.97189999999999998614,0.97189999999999998614
-45,-175,0.93879999999999996785,0.93879999999999996785
-44,-175,0.7617000000000000437,0.7617000000000000437
-43,-175,0.79359999999999997211,0.79359999999999997211
-42,-175,0.39560000000000000719,0.39560000000000000719
-41,-175,0.10960000000000000298,0.10960000000000000298
-40,-175,0.11769999999999999907,0.11769999999999999907
-39,-175,0.073599999999999998757,0.073599999999999998757
-38,-175,0.046100000000000002087,0.046100000000000002087
-37,-175,0.054199999999999998179,0.054199999999999998179
-36,-175,0.079899999999999998801,0.079899999999999998801
-35,-175,0.11640000000000000346,0.11640000000000000346
-34,-175,0.099599999999999994094,0.099599999999999994094
-33,-175,0.15750000000000000111,0.15750000000000000111
-32,-175,0.23589999999999999858,0.23589999999999999858
-31,-175,0.26219999999999998863,0.26219999999999998863
-30,-175,0.2142999999999999905,0.2142999999999999905
-29,-175,0.30899999999999999689,0.30899999999999999689
-28,-175,0.37730000000000002425,0.37730000000000002425
-27,-175,0.20200000000000001288,0.20200000000000001288
-26,-175,0.12130000000000000504,0.12130000000000000504
-25,-175,0.052699999999999996847,0.052699999999999996847
-24,-175,0.010899999999999999967,0.010899999999999999967
-23,-175,0.0074999999999999997224,0.0074999999999999997224
-22,-175,0.0012999999999999999403,0.0012999999999999999403
-21,-175,0.00069999999999999999289,0.00069999999999999999289
-20,-175,0.0012999999999999999403,0.0012999999999999999403
-19,-175,0.00059999999999999994744,0.00059999999999999994744
-18,-175,0.00089999999999999997537,0.00089999999999999997537
-17,-175,0.0011000000000000000663,0.0011000000000000000663
-16,-175,0.0023999999999999997898,0.0023999999999999997898
-15,-175,0.0037999999999999999924,0.0037999999999999999924
-14,-175,0.0074000000000000003275,0.0074000000000000003275
-13,-175,0.049299999999999996603,0.049299999999999996603
-12,-175,0.44700000000000000844,0.44700000000000000844
-11,-175,0.26229999999999997762,0.26229999999999997762
-10,-175,0.093299999999999994049,0.093299999999999994049
-9,-175,0.030700000000000001593,0.030700000000000001593
-8,-175,0.0047000000000000001846,0.0047000000000000001846
-7,-175,0.00020000000000000000958,0.00020000000000000000958
-6,-175,0,0
-5,-175,0,0
-4,-175,0,0
-3,-175,0,0
-2,-175,0,0
-1,-175,0,0
0,-175,0,0
1,-175,0,0
2,-175,0,0
3,-175,0,0
4,-175,0.00010000000000000000479,0.00010000000000000000479
5,-175,0.023500000000000000056,0.023500000000000000056
6,-175,0.61780000000000001581,0.61780000000000001581
7,-175,0.24479999999999998983,0.24479999999999998983
8,-175,0.0057999999999999996003,0.0057999999999999996003
9,-175,0.0023999999999999997898,0.0023999999999999997898
10,-175,0.0080999999999999995615,0.0080999999999999995615
11,-175,0.082299999999999998157,0.082299999999999998157
12,-175,0.40689999999999998392,0.40689999999999998392
13,-175,0.5909999999999999698,0.5909999999999999698
14,-175,0.80120000000000002327,0.80120000000000002327
15,-175,0.89949999999999996625,0.89949999999999996625
16,-175,0.84240000000000003766,0.84240000000000003766
17,-175,0.57899999999999995914,0.57899999999999995914
18,-175,0.24369999999999999996,0.24369999999999999996
19,-175,0.10380000000000000338,0.10380000000000000338
20,-175,0.053199999999999997291,0.053199999999999997291
21,-175,0.033399999999999999134,0.033399999999999999134
22,-175,0.039500000000000000389,0.039500000000000000389
23,-175,0.035700000000000002565,0.035700000000000002565
24,-175,0.021600000000000001144,0.021600000000000001144
25,-175,0.017500000000000001665,0.017500000000000001665
26,-175,0.02380000000000000171,0.02380000000000000171
27,-175,0.020099999999999999811,0.020099999999999999811
28,-175,0.034700000000000001676,0.034700000000000001676
29,-175,0.048000000000000000999,0.048000000000000000999
30,-175,0.064699999999999993627,0.064699999999999993627
31,-175,0.23269999999999999019,0.23269999999999999019
32,-175,0.7391999999999999682,0.7391999999999999682
33,-175,0.67039999999999999591,0.67039999999999999591
34,-175,0.51890000000000002789,0.51890000000000002789
35,-175,0.39410000000000000586,0.39410000000000000586
36,-175,0.4017999999999999905,0.4017999999999999905
37,-175,0.58630000000000004334,0.58630000000000004334
38,-175,0.65869999999999995222,0.65869999999999995222
39,-175,0.90559999999999996056,0.90559999999999996056
40,-175,0.81010000000000004228,0.81010000000000004228
41,-175,0.84499999999999997335,0.84499999999999997335
42,-175,0.70350000000000001421,0.70350000000000001421
43,-175,0.63239999999999996216,0.63239999999999996216
44,-175,0.64419999999999999485,0.64419999999999999485
45,-175,0.82960000000000000409,0.82960000000000000409
46,-175,0.72699999999999997957,0.72699999999999997957
47,-175,0.84470000000000000639,0.84470000000000000639
48,-175,0.73880000000000001226,0.73880000000000001226
49,-175,0.79879999999999995453,0.79879999999999995453
50,-175,0.91190000000000004388,0.91190000000000004388
51,-175,0.80920000000000003038,0.80920000000000003038
52,-175,0.5866000000000000103,0.5866000000000000103
53,-175,0.76070000000000004281,0.76070000000000004281
54,-175,0.9409999999999999476,0.9409999999999999476
55,-175,0.97619999999999995666,0.97619999999999995666
56,-175,0.68510000000000004228,0.68510000000000004228
57,-175,0.49940000000000001057,0.49940000000000001057
58,-175,0.71299999999999996714,0.71299999999999996714
59,-175,0.72189999999999998614,0.72189999999999998614
60,-175,0.86339999999999994529,0.86339999999999994529
61,-175,0.82779999999999998028,0.82779999999999998028
62,-175,0.88729999999999997762,0.88729999999999997762
63,-175,0.95279999999999998028,0.95279999999999998028
64,-175,0.44950000000000001066,0.44950000000000001066
65,-175,0.66749999999999998224,0.66749999999999998224
66,-175,0.9588999999999999746,0.9588999999999999746
67,-175,0.93159999999999998366,0.93159999999999998366
68,-175,0.97250000000000003109,0.97250000000000003109
69,-175,0.51419999999999999041,0.51419999999999999041
70,-175,0.27179999999999998606,0.27179999999999998606
-69,-173.75,0.2599000000000000199,0.2599000000000000199
-68,-173.75,0.70930000000000004157,0.70930000000000004157
-67,-173.75,0.92720000000000002416,0.92720000000000002416
-66,-173.75,0.97880000000000000338,0.97880000000000000338
-65,-173.75,0.74950000000000005507,0.74950000000000005507
-64,-173.75,0.42890000000000000346,0.42890000000000000346
-63,-173.75,0.50290000000000001368,0.50290000000000001368
-62,-173.75,0.48409999999999997478,0.48409999999999997478
-61,-173.75,0.90929999999999999716,0.90929999999999999716
-60,-173.75,0.9492000000000000437,0.9492000000000000437
-59,-173.75,0.77459999999999995524,0.77459999999999995524
-58,-173.75,0.71189999999999997726,0.71189999999999997726
-57,-173.75,0.8811999999999999833,0.8811999999999999833
-56,-173.75,0.43140000000000000568,0.43140000000000000568
-55,-173.75,0.20130000000000000671,0.20130000000000000671
-54,-173.75,0.24940000000000001057,0.24940000000000001057
-53,-173.75,0.21499999999999999667,0.21499999999999999667
-52,-173.75,0.3911000000000000032,0.3911000000000000032
-51,-173.75,0.96919999999999995044,0.96919999999999995044
-50,-173.75,0.86299999999999998934,0.86299999999999998934
-49,-173.75,0.97740000000000004654,0.97740000000000004654
-48,-173.75,0.98560000000000003162,0.98560000000000003162
-47,-173.75,0.97799999999999998046,0.97799999999999998046
-46,-173.75,0.99890000000000001013,0.99890000000000001013
-45,-173.75,0.95209999999999994635,0.95209999999999994635
-44,-173.75,0.8286000000000000032,0.8286000000000000032
-43,-173.75,0.66990000000000005098,0.66990000000000005098
-42,-173.75,0.11849999999999999423,0.11849999999999999423
-41,-173.75,0.10399999999999999523,0.10399999999999999523
-40,-173.75,0.087800000000000003042,0.087800000000000003042
-39,-173.75,0.064600000000000004641,0.064600000000000004641
-38,-173.75,0.034200000000000001232,0.034200000000000001232
-37,-173.75,0.025600000000000001227,0.025600000000000001227
-36,-173.75,0.089800000000000004818,0.089800000000000004818
-35,-173.75,0.073099999999999998312,0.073099999999999998312
-34,-173.75,0.13889999999999999569,0.13889999999999999569
-33,-173.75,0.19089999999999998637,0.19089999999999998637
-32,-173.75,0.10489999999999999325,0.10489999999999999325
-31,-173.75,0.079799999999999995937,0.079799999999999995937
-30,-173.75,0.07779999999999999416,0.07779999999999999416
-29,-173.75,0.079600000000000004086,0.079600000000000004086
-28,-173.75,0.11740000000000000435,0.11740000000000000435
-27,-173.75,0.052299999999999999267,0.052299999999999999267
-26,-173.75,0.035299999999999998046,0.035299999999999998046
-25,-173.75,0.017200000000000000011,0.017200000000000000011
-24,-173.75,0.0047000000000000001846,0.0047000000000000001846
-23,-173.75,0.0022999999999999999611,0.0022999999999999999611
-22,-173.75,0.00059999999999999994744,0.00059999999999999994744
-21,-173.75,0.0010000000000000000208,0.0010000000000000000208
-20,-173.75,0.0012999999999999999403,0.0012999999999999999403
-19,-173.75,0.00050000000000000001041,0.00050000000000000001041
-18,-173.75,0.00059999999999999994744,0.00059999999999999994744
-17,-173.75,0.00069999999999999999289,0.00069999999999999999289
-16,-173.75,0.00029999999999999997372,0.00029999999999999997372
-15,-173.75,0.0010000000000000000208,0.0010000000000000000208
-14,-173.75,0.021999999999999998723,0.021999999999999998723
-13,-173.75,0.076600000000000001421,0.076600000000000001421
-12,-173.75,0.48189999999999999503,0.48189999999999999503
-11,-173.75,0.21399999999999999578,0.21399999999999999578
-10,-173.75,0.045400000000000002853,0.045400000000000002853
-9,-173.75,0.016400000000000001382,0.016400000000000001382
-8,-173.75,0.0025999999999999998807,0.0025999999999999998807
-7,-173.75,0,0
-6,-173.75,0,0
-5,-173.75,0,0
-4,-173.75,0,0
-3,-173.75,0,0
-2,-173.75,0,0
-1,-173.75,0,0
0,-173.75,0,0
1,-173.75,0,0
2,-173.75,0,0
3,-173.75,0,0
4,-173.75,0,0
5,-173.75,0.012399999999999999564,0.012399999999999999564
6,-173.75,0.47760000000000002451,0.47760000000000002451
7,-173.75,0.3366000000000000103,0.3366000000000000103
8,-173.75,0.014000000000000000291,0.014000000000000000291
9,-173.75,0.0015000000000000000312,0.0015000000000000000312
10,-173.75,0.0086999999999999994005,0.0086999999999999994005
11,-173.75,0.069800000000000000933,0.069800000000000000933
12,-173.75,0.28970000000000001306,0.28970000000000001306
13,-173.75,0.46729999999999999316,0.46729999999999999316
14,-173.75,0.71379999999999999005,0.71379999999999999005
15,-173.75,0.87949999999999994849,0.87949999999999994849
16,-173.75,0.85860000000000002984,0.85860000000000002984
17,-173.75,0.65029999999999998916,0.65029999999999998916
18,-173.75,0.24110000000000000875,0.24110000000000000875
19,-173.75,0.098799999999999998934,0.098799999999999998934
20,-173.75,0.063399999999999998024,0.063399999999999998024
21,-173.75,0.052499999999999998057,0.052499999999999998057
22,-173.75,0.051499999999999997169,0.051499999999999997169
23,-173.75,0.036100000000000000144,0.036100000000000000144
24,-173.75,0.034500000000000002887,0.034500000000000002887
25,-173.75,0.025700000000000000622,0.025700000000000000622
26,-173.75,0.027599999999999999534,0.027599999999999999534
27,-173.75,0.022499999999999999167,0.022499999999999999167
28,-173.75,0.034599999999999998812,0.034599999999999998812
29,-173.75,0.070400000000000004241,0.070400000000000004241
30,-173.75,0.073999999999999996336,0.073999999999999996336
31,-173.75,0.14540000000000000147,0.14540000000000000147
32,-173.75,0.57940000000000002611,0.57940000000000002611
33,-173.75,0.66630000000000000338,0.66630000000000000338
34,-173.75,0.46860000000000001652,0.46860000000000001652
35,-173.75,0.39589999999999997415,0.39589999999999997415
36,-173.75,0.35160000000000002363,0.35160000000000002363
37,-173.75,0.33310000000000000719,0.33310000000000000719
38,-173.75,0.47880000000000000338,0.47880000000000000338
39,-173.75,0.70060000000000000053,0.70060000000000000053
40,-173.75,0.86429999999999995719,0.86429999999999995719
41,-173.75,0.83779999999999998916,0.83779999999999998916
42,-173.75,0.86550000000000004707,0.86550000000000004707
43,-173.75,0.9152000000000000135,0.9152000000000000135
44,-173.75,0.69069999999999998064,0.69069999999999998064
45,-173.75,0.70599999999999996092,0.70599999999999996092
46,-173.75,0.73650000000000004352,0.73650000000000004352
47,-173.75,0.64280000000000003801,0.64280000000000003801
48,-173.75,0.54579999999999995186,0.54579999999999995186
49,-173.75,0.80649999999999999467,0.80649999999999999467
50,-173.75,0.92320000000000002061,0.92320000000000002061
51,-173.75,0.89280000000000003801,0.89280000000000003801
52,-173.75,0.74699999999999999734,0.74699999999999999734
53,-173.75,0.84630000000000005222,0.84630000000000005222
54,-173.75,0.86939999999999995062,0.86939999999999995062
55,-173.75,0.97999999999999998224,0.97999999999999998224
56,-173.75,0.95569999999999999396,0.95569999999999999396
57,-173.75,0.82369999999999998774,0.82369999999999998774
58,-173.75,0.8650999999999999801,0.8650999999999999801
59,-173.75,0.76829999999999998295,0.76829999999999998295
60,-173.75,0.91849999999999998312,0.91849999999999998312
61,-173.75,0.88470000000000004192,0.88470000000000004192
62,-173.75,0.91110000000000002096,0.91110000000000002096
63,-173.75,0.89610000000000000764,0.89610000000000000764
64,-173.75,0.53029999999999999361,0.53029999999999999361
65,-173.75,0.98719999999999996643,0.98719999999999996643
66,-173.75,0.9965000000000000524,0.9965000000000000524
67,-173.75,0.97629999999999994564,0.97629999999999994564
68,-173.75,0.97850000000000003642,0.97850000000000003642
69,-173.75,0.65359999999999995879,0.65359999999999995879
70,-173.75,0.32350000000000000977,0.32350000000000000977
-69,-172.5,0.22179999999999999716,0.22179999999999999716
-68,-172.5,0.69950000000000001066,0.69950000000000001066
-67,-172.5,0.90520000000000000462,0.90520000000000000462
-66,-172.5,0.95020000000000004459,0.95020000000000004459
-65,-172.5,0.73189999999999999503,0.73189999999999999503
-64,-172.5,0.3981999999999999984,0.3981999999999999984
-63,-172.5,0.56049999999999999822,0.56049999999999999822
-62,-172.5,0.62690000000000001279,0.62690000000000001279
-61,-172.5,0.9724000000000000421,0.9724000000000000421
-60,-172.5,0.9402000000000000357,0.9402000000000000357
-59,-172.5,0.65159999999999995701,0.65159999999999995701
-58,-172.5,0.76310000000000000053,0.76310000000000000053
-57,-172.5,0.89749999999999996447,0.89749999999999996447
-56,-172.5,0.69330000000000002736,0.69330000000000002736
-55,-172.5,0.21729999999999999316,0.21729999999999999316
-54,-172.5,0.46879999999999999449,0.46879999999999999449
-53,-172.5,0.48959999999999997966,0.48959999999999997966
-52,-172.5,0.7376000000000000334,0.7376000000000000334
-51,-172.5,0.80369999999999996998,0.80369999999999996998
-50,-172.5,0.88890000000000002345,0.88890000000000002345
-49,-172.5,0.90339999999999998082,0.90339999999999998082
-48,-172.5,0.98429999999999995275,0.98429999999999995275
-47,-172.5,0.98019999999999996021,0.98019999999999996021
-46,-172.5,0.9990999999999999881,0.9990999999999999881
-45,-172.5,0.80889999999999995239,0.80889999999999995239
-44,-172.5,0.44550000000000000711,0.44550000000000000711
-43,-172.5,0.37840000000000001412,0.37840000000000001412
-42,-172.5,0.078600000000000003197,0.078600000000000003197
-41,-172.5,0.10520000000000000184,0.10520000000000000184
-40,-172.5,0.1365999999999999992,0.1365999999999999992
-39,-172.5,0.10440000000000000668,0.10440000000000000668
-38,-172.5,0.016600000000000000172,0.016600000000000000172
-37,-172.5,0.0088999999999999999251,0.0088999999999999999251
-36,-172.5,0.070400000000000004241,0.070400000000000004241
-35,-172.5,0.040000000000000000833,0.040000000000000000833
-34,-172.5,0.17439999999999999947,0.17439999999999999947
-33,-172.5,0.1469000000000000028,0.1469000000000000028
-32,-172.5,0.055000000000000000278,0.055000000000000000278
-31,-172.5,0.029299999999999999656,0.029299999999999999656
-30,-172.5,0.016199999999999999123,0.016199999999999999123
-29,-172.5,0.045400000000000002853,0.045400000000000002853
-28,-172.5,0.053499999999999998945,0.053499999999999998945
-27,-172.5,0.04469999999999999668,0.04469999999999999668
-26,-172.5,0.02709999999999999909,0.02709999999999999909
-25,-172.5,0.007700000000000000247,0.007700000000000000247
-24,-172.5,0.0030999999999999998911,0.0030999999999999998911
-23,-172.5,0.0027999999999999999716,0.0027999999999999999716
-22,-172.5,0.0033999999999999998106,0.0033999999999999998106
-21,-172.5,0.002500000000000000052,0.002500000000000000052
-20,-172.5,0.00080000000000000003834,0.00080000000000000003834
-19,-172.5,0.00069999999999999999289,0.00069999999999999999289
-18,-172.5,0.0010000000000000000208,0.0010000000000000000208
-17,-172.5,0.00050000000000000001041,0.00050000000000000001041
-16,-172.5,0.00020000000000000000958,0.00020000000000000000958
-15,-172.5,0.0011999999999999998949,0.0011999999999999998949
-14,-172.5,0.098599999999999993205,0.098599999999999993205
-13,-172.5,0.11949999999999999512,0.11949999999999999512
-12,-172.5,0.43599999999999999867,0.43599999999999999867
-11,-172.5,0.10720000000000000362,0.10720000000000000362
-10,-172.5,0.012200000000000000774,0.012200000000000000774
-9,-172.5,0.0063000000000000000444,0.0063000000000000000444
-8,-172.5,0.0015000000000000000312,0.0015000000000000000312
-7,-172.5,0.00020000000000000000958,0.00020000000000000000958
-6,-172.5,0,0
-5,-172.5,0,0
-4,-172.5,0,0
-3,-172.5,0,0
-2,-172.5,0,0
-1,-172.5,0,0
0,-172.5,0,0
1,-172.5,0,0
2,-172.5,0,0
3,-172.5,0,0
4,-172.5,0,0
5,-172.5,0.0043000000000000000028,0.0043000000000000000028
6,-172.5,0.44690000000000001945,0.44690000000000001945
7,-172.5,0.37469999999999997753,0.37469999999999997753
8,-172.5,0.02050000000000000086,0.02050000000000000086
9,-172.5,0.00069999999999999999289,0.00069999999999999999289
10,-172.5,0.0070000000000000001457,0.0070000000000000001457
11,-172.5,0.058500000000000003386,0.058500000000000003386
12,-172.5,0.2152000000000000024,0.2152000000000000024
13,-172.5,0.455400000000000027,0.455400000000000027
14,-172.5,0.66300000000000003375,0.66300000000000003375
15,-172.5,0.80030000000000001137,0.80030000000000001137
16,-172.5,0.80640000000000000568,0.80640000000000000568
17,-172.5,0.68669999999999997708,0.68669999999999997708
18,-172.5,0.39979999999999998872,0.39979999999999998872
19,-172.5,0.098199999999999995626,0.098199999999999995626
20,-172.5,0.075800000000000006262,0.075800000000000006262
21,-172.5,0.10870000000000000495,0.10870000000000000495
22,-172.5,0.096500000000000002442,0.096500000000000002442
23,-172.5,0.053100000000000001366,0.053100000000000001366
24,-172.5,0.031300000000000001432,0.031300000000000001432
25,-172.5,0.0355999999999999997,0.0355999999999999997
26,-172.5,0.032199999999999999456,0.032199999999999999456
27,-172.5,0.030200000000000001149,0.030200000000000001149
28,-172.5,0.037999999999999999056,0.037999999999999999056
29,-172.5,0.10609999999999999987,0.10609999999999999987
30,-172.5,0.16289999999999998925,0.16289999999999998925
31,-172.5,0.16659999999999999809,0.16659999999999999809
32,-172.5,0.33410000000000000808,0.33410000000000000808
33,-172.5,0.70320000000000004725,0.70320000000000004725
34,-172.5,0.50780000000000002913,0.50780000000000002913
35,-172.5,0.45779999999999998472,0.45779999999999998472
36,-172.5,0.29070000000000001394,0.29070000000000001394
37,-172.5,0.36440000000000000169,0.36440000000000000169
38,-172.5,0.48370000000000001883,0.48370000000000001883
39,-172.5,0.54669999999999996376,0.54669999999999996376
40,-172.5,0.82920000000000004814,0.82920000000000004814
41,-172.5,0.79190000000000004832,0.79190000000000004832
42,-172.5,0.95560000000000000497,0.95560000000000000497
43,-172.5,0.94559999999999999609,0.94559999999999999609
44,-172.5,0.63460000000000005294,0.63460000000000005294
45,-172.5,0.64949999999999996625,0.64949999999999996625
46,-172.5,0.64229999999999998206,0.64229999999999998206
47,-172.5,0.61760000000000003784,0.61760000000000003784
48,-172.5,0.80320000000000002505,0.80320000000000002505
49,-172.5,0.97260000000000002007,0.97260000000000002007
50,-172.5,0.94079999999999996962,0.94079999999999996962
51,-172.5,0.91769999999999996021,0.91769999999999996021
52,-172.5,0.87390000000000001013,0.87390000000000001013
53,-172.5,0.80000000000000004441,0.80000000000000004441
54,-172.5,0.87290000000000000924,0.87290000000000000924
55,-172.5,0.93859999999999998987,0.93859999999999998987
56,-172.5,0.83240000000000002878,0.83240000000000002878
57,-172.5,0.75470000000000003748,0.75470000000000003748
58,-172.5,0.99599999999999999645,0.99599999999999999645
59,-172.5,0.91279999999999994476,0.91279999999999994476
60,-172.5,0.93240000000000000657,0.93240000000000000657
61,-172.5,0.93940000000000001279,0.93940000000000001279
62,-172.5,0.8106999999999999762,0.8106999999999999762
63,-172.5,0.70950000000000001954,0.70950000000000001954
64,-172.5,0.80800000000000005151,0.80800000000000005151
65,-172.5,0.87399999999999999911,0.87399999999999999911
66,-172.5,0.98350000000000004086,0.98350000000000004086
67,-172.5,0.94179999999999997051,0.94179999999999997051
68,-172.5,0.98680000000000001048,0.98680000000000001048
69,-172.5,0.73189999999999999503,0.73189999999999999503
70,-172.5,0.32059999999999999609,0.32059999999999999609
-69,-171.25,0.18019999999999999907,0.18019999999999999907
-68,-171.25,0.68679999999999996607,0.68679999999999996607
-67,-171.25,0.89319999999999999396,0.89319999999999999396
-66,-171.25,0.92479999999999995541,0.92479999999999995541
-65,-171.25,0.69589999999999996305,0.69589999999999996305
-64,-171.25,0.37890000000000001457,0.37890000000000001457
-63,-171.25,0.57799999999999995826,0.57799999999999995826
-62,-171.25,0.83699999999999996625,0.83699999999999996625
-61,-171.25,0.99199999999999999289,0.99199999999999999289
-60,-171.25,0.95230000000000003535,0.95230000000000003535
-59,-171.25,0.7302999999999999492,0.7302999999999999492
-58,-171.25,0.86660000000000003695,0.86660000000000003695
-57,-171.25,0.81240000000000001101,0.81240000000000001101
-56,-171.25,0.82940000000000002611,0.82940000000000002611
-55,-171.25,0.44419999999999998375,0.44419999999999998375
-54,-171.25,0.76100000000000000977,0.76100000000000000977
-53,-171.25,0.80230000000000001315,0.80230000000000001315
-52,-171.25,0.74570000000000002949,0.74570000000000002949
-51,-171.25,0.66369999999999995666,0.66369999999999995666
-50,-171.25,0.91110000000000002096,0.91110000000000002096
-49,-171.25,0.69179999999999997051,0.69179999999999997051
-48,-171.25,0.81220000000000003304,0.81220000000000003304
-47,-171.25,0.99919999999999997708,0.99919999999999997708
-46,-171.25,0.99870000000000003215,0.99870000000000003215
-45,-171.25,0.78569999999999995399,0.78569999999999995399
-44,-171.25,0.66359999999999996767,0.66359999999999996767
-43,-171.25,0.44169999999999998153,0.44169999999999998153
-42,-171.25,0.30919999999999997486,0.30919999999999997486
-41,-171.25,0.18249999999999999556,0.18249999999999999556
-40,-171.25,0.15559999999999998832,0.15559999999999998832
-39,-171.25,0.10459999999999999853,0.10459999999999999853
-38,-171.25,0.030300000000000000544,0.030300000000000000544
-37,-171.25,0.020799999999999999045,0.020799999999999999045
-36,-171.25,0.048399999999999998579,0.048399999999999998579
-35,-171.25,0.038600000000000002365,0.038600000000000002365
-34,-171.25,0.15260000000000001341,0.15260000000000001341
-33,-171.25,0.1134000000000000008,0.1134000000000000008
-32,-171.25,0.052600000000000000921,0.052600000000000000921
-31,-171.25,0.015800000000000001543,0.015800000000000001543
-30,-171.25,0.019300000000000001182,0.019300000000000001182
-29,-171.25,0.024099999999999999895,0.024099999999999999895
-28,-171.25,0.022499999999999999167,0.022499999999999999167
-27,-171.25,0.025700000000000000622,0.025700000000000000622
-26,-171.25,0.0082000000000000006911,0.0082000000000000006911
-25,-171.25,0.0035999999999999999015,0.0035999999999999999015
-24,-171.25,0.0018999999999999999962,0.0018999999999999999962
-23,-171.25,0.0016999999999999999053,0.0016999999999999999053
-22,-171.25,0.0027999999999999999716,0.0027999999999999999716
-21,-171.25,0.0023999999999999997898,0.0023999999999999997898
-20,-171.25,0.00080000000000000003834,0.00080000000000000003834
-19,-171.25,0.00069999999999999999289,0.00069999999999999999289
-18,-171.25,0.0011000000000000000663,0.0011000000000000000663
-17,-171.25,0.00080000000000000003834,0.00080000000000000003834
-16,-171.25,0,0
-15,-171.25,0.0022999999999999999611,0.0022999999999999999611
-14,-171.25,0.038100000000000001921,0.038100000000000001921
-13,-171.25,0.20050000000000001155,0.20050000000000001155
-12,-171.25,0.21029999999999998694,0.21029999999999998694
-11,-171.25,0.05630000000000000282,0.05630000000000000282
-10,-171.25,0.0073000000000000000652,0.0073000000000000000652
-9,-171.25,0.0017999999999999999507,0.0017999999999999999507
-8,-171.25,0.00020000000000000000958,0.00020000000000000000958
-7,-171.25,0.00010000000000000000479,0.00010000000000000000479
-6,-171.25,0,0
-5,-171.25,0,0
-4,-171.25,0,0
-3,-171.25,0,0
-2,-171.25,0,0
-1,-171.25,0,0
0,-171.25,0,0
1,-171.25,0,0
2,-171.25,0,0
3,-171.25,0,0
4,-171.25,0,0
5,-171.25,0.0043000000000000000028,0.0043000000000000000028
6,-171.25,0.48689999999999999947,0.48689999999999999947
7,-171.25,0.39229999999999998206,0.39229999999999998206
8,-171.25,0.013799999999999999767,0.013799999999999999767
9,-171.25,0.0016000000000000000767,0.0016000000000000000767
10,-171.25,0.0035999999999999999015,0.0035999999999999999015
11,-171.25,0.040399999999999998412,0.040399999999999998412
12,-171.25,0.17110000000000000209,0.17110000000000000209
13,-171.25,0.42170000000000001927,0.42170000000000001927
14,-171.25,0.6723000000000000087,0.6723000000000000087
15,-171.25,0.78939999999999999059,0.78939999999999999059
16,-171.25,0.81459999999999999076,0.81459999999999999076
17,-171.25,0.6447000000000000508,0.6447000000000000508
18,-171.25,0.41029999999999999805,0.41029999999999999805
19,-171.25,0.10240000000000000491,0.10240000000000000491
20,-171.25,0.093100000000000002198,0.093100000000000002198
21,-171.25,0.11409999999999999309,0.11409999999999999309
22,-171.25,0.087400000000000005462,0.087400000000000005462
23,-171.25,0.055500000000000000722,0.055500000000000000722
24,-171.25,0.02359999999999999945,0.02359999999999999945
25,-171.25,0.035700000000000002565,0.035700000000000002565
26,-171.25,0.049899999999999999911,0.049899999999999999911
27,-171.25,0.037199999999999996958,0.037199999999999996958
28,-171.25,0.036400000000000001799,0.036400000000000001799
29,-171.25,0.13730000000000000537,0.13730000000000000537
30,-171.25,0.25050000000000000044,0.25050000000000000044
31,-171.25,0.23039999999999999369,0.23039999999999999369
32,-171.25,0.2741000000000000103,0.2741000000000000103
33,-171.25,0.6045000000000000373,0.6045000000000000373
34,-171.25,0.37130000000000001892,0.37130000000000001892
35,-171.25,0.42299999999999998712,0.42299999999999998712
36,-171.25,0.21790000000000001035,0.21790000000000001035
37,-171.25,0.30409999999999998144,0.30409999999999998144
38,-171.25,0.40089999999999997859,0.40089999999999997859
39,-171.25,0.37800000000000000266,0.37800000000000000266
40,-171.25,0.51019999999999998685,0.51019999999999998685
41,-171.25,0.62460000000000004405,0.62460000000000004405
42,-171.25,0.85840000000000005187,0.85840000000000005187
43,-171.25,0.89029999999999998028,0.89029999999999998028
44,-171.25,0.61950000000000005063,0.61950000000000005063
45,-171.25,0.71030000000000004245,0.71030000000000004245
46,-171.25,0.56910000000000005027,0.56910000000000005027
47,-171.25,0.67369999999999996554,0.67369999999999996554
48,-171.25,0.91349999999999997868,0.91349999999999997868
49,-171.25,0.90320000000000000284,0.90320000000000000284
50,-171.25,0.74829999999999996518,0.74829999999999996518
51,-171.25,0.9096999999999999531,0.9096999999999999531
52,-171.25,0.7215000000000000302,0.7215000000000000302
53,-171.25,0.57820000000000004725,0.57820000000000004725
54,-171.25,0.82750000000000001332,0.82750000000000001332
55,-171.25,0.87290000000000000924,0.87290000000000000924
56,-171.25,0.66490000000000004654,0.66490000000000004654
57,-171.25,0.6884000000000000119,0.6884000000000000119
58,-171.25,0.9659999999999999698,0.9659999999999999698
59,-171.25,0.97809999999999996945,0.97809999999999996945
60,-171.25,0.94610000000000005205,0.94610000000000005205
61,-171.25,0.96270000000000000018,0.96270000000000000018
62,-171.25,0.89859999999999995435,0.89859999999999995435
63,-171.25,0.69079999999999996962,0.69079999999999996962
64,-171.25,0.85999999999999998668,0.85999999999999998668
65,-171.25,0.76649999999999995914,0.76649999999999995914
66,-171.25,0.92269999999999996465,0.92269999999999996465
67,-171.25,0.95299999999999995826,0.95299999999999995826
68,-171.25,0.97929999999999994831,0.97929999999999994831
69,-171.25,0.7465000000000000524,0.7465000000000000524
70,-171.25,0.28710000000000002185,0.28710000000000002185
-69,-170,0.16669999999999998708,0.16669999999999998708
-68,-170,0.6215000000000000524,0.6215000000000000524
-67,-170,0.86809999999999998277,0.86809999999999998277
-66,-170,0.90239999999999997993,0.90239999999999997993
-65,-170,0.71289999999999997815,0.71289999999999997815
-64,-170,0.45839999999999997415,0.45839999999999997415
-63,-170,0.72109999999999996323,0.72109999999999996323
-62,-170,0.88929999999999997939,0.88929999999999997939
-61,-170,0.98170000000000001705,0.98170000000000001705
-60,-170,0.95230000000000003535,0.95230000000000003535
-59,-170,0.69599999999999995204,0.69599999999999995204
-58,-170,0.83630000000000004334,0.83630000000000004334
-57,-170,0.79690000000000005276,0.79690000000000005276
-56,-170,0.86729999999999995985,0.86729999999999995985
-55,-170,0.69110000000000004761,0.69110000000000004761
-54,-170,0.77729999999999999094,0.77729999999999999094
-53,-170,0.75809999999999999609,0.75809999999999999609
-52,-170,0.74699999999999999734,0.74699999999999999734
-51,-170,0.86309999999999997833,0.86309999999999997833
-50,-170,0.95309999999999994724,0.95309999999999994724
-49,-170,0.55910000000000004139,0.55910000000000004139
-48,-170,0.87829999999999996962,0.87829999999999996962
-47,-170,0.99919999999999997708,0.99919999999999997708
-46,-170,0.96319999999999994511,0.96319999999999994511
-45,-170,0.91600000000000003642,0.91600000000000003642
-44,-170,0.89500000000000001776,0.89500000000000001776
-43,-170,0.53639999999999998792,0.53639999999999998792
-42,-170,0.35380000000000000338,0.35380000000000000338
-41,-170,0.27820000000000000284,0.27820000000000000284
-40,-170,0.2838999999999999857,0.2838999999999999857
-39,-170,0.19120000000000000884,0.19120000000000000884
-38,-170,0.037999999999999999056,0.037999999999999999056
-37,-170,0.016199999999999999123,0.016199999999999999123
-36,-170,0.11949999999999999512,0.11949999999999999512
-35,-170,0.12929999999999999827,0.12929999999999999827
-34,-170,0.22279999999999999805,0.22279999999999999805
-33,-170,0.12939999999999998725,0.12939999999999998725
-32,-170,0.031500000000000000222,0.031500000000000000222
-31,-170,0.013799999999999999767,0.013799999999999999767
-30,-170,0.012500000000000000694,0.012500000000000000694
-29,-170,0.0018999999999999999962,0.0018999999999999999962
-28,-170,0.0027000000000000001429,0.0027000000000000001429
-27,-170,0.0051000000000000003664,0.0051000000000000003664
-26,-170,0.0037000000000000001638,0.0037000000000000001638
-25,-170,0.00089999999999999997537,0.00089999999999999997537
-24,-170,0.0022999999999999999611,0.0022999999999999999611
-23,-170,0.0016000000000000000767,0.0016000000000000000767
-22,-170,0.0017999999999999999507,0.0017999999999999999507
-21,-170,0.0027999999999999999716,0.0027999999999999999716
-20,-170,0.00080000000000000003834,0.00080000000000000003834
-19,-170,0.00029999999999999997372,0.00029999999999999997372
-18,-170,0.00089999999999999997537,0.00089999999999999997537
-17,-170,0.0011999999999999998949,0.0011999999999999998949
-16,-170,0.0012999999999999999403,0.0012999999999999999403
-15,-170,0.0043000000000000000028,0.0043000000000000000028
-14,-170,0.051499999999999997169,0.051499999999999997169
-13,-170,0.37619999999999997886,0.37619999999999997886
-12,-170,0.083900000000000002354,0.083900000000000002354
-11,-170,0.029100000000000000866,0.029100000000000000866
-10,-170,0.0073000000000000000652,0.0073000000000000000652
-9,-170,0.00449999999999999966,0.00449999999999999966
-8,-170,0.00029999999999999997372,0.00029999999999999997372
-7,-170,0.00020000000000000000958,0.00020000000000000000958
-6,-170,0.00040000000000000001917,0.00040000000000000001917
-5,-170,0.00010000000000000000479,0.00010000000000000000479
-4,-170,0,0
-3,-170,0,0
-2,-170,0,0
-1,-170,0,0
0,-170,0,0
1,-170,0,0
2,-170,0,0
3,-170,0,0
4,-170,0,0
5,-170,0.0068999999999999998834,0.0068999999999999998834
6,-170,0.63929999999999997939,0.63929999999999997939
7,-170,0.33879999999999999005,0.33879999999999999005
8,-170,0.010099999999999999603,0.010099999999999999603
9,-170,0.0016000000000000000767,0.0016000000000000000767
10,-170,0.00449999999999999966,0.00449999999999999966
11,-170,0.036799999999999999378,0.036799999999999999378
12,-170,0.15029999999999998916,0.15029999999999998916
13,-170,0.43859999999999998987,0.43859999999999998987
14,-170,0.70460000000000000409,0.70460000000000000409
15,-170,0.7481999999999999762,0.7481999999999999762
16,-170,0.73799999999999998934,0.73799999999999998934
17,-170,0.63300000000000000711,0.63300000000000000711
18,-170,0.43070000000000002727,0.43070000000000002727
19,-170,0.15260000000000001341,0.15260000000000001341
20,-170,0.070699999999999998956,0.070699999999999998956
21,-170,0.10570000000000000229,0.10570000000000000229
22,-170,0.081100000000000005418,0.081100000000000005418
23,-170,0.04469999999999999668,0.04469999999999999668
24,-170,0.031300000000000001432,0.031300000000000001432
25,-170,0.052999999999999998501,0.052999999999999998501
26,-170,0.060100000000000000644,0.060100000000000000644
27,-170,0.044999999999999998335,0.044999999999999998335
28,-170,0.058700000000000002176,0.058700000000000002176
29,-170,0.23339999999999999636,0.23339999999999999636
30,-170,0.3965000000000000191,0.3965000000000000191
31,-170,0.33189999999999997282,0.33189999999999997282
32,-170,0.32069999999999998508,0.32069999999999998508
33,-170,0.70240000000000002434,0.70240000000000002434
34,-170,0.42449999999999998845,0.42449999999999998845
35,-170,0.37840000000000001412,0.37840000000000001412
36,-170,0.36070000000000002061,0.36070000000000002061
37,-170,0.38779999999999997806,0.38779999999999997806
38,-170,0.23250000000000001221,0.23250000000000001221
39,-170,0.15900000000000000244,0.15900000000000000244
40,-170,0.16179999999999999938,0.16179999999999999938
41,-170,0.34849999999999997646,0.34849999999999997646
42,-170,0.67339999999999999858,0.67339999999999999858
43,-170,0.86219999999999996643,0.86219999999999996643
44,-170,0.85219999999999995755,0.85219999999999995755
45,-170,0.61760000000000003784,0.61760000000000003784
46,-170,0.56269999999999997797,0.56269999999999997797
47,-170,0.73890000000000000124,0.73890000000000000124
48,-170,0.92390000000000005453,0.92390000000000005453
49,-170,0.85560000000000002718,0.85560000000000002718
50,-170,0.6936999999999999833,0.6936999999999999833
51,-170,0.90210000000000001297,0.90210000000000001297
52,-170,0.46189999999999997726,0.46189999999999997726
53,-170,0.26109999999999999876,0.26109999999999999876
54,-170,0.50319999999999998064,0.50319999999999998064
55,-170,0.66730000000000000426,0.66730000000000000426
56,-170,0.57010000000000005116,0.57010000000000005116
57,-170,0.77639999999999997904,0.77639999999999997904
58,-170,0.93559999999999998721,0.93559999999999998721
59,-170,0.99190000000000000391,0.99190000000000000391
60,-170,0.97529999999999994476,0.97529999999999994476
61,-170,0.99219999999999997087,0.99219999999999997087
62,-170,0.9715000000000000302,0.9715000000000000302
63,-170,0.75039999999999995595,0.75039999999999995595
64,-170,0.86780000000000001581,0.86780000000000001581
65,-170,0.86570000000000002505,0.86570000000000002505
66,-170,0.98289999999999999591,0.98289999999999999591
67,-170,0.93549999999999999822,0.93549999999999999822
68,-170,0.73060000000000002718,0.73060000000000002718
69,-170,0.52110000000000000764,0.52110000000000000764
70,-170,0.28279999999999999583,0.28279999999999999583
-69,-168.75,0.19680000000000000271,0.19680000000000000271
-68,-168.75,0.54939999999999999947,0.54939999999999999947
-67,-168.75,0.83360000000000000764,0.83360000000000000764
-66,-168.75,0.89580000000000004068,0.89580000000000004068
-65,-168.75,0.73129999999999995008,0.73129999999999995008
-64,-168.75,0.52349999999999996536,0.52349999999999996536
-63,-168.75,0.76639999999999997016,0.76639999999999997016
-62,-168.75,0.91330000000000000071,0.91330000000000000071
-61,-168.75,0.98260000000000002895,0.98260000000000002895
-60,-168.75,0.93600000000000005418,0.93600000000000005418
-59,-168.75,0.78139999999999998348,0.78139999999999998348
-58,-168.75,0.92869999999999996998,0.92869999999999996998
-57,-168.75,0.82059999999999999609,0.82059999999999999609
-56,-168.75,0.93999999999999994671,0.93999999999999994671
-55,-168.75,0.9251000000000000334,0.9251000000000000334
-54,-168.75,0.74309999999999998277,0.74309999999999998277
-53,-168.75,0.64529999999999998472,0.64529999999999998472
-52,-168.75,0.68179999999999996163,0.68179999999999996163
-51,-168.75,0.81230000000000002203,0.81230000000000002203
-50,-168.75,0.93869999999999997886,0.93869999999999997886
-49,-168.75,0.56550000000000000266,0.56550000000000000266
-48,-168.75,0.88900000000000001243,0.88900000000000001243
-47,-168.75,0.98189999999999999503,0.98189999999999999503
-46,-168.75,0.79849999999999998757,0.79849999999999998757
-45,-168.75,0.8901999999999999913,0.8901999999999999913
-44,-168.75,0.90639999999999998348,0.90639999999999998348
-43,-168.75,0.34210000000000001519,0.34210000000000001519
-42,-168.75,0.32850000000000001421,0.32850000000000001421
-41,-168.75,0.40710000000000001741,0.40710000000000001741
-40,-168.75,0.48489999999999999769,0.48489999999999999769
-39,-168.75,0.29670000000000001927,0.29670000000000001927
-38,-168.75,0.065299999999999996936,0.065299999999999996936
-37,-168.75,0.038199999999999997846,0.038199999999999997846
-36,-168.75,0.17649999999999999023,0.17649999999999999023
-35,-168.75,0.22720000000000001306,0.22720000000000001306
-34,-168.75,0.51029999999999997584,0.51029999999999997584
-33,-168.75,0.31590000000000001412,0.31590000000000001412
-32,-168.75,0.060799999999999999878,0.060799999999999999878
-31,-168.75,0.0063000000000000000444,0.0063000000000000000444
-30,-168.75,0.0011999999999999998949,0.0011999999999999998949
-29,-168.75,0.00020000000000000000958,0.00020000000000000000958
-28,-168.75,0.00089999999999999997537,0.00089999999999999997537
-27,-168.75,0.0011000000000000000663,0.0011000000000000000663
-26,-168.75,0.0013999999999999999858,0.0013999999999999999858
-25,-168.75,0.00080000000000000003834,0.00080000000000000003834
-24,-168.75,0.0016999999999999999053,0.0016999999999999999053
-23,-168.75,0.0013999999999999999858,0.0013999999999999999858
-22,-168.75,0.0016000000000000000767,0.0016000000000000000767
-21,-168.75,0.00080000000000000003834,0.00080000000000000003834
-20,-168.75,0.00050000000000000001041,0.00050000000000000001041
-19,-168.75,0.00020000000000000000958,0.00020000000000000000958
-18,-168.75,0.00020000000000000000958,0.00020000000000000000958
-17,-168.75,0.0010000000000000000208,0.0010000000000000000208
-16,-168.75,0.0074999999999999997224,0.0074999999999999997224
-15,-168.75,0.0060000000000000001249,0.0060000000000000001249
-14,-168.75,0.11680000000000000104,0.11680000000000000104
-13,-168.75,0.18520000000000000351,0.18520000000000000351
-12,-168.75,0.052999999999999998501,0.052999999999999998501
-11,-168.75,0.0355999999999999997,0.0355999999999999997
-10,-168.75,0.011100000000000000491,0.011100000000000000491
-9,-168.75,0.0064999999999999997016,0.0064999999999999997016
-8,-168.75,0.0011999999999999998949,0.0011999999999999998949
-7,-168.75,0.00080000000000000003834,0.00080000000000000003834
-6,-168.75,0.00040000000000000001917,0.00040000000000000001917
-5,-168.75,0.00029999999999999997372,0.00029999999999999997372
-4,-168.75,0.00010000000000000000479,0.00010000000000000000479
-3,-168.75,0,0
-2,-168.75,0,0
-1,-168.75,0,0
0,-168.75,0,0
1,-168.75,0,0
2,-168.75,0,0
3,-168.75,0,0
4,-168.75,0,0
5,-168.75,0.0030999999999999998911,0.0030999999999999998911
6,-168.75,0.66600000000000003642,0.66600000000000003642
7,-168.75,0.27379999999999998783,0.27379999999999998783
8,-168.75,0.0097000000000000002887,0.0097000000000000002887
9,-168.75,0.0027999999999999999716,0.0027999999999999999716
10,-168.75,0.0074999999999999997224,0.0074999999999999997224
11,-168.75,0.036999999999999998168,0.036999999999999998168
12,-168.75,0.13029999999999999916,0.13029999999999999916
13,-168.75,0.4848000000000000087,0.4848000000000000087
14,-168.75,0.78420000000000000817,0.78420000000000000817
15,-168.75,0.73619999999999996554,0.73619999999999996554
16,-168.75,0.62719999999999997975,0.62719999999999997975
17,-168.75,0.64880000000000004334,0.64880000000000004334
18,-168.75,0.53280000000000005134,0.53280000000000005134
19,-168.75,0.22339999999999998748,0.22339999999999998748
20,-168.75,0.075100000000000000089,0.075100000000000000089
21,-168.75,0.11980000000000000371,0.11980000000000000371
22,-168.75,0.096199999999999993849,0.096199999999999993849
23,-168.75,0.059099999999999999756,0.059099999999999999756
24,-168.75,0.069000000000000005773,0.069000000000000005773
25,-168.75,0.075999999999999998113,0.075999999999999998113
26,-168.75,0.078500000000000000333,0.078500000000000000333
27,-168.75,0.10030000000000000027,0.10030000000000000027
28,-168.75,0.12420000000000000484,0.12420000000000000484
29,-168.75,0.28239999999999998437,0.28239999999999998437
30,-168.75,0.47310000000000002052,0.47310000000000002052
31,-168.75,0.49659999999999998588,0.49659999999999998588
32,-168.75,0.64119999999999999218,0.64119999999999999218
33,-168.75,0.77680000000000004601,0.77680000000000004601
34,-168.75,0.48170000000000001705,0.48170000000000001705
35,-168.75,0.39760000000000000897,0.39760000000000000897
36,-168.75,0.58469999999999999751,0.58469999999999999751
37,-168.75,0.62529999999999996696,0.62529999999999996696
38,-168.75,0.27069999999999999618,0.27069999999999999618
39,-168.75,0.1923999999999999877,0.1923999999999999877
40,-168.75,0.079100000000000003642,0.079100000000000003642
41,-168.75,0.05630000000000000282,0.05630000000000000282
42,-168.75,0.25290000000000001368,0.25290000000000001368
43,-168.75,0.46710000000000001519,0.46710000000000001519
44,-168.75,0.77869999999999994778,0.77869999999999994778
45,-168.75,0.59070000000000000284,0.59070000000000000284
46,-168.75,0.63859999999999994547,0.63859999999999994547
47,-168.75,0.76959999999999995079,0.76959999999999995079
48,-168.75,0.90859999999999996323,0.90859999999999996323
49,-168.75,0.96379999999999999005,0.96379999999999999005
50,-168.75,0.95009999999999994458,0.95009999999999994458
51,-168.75,0.69250000000000000444,0.69250000000000000444
52,-168.75,0.29870000000000002105,0.29870000000000002105
53,-168.75,0.17790000000000000258,0.17790000000000000258
54,-168.75,0.3295000000000000151,0.3295000000000000151
55,-168.75,0.46310000000000001164,0.46310000000000001164
56,-168.75,0.53790000000000004476,0.53790000000000004476
57,-168.75,0.73529999999999995364,0.73529999999999995364
58,-168.75,0.84270000000000000462,0.84270000000000000462
59,-168.75,0.92940000000000000391,0.92940000000000000391
60,-168.75,0.9786000000000000254,0.9786000000000000254
61,-168.75,0.90980000000000005311,0.90980000000000005311
62,-168.75,0.98189999999999999503,0.98189999999999999503
63,-168.75,0.86409999999999997922,0.86409999999999997922
64,-168.75,0.80669999999999997264,0.80669999999999997264
65,-168.75,0.89629999999999998561,0.89629999999999998561
66,-168.75,0.89810000000000000941,0.89810000000000000941
67,-168.75,0.77259999999999995346,0.77259999999999995346
68,-168.75,0.50860000000000005205,0.50860000000000005205
69,-168.75,0.44300000000000000488,0.44300000000000000488
70,-168.75,0.22090000000000001301,0.22090000000000001301
-69,-167.5,0.20410000000000000364,0.20410000000000000364
-68,-167.5,0.57869999999999999218,0.57869999999999999218
-67,-167.5,0.83120000000000004992,0.83120000000000004992
-66,-167.5,0.93179999999999996163,0.93179999999999996163
-65,-167.5,0.7490999999999999881,0.7490999999999999881
-64,-167.5,0.50660000000000005027,0.50660000000000005027
-63,-167.5,0.7831000000000000183,0.7831000000000000183
-62,-167.5,0.88890000000000002345,0.88890000000000002345
-61,-167.5,0.9653000000000000469,0.9653000000000000469
-60,-167.5,0.95940000000000003055,0.95940000000000003055
-59,-167.5,0.96020000000000005347,0.96020000000000005347
-58,-167.5,0.92589999999999994529,0.92589999999999994529
-57,-167.5,0.80189999999999994618,0.80189999999999994618
-56,-167.5,0.92090000000000005187,0.92090000000000005187
-55,-167.5,0.92549999999999998934,0.92549999999999998934
-54,-167.5,0.69810000000000005382,0.69810000000000005382
-53,-167.5,0.65849999999999997424,0.65849999999999997424
-52,-167.5,0.83589999999999997637,0.83589999999999997637
-51,-167.5,0.69150000000000000355,0.69150000000000000355
-50,-167.5,0.94659999999999999698,0.94659999999999999698
-49,-167.5,0.65020000000000000018,0.65020000000000000018
-48,-167.5,0.90700000000000002842,0.90700000000000002842
-47,-167.5,0.76800000000000001599,0.76800000000000001599
-46,-167.5,0.68149999999999999467,0.68149999999999999467
-45,-167.5,0.96050000000000002043,0.96050000000000002043
-44,-167.5,0.8920000000000000151,0.8920000000000000151
-43,-167.5,0.33729999999999998872,0.33729999999999998872
-42,-167.5,0.47730000000000000204,0.47730000000000000204
-41,-167.5,0.4768000000000000016,0.4768000000000000016
-40,-167.5,0.45860000000000000764,0.45860000000000000764
-39,-167.5,0.32269999999999998685,0.32269999999999998685
-38,-167.5,0.19009999999999999121,0.19009999999999999121
-37,-167.5,0.28520000000000000906,0.28520000000000000906
-36,-167.5,0.4472999999999999754,0.4472999999999999754
-35,-167.5,0.45819999999999999618,0.45819999999999999618
-34,-167.5,0.58320000000000005169,0.58320000000000005169
-33,-167.5,0.26000000000000000888,0.26000000000000000888
-32,-167.5,0.055800000000000002376,0.055800000000000002376
-31,-167.5,0.0020000000000000000416,0.0020000000000000000416
-30,-167.5,0.00089999999999999997537,0.00089999999999999997537
-29,-167.5,0.00029999999999999997372,0.00029999999999999997372
-28,-167.5,0.00050000000000000001041,0.00050000000000000001041
-27,-167.5,0.00089999999999999997537,0.00089999999999999997537
-26,-167.5,0.00069999999999999999289,0.00069999999999999999289
-25,-167.5,0.00059999999999999994744,0.00059999999999999994744
-24,-167.5,0.00050000000000000001041,0.00050000000000000001041
-23,-167.5,0.0012999999999999999403,0.0012999999999999999403
-22,-167.5,0.0011000000000000000663,0.0011000000000000000663
-21,-167.5,0.00059999999999999994744,0.00059999999999999994744
-20,-167.5,0.00089999999999999997537,0.00089999999999999997537
-19,-167.5,0.00029999999999999997372,0.00029999999999999997372
-18,-167.5,0.00029999999999999997372,0.00029999999999999997372
-17,-167.5,0,0
-16,-167.5,0.0027000000000000001429,0.0027000000000000001429
-15,-167.5,0.014699999999999999525,0.014699999999999999525
-14,-167.5,0.16480000000000000204,0.16480000000000000204
-13,-167.5,0.22170000000000000817,0.22170000000000000817
-12,-167.5,0.092799999999999993605,0.092799999999999993605
-11,-167.5,0.047199999999999998901,0.047199999999999998901
-10,-167.5,0.016600000000000000172,0.016600000000000000172
-9,-167.5,0.0054000000000000002859,0.0054000000000000002859
-8,-167.5,0.00069999999999999999289,0.00069999999999999999289
-7,-167.5,0.0012999999999999999403,0.0012999999999999999403
-6,-167.5,0.00020000000000000000958,0.00020000000000000000958
-5,-167.5,0.00069999999999999999289,0.00069999999999999999289
-4,-167.5,0,0
-3,-167.5,0,0
-2,-167.5,0,0
-1,-167.5,0,0
0,-167.5,0,0
1,-167.5,0,0
2,-167.5,0,0
3,-167.5,0,0
4,-167.5,0,0
5,-167.5,0.0015000000000000000312,0.0015000000000000000312
6,-167.5,0.57389999999999996572,0.57389999999999996572
7,-167.5,0.37540000000000001146,0.37540000000000001146
8,-167.5,0.015400000000000000494,0.015400000000000000494
9,-167.5,0.0041000000000000003456,0.0041000000000000003456
10,-167.5,0.0071999999999999998029,0.0071999999999999998029
11,-167.5,0.021600000000000001144,0.021600000000000001144
12,-167.5,0.075399999999999994804,0.075399999999999994804
13,-167.5,0.49430000000000001714,0.49430000000000001714
14,-167.5,0.81240000000000001101,0.81240000000000001101
15,-167.5,0.71630000000000004778,0.71630000000000004778
16,-167.5,0.61140000000000005453,0.61140000000000005453
17,-167.5,0.60389999999999999236,0.60389999999999999236
18,-167.5,0.47530000000000000027,0.47530000000000000027
19,-167.5,0.23469999999999999196,0.23469999999999999196
20,-167.5,0.10009999999999999454,0.10009999999999999454
21,-167.5,0.10660000000000000031,0.10660000000000000031
22,-167.5,0.082000000000000003442,0.082000000000000003442
23,-167.5,0.069699999999999998068,0.069699999999999998068
24,-167.5,0.054800000000000001488,0.054800000000000001488
25,-167.5,0.05689999999999999919,0.05689999999999999919
26,-167.5,0.094100000000000003086,0.094100000000000003086
27,-167.5,0.15099999999999999534,0.15099999999999999534
28,-167.5,0.22059999999999999054,0.22059999999999999054
29,-167.5,0.37230000000000001981,0.37230000000000001981
30,-167.5,0.53329999999999999627,0.53329999999999999627
31,-167.5,0.45939999999999997504,0.45939999999999997504
32,-167.5,0.70430000000000003713,0.70430000000000003713
33,-167.5,0.44490000000000001767,0.44490000000000001767
34,-167.5,0.38000000000000000444,0.38000000000000000444
35,-167.5,0.45490000000000002656,0.45490000000000002656
36,-167.5,0.79310000000000002718,0.79310000000000002718
37,-167.5,0.82689999999999996838,0.82689999999999996838
38,-167.5,0.36390000000000000124,0.36390000000000000124
39,-167.5,0.28000000000000002665,0.28000000000000002665
40,-167.5,0.051900000000000001688,0.051900000000000001688
41,-167.5,0.012399999999999999564,0.012399999999999999564
42,-167.5,0.032399999999999998246,0.032399999999999998246
43,-167.5,0.27879999999999999227,0.27879999999999999227
44,-167.5,0.6259000000000000119,0.6259000000000000119
45,-167.5,0.63300000000000000711,0.63300000000000000711
46,-167.5,0.71850000000000002753,0.71850000000000002753
47,-167.5,0.77080000000000004068,0.77080000000000004068
48,-167.5,0.63539999999999996483,0.63539999999999996483
49,-167.5,0.8072000000000000286,0.8072000000000000286
50,-167.5,0.79230000000000000426,0.79230000000000000426
51,-167.5,0.388400000000000023,0.388400000000000023
52,-167.5,0.23100000000000001088,0.23100000000000001088
53,-167.5,0.28639999999999998792,0.28639999999999998792
54,-167.5,0.27000000000000001776,0.27000000000000001776
55,-167.5,0.36259999999999997788,0.36259999999999997788
56,-167.5,0.38919999999999999041,0.38919999999999999041
57,-167.5,0.57840000000000002522,0.57840000000000002522
58,-167.5,0.72809999999999996945,0.72809999999999996945
59,-167.5,0.83889999999999997904,0.83889999999999997904
60,-167.5,0.83509999999999995346,0.83509999999999995346
61,-167.5,0.74350000000000004974,0.74350000000000004974
62,-167.5,0.88200000000000000622,0.88200000000000000622
63,-167.5,0.80230000000000001315,0.80230000000000001315
64,-167.5,0.68969999999999997975,0.68969999999999997975
65,-167.5,0.95440000000000002611,0.95440000000000002611
66,-167.5,0.81650000000000000355,0.81650000000000000355
67,-167.5,0.68830000000000002292,0.68830000000000002292
68,-167.5,0.41749999999999998224,0.41749999999999998224
69,-167.5,0.37480000000000002203,0.37480000000000002203
70,-167.5,0.17260000000000000342,0.17260000000000000342
-69,-166.25,0.21570000000000000284,0.21570000000000000284
-68,-166.25,0.62639999999999995683,0.62639999999999995683
-67,-166.25,0.85599999999999998312,0.85599999999999998312
-66,-166.25,0.9715000000000000302,0.9715000000000000302
-65,-166.25,0.80269999999999996909,0.80269999999999996909
-64,-166.25,0.60340000000000004743,0.60340000000000004743
-63,-166.25,0.80859999999999998543,0.80859999999999998543
-62,-166.25,0.76429999999999997939,0.76429999999999997939
-61,-166.25,0.90080000000000004512,0.90080000000000004512
-60,-166.25,0.71930000000000005045,0.71930000000000005045
-59,-166.25,0.84089999999999998082,0.84089999999999998082
-58,-166.25,0.66830000000000000515,0.66830000000000000515
-57,-166.25,0.69889999999999996572,0.69889999999999996572
-56,-166.25,0.85019999999999995577,0.85019999999999995577
-55,-166.25,0.7840000000000000302,0.7840000000000000302
-54,-166.25,0.56359999999999998987,0.56359999999999998987
-53,-166.25,0.59619999999999995222,0.59619999999999995222
-52,-166.25,0.78820000000000001172,0.78820000000000001172
-51,-166.25,0.95330000000000003624,0.95330000000000003624
-50,-166.25,0.65069999999999994511,0.65069999999999994511
-49,-166.25,0.56320000000000003393,0.56320000000000003393
-48,-166.25,0.81279999999999996696,0.81279999999999996696
-47,-166.25,0.79390000000000005009,0.79390000000000005009
-46,-166.25,0.57110000000000005205,0.57110000000000005205
-45,-166.25,0.69550000000000000711,0.69550000000000000711
-44,-166.25,0.94889999999999996572,0.94889999999999996572
-43,-166.25,0.62119999999999997442,0.62119999999999997442
-42,-166.25,0.48030000000000000471,0.48030000000000000471
-41,-166.25,0.37419999999999997708,0.37419999999999997708
-40,-166.25,0.27469999999999999973,0.27469999999999999973
-39,-166.25,0.32209999999999999742,0.32209999999999999742
-38,-166.25,0.36540000000000000258,0.36540000000000000258
-37,-166.25,0.4320999999999999841,0.4320999999999999841
-36,-166.25,0.70589999999999997193,0.70589999999999997193
-35,-166.25,0.71240000000000003322,0.71240000000000003322
-34,-166.25,0.4339000000000000079,0.4339000000000000079
-33,-166.25,0.11239999999999999991,0.11239999999999999991
-32,-166.25,0.017899999999999999245,0.017899999999999999245
-31,-166.25,0.00089999999999999997537,0.00089999999999999997537
-30,-166.25,0.0010000000000000000208,0.0010000000000000000208
-29,-166.25,0.00040000000000000001917,0.00040000000000000001917
-28,-166.25,0.00010000000000000000479,0.00010000000000000000479
-27,-166.25,0.00050000000000000001041,0.00050000000000000001041
-26,-166.25,0.0010000000000000000208,0.0010000000000000000208
-25,-166.25,0.0013999999999999999858,0.0013999999999999999858
-24,-166.25,0.00059999999999999994744,0.00059999999999999994744
-23,-166.25,0.00080000000000000003834,0.00080000000000000003834
-22,-166.25,0.00029999999999999997372,0.00029999999999999997372
-21,-166.25,0.00069999999999999999289,0.00069999999999999999289
-20,-166.25,0.00069999999999999999289,0.00069999999999999999289
-19,-166.25,0.0011000000000000000663,0.0011000000000000000663
-18,-166.25,0.0022000000000000001325,0.0022000000000000001325
-17,-166.25,0.00069999999999999999289,0.00069999999999999999289
-16,-166.25,0.0020000000000000000416,0.0020000000000000000416
-15,-166.25,0.035000000000000003331,0.035000000000000003331
-14,-166.25,0.22620000000000001217,0.22620000000000001217
-13,-166.25,0.16769999999999998797,0.16769999999999998797
-12,-166.25,0.06230000000000000121,0.06230000000000000121
-11,-166.25,0.048500000000000001443,0.048500000000000001443
-10,-166.25,0.030700000000000001593,0.030700000000000001593
-9,-166.25,0.0067999999999999996211,0.0067999999999999996211
-8,-166.25,0.00059999999999999994744,0.00059999999999999994744
-7,-166.25,0.00040000000000000001917,0.00040000000000000001917
-6,-166.25,0.00020000000000000000958,0.00020000000000000000958
-5,-166.25,0.00080000000000000003834,0.00080000000000000003834
-4,-166.25,0.00020000000000000000958,0.00020000000000000000958
-3,-166.25,0,0
-2,-166.25,0,0
-1,-166.25,0.00010000000000000000479,0.00010000000000000000479
0,-166.25,0,0
1,-166.25,0,0
2,-166.25,0,0
3,-166.25,0,0
4,-166.25,0,0
5,-166.25,0.00069999999999999999289,0.00069999999999999999289
6,-166.25,0.44850000000000000977,0.44850000000000000977
7,-166.25,0.43959999999999999076,0.43959999999999999076
8,-166.25,0.022499999999999999167,0.022499999999999999167
9,-166.25,0.008300000000000000086,0.008300000000000000086
10,-166.25,0.010399999999999999523,0.010399999999999999523
11,-166.25,0.025200000000000000178,0.025200000000000000178
12,-166.25,0.0384999999999999995,0.0384999999999999995
13,-166.25,0.36299999999999998934,0.36299999999999998934
14,-166.25,0.81879999999999997229,0.81879999999999997229
15,-166.25,0.76129999999999997673,0.76129999999999997673
16,-166.25,0.59960000000000002185,0.59960000000000002185
17,-166.25,0.5615999999999999881,0.5615999999999999881
18,-166.25,0.34879999999999999893,0.34879999999999999893
19,-166.25,0.19969999999999998863,0.19969999999999998863
20,-166.25,0.098000000000000003775,0.098000000000000003775
21,-166.25,0.1134000000000000008,0.1134000000000000008
22,-166.25,0.07159999999999999698,0.07159999999999999698
23,-166.25,0.078299999999999994604,0.078299999999999994604
24,-166.25,0.054199999999999998179,0.054199999999999998179
25,-166.25,0.041000000000000001721,0.041000000000000001721
26,-166.25,0.072700000000000000733,0.072700000000000000733
27,-166.25,0.19159999999999999254,0.19159999999999999254
28,-166.25,0.40610000000000001652,0.40610000000000001652
29,-166.25,0.56030000000000002025,0.56030000000000002025
30,-166.25,0.64749999999999996447,0.64749999999999996447
31,-166.25,0.65390000000000003677,0.65390000000000003677
32,-166.25,0.5668999999999999595,0.5668999999999999595
33,-166.25,0.33719999999999999973,0.33719999999999999973
34,-166.25,0.33579999999999998739,0.33579999999999998739
35,-166.25,0.36270000000000002238,0.36270000000000002238
36,-166.25,0.62009999999999998455,0.62009999999999998455
37,-166.25,0.74080000000000001403,0.74080000000000001403
38,-166.25,0.33529999999999998694,0.33529999999999998694
39,-166.25,0.27639999999999997904,0.27639999999999997904
40,-166.25,0.056199999999999999956,0.056199999999999999956
41,-166.25,0.0027999999999999999716,0.0027999999999999999716
42,-166.25,0.0051999999999999997613,0.0051999999999999997613
43,-166.25,0.1237000000000000044,0.1237000000000000044
44,-166.25,0.68449999999999999734,0.68449999999999999734
45,-166.25,0.63680000000000003268,0.63680000000000003268
46,-166.25,0.70120000000000004547,0.70120000000000004547
47,-166.25,0.59150000000000002576,0.59150000000000002576
48,-166.25,0.35389999999999999236,0.35389999999999999236
49,-166.25,0.52439999999999997726,0.52439999999999997726
50,-166.25,0.65369999999999994778,0.65369999999999994778
51,-166.25,0.44269999999999998241,0.44269999999999998241
52,-166.25,0.35210000000000002407,0.35210000000000002407
53,-166.25,0.22700000000000000733,0.22700000000000000733
54,-166.25,0.22070000000000000728,0.22070000000000000728
55,-166.25,0.32219999999999998641,0.32219999999999998641
56,-166.25,0.30109999999999997877,0.30109999999999997877
57,-166.25,0.41720000000000001528,0.41720000000000001528
58,-166.25,0.64600000000000001865,0.64600000000000001865
59,-166.25,0.68179999999999996163,0.68179999999999996163
60,-166.25,0.54620000000000001883,0.54620000000000001883
61,-166.25,0.62529999999999996696,0.62529999999999996696
62,-166.25,0.83179999999999998384,0.83179999999999998384
63,-166.25,0.65210000000000001297,0.65210000000000001297
64,-166.25,0.53359999999999996323,0.53359999999999996323
65,-166.25,0.9724000000000000421,0.9724000000000000421
66,-166.25,0.87839999999999995861,0.87839999999999995861
67,-166.25,0.68030000000000001581,0.68030000000000001581
68,-166.25,0.33610000000000000986,0.33610000000000000986
69,-166.25,0.47780000000000000249,0.47780000000000000249
70,-166.25,0.20060000000000000053,0.20060000000000000053
-69,-165,0.25469999999999998197,0.25469999999999998197
-68,-165,0.65139999999999997904,0.65139999999999997904
-67,-165,0.82050000000000000711,0.82050000000000000711
-66,-165,0.96960000000000001741,0.96960000000000001741
-65,-165,0.85609999999999997211,0.85609999999999997211
-64,-165,0.66169999999999995488,0.66169999999999995488
-63,-165,0.69930000000000003268,0.69930000000000003268
-62,-165,0.69120000000000003659,0.69120000000000003659
-61,-165,0.79800000000000004263,0.79800000000000004263
-60,-165,0.46029999999999998694,0.46029999999999998694
-59,-165,0.6027000000000000135,0.6027000000000000135
-58,-165,0.5427999999999999492,0.5427999999999999492
-57,-165,0.73440000000000005276,0.73440000000000005276
-56,-165,0.89780000000000004245,0.89780000000000004245
-55,-165,0.65659999999999996145,0.65659999999999996145
-54,-165,0.53229999999999999538,0.53229999999999999538
-53,-165,0.37530000000000002247,0.37530000000000002247
-52,-165,0.61580000000000001403,0.61580000000000001403
-51,-165,0.79390000000000005009,0.79390000000000005009
-50,-165,0.39100000000000001421,0.39100000000000001421
-49,-165,0.49859999999999998765,0.49859999999999998765
-48,-165,0.58379999999999998561,0.58379999999999998561
-47,-165,0.93720000000000003304,0.93720000000000003304
-46,-165,0.8418999999999999817,0.8418999999999999817
-45,-165,0.64890000000000003233,0.64890000000000003233
-44,-165,0.94959999999999999964,0.94959999999999999964
-43,-165,0.49240000000000000435,0.49240000000000000435
-42,-165,0.38969999999999999085,0.38969999999999999085
-41,-165,0.15070000000000000062,0.15070000000000000062
-40,-165,0.15110000000000001208,0.15110000000000001208
-39,-165,0.47110000000000001874,0.47110000000000001874
-38,-165,0.49690000000000000835,0.49690000000000000835
-37,-165,0.44550000000000000711,0.44550000000000000711
-36,-165,0.5909999999999999698,0.5909999999999999698
-35,-165,0.44059999999999999165,0.44059999999999999165
-34,-165,0.24779999999999999249,0.24779999999999999249
-33,-165,0.063000000000000000444,0.063000000000000000444
-32,-165,0.010999999999999999362,0.010999999999999999362
-31,-165,0.002500000000000000052,0.002500000000000000052
-30,-165,0.0017999999999999999507,0.0017999999999999999507
-29,-165,0.00059999999999999994744,0.00059999999999999994744
-28,-165,0.00069999999999999999289,0.00069999999999999999289
-27,-165,0.0013999999999999999858,0.0013999999999999999858
-26,-165,0.0033999999999999998106,0.0033999999999999998106
-25,-165,0.00069999999999999999289,0.00069999999999999999289
-24,-165,0.00010000000000000000479,0.00010000000000000000479
-23,-165,0.00029999999999999997372,0.00029999999999999997372
-22,-165,0.00029999999999999997372,0.00029999999999999997372
-21,-165,0.00029999999999999997372,0.00029999999999999997372
-20,-165,0.00029999999999999997372,0.00029999999999999997372
-19,-165,0.0047000000000000001846,0.0047000000000000001846
-18,-165,0.0027999999999999999716,0.0027999999999999999716
-17,-165,0.00020000000000000000958,0.00020000000000000000958
-16,-165,0.015199999999999999969,0.015199999999999999969
-15,-165,0.14710000000000000853,0.14710000000000000853
-14,-165,0.22839999999999999192,0.22839999999999999192
-13,-165,0.029000000000000001471,0.029000000000000001471
-12,-165,0.048300000000000002653,0.048300000000000002653
-11,-165,0.047800000000000002209,0.047800000000000002209
-10,-165,0.046300000000000000877,0.046300000000000000877
-9,-165,0.0088000000000000005301,0.0088000000000000005301
-8,-165,0.00059999999999999994744,0.00059999999999999994744
-7,-165,0.00040000000000000001917,0.00040000000000000001917
-6,-165,0.00059999999999999994744,0.00059999999999999994744
-5,-165,0.0010000000000000000208,0.0010000000000000000208
-4,-165,0.00020000000000000000958,0.00020000000000000000958
-3,-165,0.00020000000000000000958,0.00020000000000000000958
-2,-165,0,0
-1,-165,0,0
0,-165,0,0
1,-165,0,0
2,-165,0,0
3,-165,0,0
4,-165,0,0
5,-165,0.00040000000000000001917,0.00040000000000000001917
6,-165,0.36820000000000002727,0.36820000000000002727
7,-165,0.46439999999999997948,0.46439999999999997948
8,-165,0.015599999999999999284,0.015599999999999999284
9,-165,0.0032000000000000001533,0.0032000000000000001533
10,-165,0.0088999999999999999251,0.0088999999999999999251
11,-165,0.030300000000000000544,0.030300000000000000544
12,-165,0.049500000000000002331,0.049500000000000002331
13,-165,0.21360000000000001208,0.21360000000000001208
14,-165,0.68420000000000003038,0.68420000000000003038
15,-165,0.74829999999999996518,0.74829999999999996518
16,-165,0.61490000000000000213,0.61490000000000000213
17,-165,0.49030000000000001359,0.49030000000000001359
18,-165,0.28629999999999999893,0.28629999999999999893
19,-165,0.16530000000000000249,0.16530000000000000249
20,-165,0.10609999999999999987,0.10609999999999999987
21,-165,0.1092000000000000054,0.1092000000000000054
22,-165,0.093200000000000005063,0.093200000000000005063
23,-165,0.115000000000000005,0.115000000000000005
24,-165,0.10489999999999999325,0.10489999999999999325
25,-165,0.051200000000000002454,0.051200000000000002454
26,-165,0.055800000000000002376,0.055800000000000002376
27,-165,0.17180000000000000826,0.17180000000000000826
28,-165,0.49030000000000001359,0.49030000000000001359
29,-165,0.70479999999999998206,0.70479999999999998206
30,-165,0.70150000000000001243,0.70150000000000001243
31,-165,0.45639999999999997238,0.45639999999999997238
32,-165,0.33410000000000000808,0.33410000000000000808
33,-165,0.18279999999999999027,0.18279999999999999027
34,-165,0.11509999999999999398,0.11509999999999999398
35,-165,0.18399999999999999689,0.18399999999999999689
36,-165,0.56310000000000004494,0.56310000000000004494
37,-165,0.54000000000000003553,0.54000000000000003553
38,-165,0.28179999999999999494,0.28179999999999999494
39,-165,0.37669999999999997931,0.37669999999999997931
40,-165,0.16889999999999999458,0.16889999999999999458
41,-165,0.031099999999999999173,0.031099999999999999173
42,-165,0.0067999999999999996211,0.0067999999999999996211
43,-165,0.061999999999999999556,0.061999999999999999556
44,-165,0.61960000000000003961,0.61960000000000003961
45,-165,0.54530000000000000693,0.54530000000000000693
46,-165,0.56179999999999996607,0.56179999999999996607
47,-165,0.46560000000000001386,0.46560000000000001386
48,-165,0.15740000000000001212,0.15740000000000001212
49,-165,0.29670000000000001927,0.29670000000000001927
50,-165,0.48739999999999999991,0.48739999999999999991
51,-165,0.47239999999999998659,0.47239999999999998659
52,-165,0.33350000000000001865,0.33350000000000001865
53,-165,0.28100000000000002753,0.28100000000000002753
54,-165,0.45310000000000000275,0.45310000000000000275
55,-165,0.25500000000000000444,0.25500000000000000444
56,-165,0.30909999999999998588,0.30909999999999998588
57,-165,0.36380000000000001226,0.36380000000000001226
58,-165,0.61499999999999999112,0.61499999999999999112
59,-165,0.59399999999999997247,0.59399999999999997247
60,-165,0.5393000000000000016,0.5393000000000000016
61,-165,0.56279999999999996696,0.56279999999999996696
62,-165,0.86109999999999997655,0.86109999999999997655
63,-165,0.669599999999999973,0.669599999999999973
64,-165,0.62239999999999995328,0.62239999999999995328
65,-165,0.99219999999999997087,0.99219999999999997087
66,-165,0.96209999999999995524,0.96209999999999995524
67,-165,0.598300000000000054,0.598300000000000054
68,-165,0.29049999999999998046,0.29049999999999998046
69,-165,0.48870000000000002327,0.48870000000000002327
70,-165,0.26179999999999997717,0.26179999999999997717
-69,-163.75,0.33469999999999999751,0.33469999999999999751
-68,-163.75,0.70999999999999996447,0.70999999999999996447
-67,-163.75,0.75390000000000001457,0.75390000000000001457
-66,-163.75,0.94320000000000003837,0.94320000000000003837
-65,-163.75,0.82799999999999995826,0.82799999999999995826
-64,-163.75,0.59460000000000001741,0.59460000000000001741
-63,-163.75,0.65680000000000005045,0.65680000000000005045
-62,-163.75,0.70189999999999996838,0.70189999999999996838
-61,-163.75,0.71499999999999996891,0.71499999999999996891
-60,-163.75,0.36919999999999997264,0.36919999999999997264
-59,-163.75,0.40949999999999997513,0.40949999999999997513
-58,-163.75,0.44929999999999997717,0.44929999999999997717
-57,-163.75,0.78890000000000004565,0.78890000000000004565
-56,-163.75,0.86819999999999997176,0.86819999999999997176
-55,-163.75,0.81130000000000002114,0.81130000000000002114
-54,-163.75,0.79059999999999996945,0.79059999999999996945
-53,-163.75,0.52419999999999999929,0.52419999999999999929
-52,-163.75,0.84950000000000003286,0.84950000000000003286
-51,-163.75,0.62649999999999994582,0.62649999999999994582
-50,-163.75,0.4304000000000000048,0.4304000000000000048
-49,-163.75,0.38740000000000002212,0.38740000000000002212
-48,-163.75,0.60389999999999999236,0.60389999999999999236
-47,-163.75,0.67630000000000001226,0.67630000000000001226
-46,-163.75,0.42199999999999998623,0.42199999999999998623
-45,-163.75,0.60509999999999997122,0.60509999999999997122
-44,-163.75,0.81930000000000002824,0.81930000000000002824
-43,-163.75,0.72540000000000004476,0.72540000000000004476
-42,-163.75,0.64580000000000004068,0.64580000000000004068
-41,-163.75,0.2518000000000000238,0.2518000000000000238
-40,-163.75,0.22189999999999998614,0.22189999999999998614
-39,-163.75,0.58120000000000004992,0.58120000000000004992
-38,-163.75,0.71879999999999999449,0.71879999999999999449
-37,-163.75,0.39429999999999998384,0.39429999999999998384
-36,-163.75,0.1771999999999999964,0.1771999999999999964
-35,-163.75,0.1134000000000000008,0.1134000000000000008
-34,-163.75,0.073099999999999998312,0.073099999999999998312
-33,-163.75,0.033500000000000001998,0.033500000000000001998
-32,-163.75,0.016199999999999999123,0.016199999999999999123
-31,-163.75,0.007700000000000000247,0.007700000000000000247
-30,-163.75,0.003899999999999999821,0.003899999999999999821
-29,-163.75,0.0017999999999999999507,0.0017999999999999999507
-28,-163.75,0.0012999999999999999403,0.0012999999999999999403
-27,-163.75,0.0012999999999999999403,0.0012999999999999999403
-26,-163.75,0.003299999999999999982,0.003299999999999999982
-25,-163.75,0.0010000000000000000208,0.0010000000000000000208
-24,-163.75,0.00010000000000000000479,0.00010000000000000000479
-23,-163.75,0.00059999999999999994744,0.00059999999999999994744
-22,-163.75,0.00020000000000000000958,0.00020000000000000000958
-21,-163.75,0.00059999999999999994744,0.00059999999999999994744
-20,-163.75,0.00059999999999999994744,0.00059999999999999994744
-19,-163.75,0.0043000000000000000028,0.0043000000000000000028
-18,-163.75,0.00059999999999999994744,0.00059999999999999994744
-17,-163.75,0.0028999999999999998002,0.0028999999999999998002
-16,-163.75,0.047899999999999998135,0.047899999999999998135
-15,-163.75,0.61990000000000000657,0.61990000000000000657
-14,-163.75,0.13309999999999999609,0.13309999999999999609
-13,-163.75,0.026300000000000000461,0.026300000000000000461
-12,-163.75,0.070199999999999998512,0.070199999999999998512
-11,-163.75,0.047500000000000000555,0.047500000000000000555
-10,-163.75,0.046199999999999998013,0.046199999999999998013
-9,-163.75,0.0086999999999999994005,0.0086999999999999994005
-8,-163.75,0.00080000000000000003834,0.00080000000000000003834
-7,-163.75,0.00089999999999999997537,0.00089999999999999997537
-6,-163.75,0.00059999999999999994744,0.00059999999999999994744
-5,-163.75,0.0011000000000000000663,0.0011000000000000000663
-4,-163.75,0.00069999999999999999289,0.00069999999999999999289
-3,-163.75,0.00040000000000000001917,0.00040000000000000001917
-2,-163.75,0.00010000000000000000479,0.00010000000000000000479
-1,-163.75,0,0
0,-163.75,0,0
1,-163.75,0,0
2,-163.75,0,0
3,-163.75,0,0
4,-163.75,0,0
5,-163.75,0,0
6,-163.75,0.28830000000000000071,0.28830000000000000071
7,-163.75,0.46350000000000002309,0.46350000000000002309
8,-163.75,0.013299999999999999323,0.013299999999999999323
9,-163.75,0.0016000000000000000767,0.0016000000000000000767
10,-163.75,0.0054000000000000002859,0.0054000000000000002859
11,-163.75,0.045600000000000001643,0.045600000000000001643
12,-163.75,0.0653999999999999998,0.0653999999999999998
13,-163.75,0.16280000000000000027,0.16280000000000000027
14,-163.75,0.45390000000000002567,0.45390000000000002567
15,-163.75,0.63160000000000005027,0.63160000000000005027
16,-163.75,0.59809999999999996501,0.59809999999999996501
17,-163.75,0.41049999999999997602,0.41049999999999997602
18,-163.75,0.19189999999999998725,0.19189999999999998725
19,-163.75,0.09249999999999999889,0.09249999999999999889
20,-163.75,0.079500000000000001221,0.079500000000000001221
21,-163.75,0.059900000000000001854,0.059900000000000001854
22,-163.75,0.086699999999999999289,0.086699999999999999289
23,-163.75,0.15479999999999999316,0.15479999999999999316
24,-163.75,0.15509999999999998788,0.15509999999999998788
25,-163.75,0.083900000000000002354,0.083900000000000002354
26,-163.75,0.087099999999999996869,0.087099999999999996869
27,-163.75,0.16220000000000001084,0.16220000000000001084
28,-163.75,0.29399999999999998357,0.29399999999999998357
29,-163.75,0.40929999999999999716,0.40929999999999999716
30,-163.75,0.55289999999999994706,0.55289999999999994706
31,-163.75,0.36969999999999997309,0.36969999999999997309
32,-163.75,0.16739999999999999325,0.16739999999999999325
33,-163.75,0.11830000000000000238,0.11830000000000000238
34,-163.75,0.12959999999999999298,0.12959999999999999298
35,-163.75,0.13700000000000001066,0.13700000000000001066
36,-163.75,0.54810000000000003162,0.54810000000000003162
37,-163.75,0.48880000000000001226,0.48880000000000001226
38,-163.75,0.26169999999999998819,0.26169999999999998819
39,-163.75,0.36330000000000001181,0.36330000000000001181
40,-163.75,0.44579999999999997407,0.44579999999999997407
41,-163.75,0.16100000000000000422,0.16100000000000000422
42,-163.75,0.041399999999999999301,0.041399999999999999301
43,-163.75,0.11680000000000000104,0.11680000000000000104
44,-163.75,0.53690000000000004388,0.53690000000000004388
45,-163.75,0.50460000000000004849,0.50460000000000004849
46,-163.75,0.35080000000000000071,0.35080000000000000071
47,-163.75,0.31390000000000001235,0.31390000000000001235
48,-163.75,0.046399999999999996803,0.046399999999999996803
49,-163.75,0.10699999999999999789,0.10699999999999999789
50,-163.75,0.27279999999999998694,0.27279999999999998694
51,-163.75,0.28079999999999999405,0.28079999999999999405
52,-163.75,0.16480000000000000204,0.16480000000000000204
53,-163.75,0.1826000000000000123,0.1826000000000000123
54,-163.75,0.35759999999999997344,0.35759999999999997344
55,-163.75,0.25600000000000000533,0.25600000000000000533
56,-163.75,0.29859999999999997655,0.29859999999999997655
57,-163.75,0.31919999999999998375,0.31919999999999998375
58,-163.75,0.53590000000000004299,0.53590000000000004299
59,-163.75,0.57989999999999997105,0.57989999999999997105
60,-163.75,0.46150000000000002132,0.46150000000000002132
61,-163.75,0.5554000000000000048,0.5554000000000000048
62,-163.75,0.79259999999999997122,0.79259999999999997122
63,-163.75,0.6528000000000000469,0.6528000000000000469
64,-163.75,0.80189999999999994618,0.80189999999999994618
65,-163.75,0.94859999999999999876,0.94859999999999999876
66,-163.75,0.98329999999999995186,0.98329999999999995186
67,-163.75,0.5999999999999999778,0.5999999999999999778
68,-163.75,0.32000000000000000666,0.32000000000000000666
69,-163.75,0.35589999999999999414,0.35589999999999999414
70,-163.75,0.33719999999999999973,0.33719999999999999973
-69,-162.5,0.44180000000000002602,0.44180000000000002602
-68,-162.5,0.73670000000000002149,0.73670000000000002149
-67,-162.5,0.7617000000000000437,0.7617000000000000437
-66,-162.5,0.92149999999999998579,0.92149999999999998579
-65,-162.5,0.76290000000000002256,0.76290000000000002256
-64,-162.5,0.5965000000000000302,0.5965000000000000302
-63,-162.5,0.65220000000000000195,0.65220000000000000195
-62,-162.5,0.78439999999999998614,0.78439999999999998614
-61,-162.5,0.66049999999999997602,0.66049999999999997602
-60,-162.5,0.39090000000000002522,0.39090000000000002522
-59,-162.5,0.24920000000000000484,0.24920000000000000484
-58,-162.5,0.34570000000000000728,0.34570000000000000728
-57,-162.5,0.65729999999999999538,0.65729999999999999538
-56,-162.5,0.68320000000000002949,0.68320000000000002949
-55,-162.5,0.99209999999999998188,0.99209999999999998188
-54,-162.5,0.80849999999999999645,0.80849999999999999645
-53,-162.5,0.82869999999999999218,0.82869999999999999218
-52,-162.5,0.95509999999999994902,0.95509999999999994902
-51,-162.5,0.74399999999999999467,0.74399999999999999467
-50,-162.5,0.54010000000000002451,0.54010000000000002451
-49,-162.5,0.40910000000000001918,0.40910000000000001918
-48,-162.5,0.87419999999999997708,0.87419999999999997708
-47,-162.5,0.54410000000000002807,0.54410000000000002807
-46,-162.5,0.50819999999999998508,0.50819999999999998508
-45,-162.5,0.83899999999999996803,0.83899999999999996803
-44,-162.5,0.68720000000000003304,0.68720000000000003304
-43,-162.5,0.91730000000000000426,0.91730000000000000426
-42,-162.5,0.9956000000000000405,0.9956000000000000405
-41,-162.5,0.81410000000000004583,0.81410000000000004583
-40,-162.5,0.5909999999999999698,0.5909999999999999698
-39,-162.5,0.73860000000000003428,0.73860000000000003428
-38,-162.5,0.78610000000000002096,0.78610000000000002096
-37,-162.5,0.30049999999999998934,0.30049999999999998934
-36,-162.5,0.084500000000000005662,0.084500000000000005662
-35,-162.5,0.022499999999999999167,0.022499999999999999167
-34,-162.5,0.019300000000000001182,0.019300000000000001182
-33,-162.5,0.036600000000000000588,0.036600000000000000588
-32,-162.5,0.03889999999999999708,0.03889999999999999708
-31,-162.5,0.022700000000000001427,0.022700000000000001427
-30,-162.5,0.010200000000000000733,0.010200000000000000733
-29,-162.5,0.0032000000000000001533,0.0032000000000000001533
-28,-162.5,0.00050000000000000001041,0.00050000000000000001041
-27,-162.5,0.00010000000000000000479,0.00010000000000000000479
-26,-162.5,0.0012999999999999999403,0.0012999999999999999403
-25,-162.5,0.0020000000000000000416,0.0020000000000000000416
-24,-162.5,0.00069999999999999999289,0.00069999999999999999289
-23,-162.5,0.00089999999999999997537,0.00089999999999999997537
-22,-162.5,0.00069999999999999999289,0.00069999999999999999289
-21,-162.5,0.00010000000000000000479,0.00010000000000000000479
-20,-162.5,0.0011999999999999998949,0.0011999999999999998949
-19,-162.5,0.010600000000000000047,0.010600000000000000047
-18,-162.5,0.0037000000000000001638,0.0037000000000000001638
-17,-162.5,0.013199999999999999928,0.013199999999999999928
-16,-162.5,0.20990000000000000324,0.20990000000000000324
-15,-162.5,0.55320000000000002505,0.55320000000000002505
-14,-162.5,0.10860000000000000209,0.10860000000000000209
-13,-162.5,0.023400000000000000661,0.023400000000000000661
-12,-162.5,0.049299999999999996603,0.049299999999999996603
-11,-162.5,0.087300000000000002598,0.087300000000000002598
-10,-162.5,0.052600000000000000921,0.052600000000000000921
-9,-162.5,0.0035000000000000000729,0.0035000000000000000729
-8,-162.5,0.00029999999999999997372,0.00029999999999999997372
-7,-162.5,0,0
-6,-162.5,0.0020000000000000000416,0.0020000000000000000416
-5,-162.5,0.0013999999999999999858,0.0013999999999999999858
-4,-162.5,0.00050000000000000001041,0.00050000000000000001041
-3,-162.5,0.00029999999999999997372,0.00029999999999999997372
-2,-162.5,0,0
-1,-162.5,0,0
0,-162.5,0.00010000000000000000479,0.00010000000000000000479
1,-162.5,0,0
2,-162.5,0,0
3,-162.5,0,0
4,-162.5,0,0
5,-162.5,0,0
6,-162.5,0.2670000000000000151,0.2670000000000000151
7,-162.5,0.56110000000000004317,0.56110000000000004317
8,-162.5,0.008300000000000000086,0.008300000000000000086
9,-162.5,0.0010000000000000000208,0.0010000000000000000208
10,-162.5,0.0067000000000000002262,0.0067000000000000002262
11,-162.5,0.061800000000000000766,0.061800000000000000766
12,-162.5,0.068900000000000002909,0.068900000000000002909
13,-162.5,0.070999999999999993672,0.070999999999999993672
14,-162.5,0.25340000000000001412,0.25340000000000001412
15,-162.5,0.5454999999999999849,0.5454999999999999849
16,-162.5,0.47270000000000000906,0.47270000000000000906
17,-162.5,0.37850000000000000311,0.37850000000000000311
18,-162.5,0.16480000000000000204,0.16480000000000000204
19,-162.5,0.081500000000000002998,0.081500000000000002998
20,-162.5,0.037299999999999999822,0.037299999999999999822
21,-162.5,0.039199999999999998734,0.039199999999999998734
22,-162.5,0.061800000000000000766,0.061800000000000000766
23,-162.5,0.10059999999999999498,0.10059999999999999498
24,-162.5,0.088999999999999995781,0.088999999999999995781
25,-162.5,0.072900000000000006461,0.072900000000000006461
26,-162.5,0.058299999999999997657,0.058299999999999997657
27,-162.5,0.14289999999999999925,0.14289999999999999925
28,-162.5,0.26150000000000001021,0.26150000000000001021
29,-162.5,0.34989999999999998881,0.34989999999999998881
30,-162.5,0.58330000000000004068,0.58330000000000004068
31,-162.5,0.45129999999999997895,0.45129999999999997895
32,-162.5,0.11479999999999999927,0.11479999999999999927
33,-162.5,0.10090000000000000357,0.10090000000000000357
34,-162.5,0.16189999999999998836,0.16189999999999998836
35,-162.5,0.17069999999999999063,0.17069999999999999063
36,-162.5,0.30409999999999998144,0.30409999999999998144
37,-162.5,0.39779999999999998694,0.39779999999999998694
38,-162.5,0.17389999999999999902,0.17389999999999999902
39,-162.5,0.15329999999999999183,0.15329999999999999183
40,-162.5,0.21829999999999999405,0.21829999999999999405
41,-162.5,0.24399999999999999467,0.24399999999999999467
42,-162.5,0.099500000000000005107,0.099500000000000005107
43,-162.5,0.17849999999999999201,0.17849999999999999201
44,-162.5,0.44130000000000002558,0.44130000000000002558
45,-162.5,0.33689999999999997726,0.33689999999999997726
46,-162.5,0.29689999999999999725,0.29689999999999999725
47,-162.5,0.13150000000000000577,0.13150000000000000577
48,-162.5,0.031699999999999999012,0.031699999999999999012
49,-162.5,0.027799999999999998324,0.027799999999999998324
50,-162.5,0.15390000000000000902,0.15390000000000000902
51,-162.5,0.15770000000000000684,0.15770000000000000684
52,-162.5,0.13420000000000001372,0.13420000000000001372
53,-162.5,0.11129999999999999616,0.11129999999999999616
54,-162.5,0.18220000000000000084,0.18220000000000000084
55,-162.5,0.23689999999999999947,0.23689999999999999947
56,-162.5,0.39629999999999998561,0.39629999999999998561
57,-162.5,0.27560000000000001164,0.27560000000000001164
58,-162.5,0.33090000000000002744,0.33090000000000002744
59,-162.5,0.47649999999999997913,0.47649999999999997913
60,-162.5,0.45219999999999999085,0.45219999999999999085
61,-162.5,0.37809999999999999165,0.37809999999999999165
62,-162.5,0.58740000000000003322,0.58740000000000003322
63,-162.5,0.839199999999999946,0.839199999999999946
64,-162.5,0.87929999999999997051,0.87929999999999997051
65,-162.5,0.62709999999999999076,0.62709999999999999076
66,-162.5,0.96169999999999999929,0.96169999999999999929
67,-162.5,0.6909999999999999476,0.6909999999999999476
68,-162.5,0.35449999999999998179,0.35449999999999998179
69,-162.5,0.19919999999999998819,0.19919999999999998819
70,-162.5,0.31409999999999999032,0.31409999999999999032
-69,-161.25,0.54710000000000003073,0.54710000000000003073
-68,-161.25,0.77219999999999999751,0.77219999999999999751
-67,-161.25,0.82259999999999999787,0.82259999999999999787
-66,-161.25,0.91379999999999994564,0.91379999999999994564
-65,-161.25,0.71989999999999998437,0.71989999999999998437
-64,-161.25,0.59299999999999997158,0.59299999999999997158
-63,-161.25,0.63929999999999997939,0.63929999999999997939
-62,-161.25,0.73509999999999997566,0.73509999999999997566
-61,-161.25,0.4616000000000000103,0.4616000000000000103
-60,-161.25,0.4813000000000000056,0.4813000000000000056
-59,-161.25,0.35010000000000002229,0.35010000000000002229
-58,-161.25,0.41549999999999998046,0.41549999999999998046
-57,-161.25,0.57250000000000000888,0.57250000000000000888
-56,-161.25,0.74839999999999995417,0.74839999999999995417
-55,-161.25,0.98640000000000005453,0.98640000000000005453
-54,-161.25,0.71640000000000003677,0.71640000000000003677
-53,-161.25,0.92700000000000004619,0.92700000000000004619
-52,-161.25,0.98550000000000004263,0.98550000000000004263
-51,-161.25,0.81130000000000002114,0.81130000000000002114
-50,-161.25,0.22539999999999998925,0.22539999999999998925
-49,-161.25,0.15709999999999998965,0.15709999999999998965
-48,-161.25,0.93020000000000002682,0.93020000000000002682
-47,-161.25,0.84399999999999997247,0.84399999999999997247
-46,-161.25,0.81920000000000003926,0.81920000000000003926
-45,-161.25,0.75329999999999996962,0.75329999999999996962
-44,-161.25,0.44340000000000001634,0.44340000000000001634
-43,-161.25,0.96560000000000001386,0.96560000000000001386
-42,-161.25,0.99750000000000005329,0.99750000000000005329
-41,-161.25,0.96570000000000000284,0.96570000000000000284
-40,-161.25,0.58369999999999999662,0.58369999999999999662
-39,-161.25,0.84399999999999997247,0.84399999999999997247
-38,-161.25,0.61709999999999998188,0.61709999999999998188
-37,-161.25,0.192000000000000004,0.192000000000000004
-36,-161.25,0.055300000000000001932,0.055300000000000001932
-35,-161.25,0.031699999999999999012,0.031699999999999999012
-34,-161.25,0.023500000000000000056,0.023500000000000000056
-33,-161.25,0.036600000000000000588,0.036600000000000000588
-32,-161.25,0.052499999999999998057,0.052499999999999998057
-31,-161.25,0.020400000000000001465,0.020400000000000001465
-30,-161.25,0.0027999999999999999716,0.0027999999999999999716
-29,-161.25,0.00059999999999999994744,0.00059999999999999994744
-28,-161.25,0,0
-27,-161.25,0,0
-26,-161.25,0.00010000000000000000479,0.00010000000000000000479
-25,-161.25,0.0022999999999999999611,0.0022999999999999999611
-24,-161.25,0.0020000000000000000416,0.0020000000000000000416
-23,-161.25,0.0020999999999999998702,0.0020999999999999998702
-22,-161.25,0.0012999999999999999403,0.0012999999999999999403
-21,-161.25,0.0016000000000000000767,0.0016000000000000000767
-20,-161.25,0.0067999999999999996211,0.0067999999999999996211
-19,-161.25,0.0091000000000000004496,0.0091000000000000004496
-18,-161.25,0.017899999999999999245,0.017899999999999999245
-17,-161.25,0.045199999999999997125,0.045199999999999997125
-16,-161.25,0.37159999999999998588,0.37159999999999998588
-15,-161.25,0.53779999999999994476,0.53779999999999994476
-14,-161.25,0.066500000000000003553,0.066500000000000003553
-13,-161.25,0.025899999999999999412,0.025899999999999999412
-12,-161.25,0.043799999999999998657,0.043799999999999998657
-11,-161.25,0.087300000000000002598,0.087300000000000002598
-10,-161.25,0.045699999999999997569,0.045699999999999997569
-9,-161.25,0.0022999999999999999611,0.0022999999999999999611
-8,-161.25,0.00029999999999999997372,0.00029999999999999997372
-7,-161.25,0.0016999999999999999053,0.0016999999999999999053
-6,-161.25,0.0061999999999999997821,0.0061999999999999997821
-5,-161.25,0.0070000000000000001457,0.0070000000000000001457
-4,-161.25,0.0017999999999999999507,0.0017999999999999999507
-3,-161.25,0.00050000000000000001041,0.00050000000000000001041
-2,-161.25,0.00029999999999999997372,0.00029999999999999997372
-1,-161.25,0.00010000000000000000479,0.00010000000000000000479
0,-161.25,0,0
1,-161.25,0,0
2,-161.25,0,0
3,-161.25,0,0
4,-161.25,0,0
5,-161.25,0,0
6,-161.25,0.18790000000000001146,0.18790000000000001146
7,-161.25,0.75419999999999998153,0.75419999999999998153
8,-161.25,0.01170000000000000033,0.01170000000000000033
9,-161.25,0.0012999999999999999403,0.0012999999999999999403
10,-161.25,0.0088999999999999999251,0.0088999999999999999251
11,-161.25,0.049299999999999996603,0.049299999999999996603
12,-161.25,0.047300000000000001765,0.047300000000000001765
13,-161.25,0.075100000000000000089,0.075100000000000000089
14,-161.25,0.23849999999999998979,0.23849999999999998979
15,-161.25,0.33279999999999998472,0.33279999999999998472
16,-161.25,0.33639999999999997682,0.33639999999999997682
17,-161.25,0.26819999999999999396,0.26819999999999999396
18,-161.25,0.16270000000000001128,0.16270000000000001128
19,-161.25,0.064100000000000004197,0.064100000000000004197
20,-161.25,0.024799999999999999128,0.024799999999999999128
21,-161.25,0.027799999999999998324,0.027799999999999998324
22,-161.25,0.064500000000000001776,0.064500000000000001776
23,-161.25,0.073400000000000006906,0.073400000000000006906
24,-161.25,0.076300000000000006706,0.076300000000000006706
25,-161.25,0.0682999999999999996,0.0682999999999999996
26,-161.25,0.1121000000000000052,0.1121000000000000052
27,-161.25,0.16150000000000000466,0.16150000000000000466
28,-161.25,0.31969999999999998419,0.31969999999999998419
29,-161.25,0.57110000000000005205,0.57110000000000005205
30,-161.25,0.68600000000000005418,0.68600000000000005418
31,-161.25,0.45910000000000000808,0.45910000000000000808
32,-161.25,0.19620000000000001328,0.19620000000000001328
33,-161.25,0.1307999999999999996,0.1307999999999999996
34,-161.25,0.14280000000000001026,0.14280000000000001026
35,-161.25,0.25130000000000002336,0.25130000000000002336
36,-161.25,0.26929999999999998384,0.26929999999999998384
37,-161.25,0.15700000000000000067,0.15700000000000000067
38,-161.25,0.12070000000000000173,0.12070000000000000173
39,-161.25,0.06289999999999999758,0.06289999999999999758
40,-161.25,0.03230000000000000232,0.03230000000000000232
41,-161.25,0.1030999999999999972,0.1030999999999999972
42,-161.25,0.10299999999999999434,0.10299999999999999434
43,-161.25,0.088700000000000001066,0.088700000000000001066
44,-161.25,0.20880000000000001337,0.20880000000000001337
45,-161.25,0.16139999999999998792,0.16139999999999998792
46,-161.25,0.17799999999999999156,0.17799999999999999156
47,-161.25,0.10000000000000000555,0.10000000000000000555
48,-161.25,0.058400000000000000522,0.058400000000000000522
49,-161.25,0.03289999999999999869,0.03289999999999999869
50,-161.25,0.10939999999999999725,0.10939999999999999725
51,-161.25,0.1414999999999999869,0.1414999999999999869
52,-161.25,0.07779999999999999416,0.07779999999999999416
53,-161.25,0.045800000000000000433,0.045800000000000000433
54,-161.25,0.048800000000000003098,0.048800000000000003098
55,-161.25,0.11949999999999999512,0.11949999999999999512
56,-161.25,0.36359999999999997877,0.36359999999999997877
57,-161.25,0.23419999999999999152,0.23419999999999999152
58,-161.25,0.20710000000000000631,0.20710000000000000631
59,-161.25,0.23869999999999999551,0.23869999999999999551
60,-161.25,0.45969999999999999751,0.45969999999999999751
61,-161.25,0.4161000000000000254,0.4161000000000000254
62,-161.25,0.38329999999999997407,0.38329999999999997407
63,-161.25,0.57210000000000005294,0.57210000000000005294
64,-161.25,0.87909999999999999254,0.87909999999999999254
65,-161.25,0.84430000000000005045,0.84430000000000005045
66,-161.25,0.95820000000000005169,0.95820000000000005169
67,-161.25,0.82730000000000003535,0.82730000000000003535
68,-161.25,0.48070000000000001616,0.48070000000000001616
69,-161.25,0.31940000000000001723,0.31940000000000001723
70,-161.25,0.38309999999999999609,0.38309999999999999609
-69,-160,0.64780000000000004245,0.64780000000000004245
-68,-160,0.86629999999999995897,0.86629999999999995897
-67,-160,0.87660000000000004583,0.87660000000000004583
-66,-160,0.92310000000000003162,0.92310000000000003162
-65,-160,0.71079999999999998739,0.71079999999999998739
-64,-160,0.5909999999999999698,0.5909999999999999698
-63,-160,0.64790000000000003144,0.64790000000000003144
-62,-160,0.60970000000000001972,0.60970000000000001972
-61,-160,0.2909999999999999809,0.2909999999999999809
-60,-160,0.71379999999999999005,0.71379999999999999005
-59,-160,0.66569999999999995843,0.66569999999999995843
-58,-160,0.79330000000000000515,0.79330000000000000515
-57,-160,0.79230000000000000426,0.79230000000000000426
-56,-160,0.87160000000000004139,0.87160000000000004139
-55,-160,0.98799999999999998934,0.98799999999999998934
-54,-160,0.9393000000000000238,0.9393000000000000238
-53,-160,0.99409999999999998366,0.99409999999999998366
-52,-160,0.95030000000000003357,0.95030000000000003357
-51,-160,0.77059999999999995168,0.77059999999999995168
-50,-160,0.16009999999999999232,0.16009999999999999232
-49,-160,0.18249999999999999556,0.18249999999999999556
-48,-160,0.82299999999999995381,0.82299999999999995381
-47,-160,0.89480000000000003979,0.89480000000000003979
-46,-160,0.81910000000000005027,0.81910000000000005027
-45,-160,0.44250000000000000444,0.44250000000000000444
-44,-160,0.28610000000000002096,0.28610000000000002096
-43,-160,0.98650000000000004352,0.98650000000000004352
-42,-160,0.94759999999999999787,0.94759999999999999787
-41,-160,0.83189999999999997282,0.83189999999999997282
-40,-160,0.80059999999999997833,0.80059999999999997833
-39,-160,0.84340000000000003855,0.84340000000000003855
-38,-160,0.51729999999999998206,0.51729999999999998206
-37,-160,0.14180000000000000937,0.14180000000000000937
-36,-160,0.076300000000000006706,0.076300000000000006706
-35,-160,0.046300000000000000877,0.046300000000000000877
-34,-160,0.038100000000000001921,0.038100000000000001921
-33,-160,0.022900000000000000216,0.022900000000000000216
-32,-160,0.019900000000000001021,0.019900000000000001021
-31,-160,0.0033999999999999998106,0.0033999999999999998106
-30,-160,0.0010000000000000000208,0.0010000000000000000208
-29,-160,0.00010000000000000000479,0.00010000000000000000479
-28,-160,0,0
-27,-160,0,0
-26,-160,0.00020000000000000000958,0.00020000000000000000958
-25,-160,0.0023999999999999997898,0.0023999999999999997898
-24,-160,0.00089999999999999997537,0.00089999999999999997537
-23,-160,0.0037000000000000001638,0.0037000000000000001638
-22,-160,0.002500000000000000052,0.002500000000000000052
-21,-160,0.0064999999999999997016,0.0064999999999999997016
-20,-160,0.020199999999999999206,0.020199999999999999206
-19,-160,0.015199999999999999969,0.015199999999999999969
-18,-160,0.024799999999999999128,0.024799999999999999128
-17,-160,0.07489999999999999436,0.07489999999999999436
-16,-160,0.27820000000000000284,0.27820000000000000284
-15,-160,0.29489999999999999547,0.29489999999999999547
-14,-160,0.034200000000000001232,0.034200000000000001232
-13,-160,0.020099999999999999811,0.020099999999999999811
-12,-160,0.034599999999999998812,0.034599999999999998812
-11,-160,0.070599999999999996092,0.070599999999999996092
-10,-160,0.036299999999999998934,0.036299999999999998934
-9,-160,0.003299999999999999982,0.003299999999999999982
-8,-160,0.00059999999999999994744,0.00059999999999999994744
-7,-160,0.00449999999999999966,0.00449999999999999966
-6,-160,0.0085000000000000006106,0.0085000000000000006106
-5,-160,0.010000000000000000208,0.010000000000000000208
-4,-160,0.0027999999999999999716,0.0027999999999999999716
-3,-160,0.00069999999999999999289,0.00069999999999999999289
-2,-160,0.00029999999999999997372,0.00029999999999999997372
-1,-160,0,0
0,-160,0,0
1,-160,0,0
2,-160,0,0
3,-160,0,0
4,-160,0,0
5,-160,0,0
6,-160,0.09539999999999999869,0.09539999999999999869
7,-160,0.8632999999999999563,0.8632999999999999563
8,-160,0.021499999999999998279,0.021499999999999998279
9,-160,0.00089999999999999997537,0.00089999999999999997537
10,-160,0.0030999999999999998911,0.0030999999999999998911
11,-160,0.02380000000000000171,0.02380000000000000171
12,-160,0.031800000000000001876,0.031800000000000001876
13,-160,0.044600000000000000755,0.044600000000000000755
14,-160,0.35380000000000000338,0.35380000000000000338
15,-160,0.3402000000000000024,0.3402000000000000024
16,-160,0.29299999999999998268,0.29299999999999998268
17,-160,0.20160000000000000142,0.20160000000000000142
18,-160,0.090599999999999999978,0.090599999999999999978
19,-160,0.052699999999999996847,0.052699999999999996847
20,-160,0.024699999999999999734,0.024699999999999999734
21,-160,0.036999999999999998168,0.036999999999999998168
22,-160,0.1633999999999999897,0.1633999999999999897
23,-160,0.081900000000000000577,0.081900000000000000577
24,-160,0.11529999999999999971,0.11529999999999999971
25,-160,0.11609999999999999487,0.11609999999999999487
26,-160,0.20250000000000001332,0.20250000000000001332
27,-160,0.26019999999999998685,0.26019999999999998685
28,-160,0.48289999999999999591,0.48289999999999999591
29,-160,0.66059999999999996501,0.66059999999999996501
30,-160,0.69069999999999998064,0.69069999999999998064
31,-160,0.4275999999999999801,0.4275999999999999801
32,-160,0.29149999999999998135,0.29149999999999998135
33,-160,0.1945999999999999952,0.1945999999999999952
34,-160,0.25750000000000000666,0.25750000000000000666
35,-160,0.21129999999999998783,0.21129999999999998783
36,-160,0.31180000000000002158,0.31180000000000002158
37,-160,0.19209999999999999298,0.19209999999999999298
38,-160,0.065600000000000005529,0.065600000000000005529
39,-160,0.080299999999999996381,0.080299999999999996381
40,-160,0.034099999999999998368,0.034099999999999998368
41,-160,0.03289999999999999869,0.03289999999999999869
42,-160,0.064699999999999993627,0.064699999999999993627
43,-160,0.029299999999999999656,0.029299999999999999656
44,-160,0.046399999999999996803,0.046399999999999996803
45,-160,0.040700000000000000067,0.040700000000000000067
46,-160,0.056099999999999997091,0.056099999999999997091
47,-160,0.063799999999999995604,0.063799999999999995604
48,-160,0.062600000000000002864,0.062600000000000002864
49,-160,0.072700000000000000733,0.072700000000000000733
50,-160,0.079399999999999998357,0.079399999999999998357
51,-160,0.049099999999999997813,0.049099999999999997813
52,-160,0.026599999999999998646,0.026599999999999998646
53,-160,0.010300000000000000128,0.010300000000000000128
54,-160,0.0091000000000000004496,0.0091000000000000004496
55,-160,0.055100000000000003142,0.055100000000000003142
56,-160,0.11490000000000000213,0.11490000000000000213
57,-160,0.21390000000000000679,0.21390000000000000679
58,-160,0.11869999999999999996,0.11869999999999999996
59,-160,0.096000000000000001998,0.096000000000000001998
60,-160,0.039899999999999997968,0.039899999999999997968
61,-160,0.39619999999999999662,0.39619999999999999662
62,-160,0.35530000000000000471,0.35530000000000000471
63,-160,0.28179999999999999494,0.28179999999999999494
64,-160,0.62019999999999997353,0.62019999999999997353
65,-160,0.86309999999999997833,0.86309999999999997833
66,-160,0.99680000000000001936,0.99680000000000001936
67,-160,0.94430000000000002824,0.94430000000000002824
68,-160,0.66159999999999996589,0.66159999999999996589
69,-160,0.5501000000000000334,0.5501000000000000334
70,-160,0.55359999999999998099,0.55359999999999998099
-69,-158.75,0.68010000000000003784,0.68010000000000003784
-68,-158.75,0.89610000000000000764,0.89610000000000000764
-67,-158.75,0.91720000000000001528,0.91720000000000001528
-66,-158.75,0.88959999999999994635,0.88959999999999994635
-65,-158.75,0.68330000000000001847,0.68330000000000001847
-64,-158.75,0.63460000000000005294,0.63460000000000005294
-63,-158.75,0.77890000000000003677,0.77890000000000003677
-62,-158.75,0.57020000000000004015,0.57020000000000004015
-61,-158.75,0.33100000000000001643,0.33100000000000001643
-60,-158.75,0.77900000000000002576,0.77900000000000002576
-59,-158.75,0.97929999999999994831,0.97929999999999994831
-58,-158.75,0.93230000000000001759,0.93230000000000001759
-57,-158.75,0.95350000000000001421,0.95350000000000001421
-56,-158.75,0.71340000000000003411,0.71340000000000003411
-55,-158.75,0.94420000000000003926,0.94420000000000003926
-54,-158.75,0.87329999999999996518,0.87329999999999996518
-53,-158.75,0.97109999999999996323,0.97109999999999996323
-52,-158.75,0.80830000000000001847,0.80830000000000001847
-51,-158.75,0.43359999999999998543,0.43359999999999998543
-50,-158.75,0.22989999999999999325,0.22989999999999999325
-49,-158.75,0.48820000000000002283,0.48820000000000002283
-48,-158.75,0.86819999999999997176,0.86819999999999997176
-47,-158.75,0.8276999999999999913,0.8276999999999999913
-46,-158.75,0.88100000000000000533,0.88100000000000000533
-45,-158.75,0.71199999999999996625,0.71199999999999996625
-44,-158.75,0.66139999999999998792,0.66139999999999998792
-43,-158.75,0.95199999999999995737,0.95199999999999995737
-42,-158.75,0.97350000000000003197,0.97350000000000003197
-41,-158.75,0.76310000000000000053,0.76310000000000000053
-40,-158.75,0.77059999999999995168,0.77059999999999995168
-39,-158.75,0.53569999999999995399,0.53569999999999995399
-38,-158.75,0.34429999999999999494,0.34429999999999999494
-37,-158.75,0.17740000000000000213,0.17740000000000000213
-36,-158.75,0.069400000000000003353,0.069400000000000003353
-35,-158.75,0.052699999999999996847,0.052699999999999996847
-34,-158.75,0.036799999999999999378,0.036799999999999999378
-33,-158.75,0.0061000000000000003872,0.0061000000000000003872
-32,-158.75,0.0025999999999999998807,0.0025999999999999998807
-31,-158.75,0.00029999999999999997372,0.00029999999999999997372
-30,-158.75,0.00010000000000000000479,0.00010000000000000000479
-29,-158.75,0,0
-28,-158.75,0,0
-27,-158.75,0,0
-26,-158.75,0.00020000000000000000958,0.00020000000000000000958
-25,-158.75,0.0032000000000000001533,0.0032000000000000001533
-24,-158.75,0.0020999999999999998702,0.0020999999999999998702
-23,-158.75,0.0040000000000000000833,0.0040000000000000000833
-22,-158.75,0.008300000000000000086,0.008300000000000000086
-21,-158.75,0.015299999999999999364,0.015299999999999999364
-20,-158.75,0.029299999999999999656,0.029299999999999999656
-19,-158.75,0.039100000000000002809,0.039100000000000002809
-18,-158.75,0.043499999999999997002,0.043499999999999997002
-17,-158.75,0.075499999999999997669,0.075499999999999997669
-16,-158.75,0.38140000000000001679,0.38140000000000001679
-15,-158.75,0.11290000000000000036,0.11290000000000000036
-14,-158.75,0.022300000000000000377,0.022300000000000000377
-13,-158.75,0.014200000000000000816,0.014200000000000000816
-12,-158.75,0.041700000000000000955,0.041700000000000000955
-11,-158.75,0.078100000000000002753,0.078100000000000002753
-10,-158.75,0.047800000000000002209,0.047800000000000002209
-9,-158.75,0.0067000000000000002262,0.0067000000000000002262
-8,-158.75,0.0017999999999999999507,0.0017999999999999999507
-7,-158.75,0.008399999999999999481,0.008399999999999999481
-6,-158.75,0.016799999999999998962,0.016799999999999998962
-5,-158.75,0.019400000000000000577,0.019400000000000000577
-4,-158.75,0.0080999999999999995615,0.0080999999999999995615
-3,-158.75,0.0016000000000000000767,0.0016000000000000000767
-2,-158.75,0.00020000000000000000958,0.00020000000000000000958
-1,-158.75,0,0
0,-158.75,0,0
1,-158.75,0,0
2,-158.75,0,0
3,-158.75,0,0
4,-158.75,0,0
5,-158.75,0,0
6,-158.75,0.040199999999999999623,0.040199999999999999623
7,-158.75,0.94389999999999996128,0.94389999999999996128
8,-158.75,0.021399999999999998884,0.021399999999999998884
9,-158.75,0.00069999999999999999289,0.00069999999999999999289
10,-158.75,0.00069999999999999999289,0.00069999999999999999289
11,-158.75,0.013400000000000000452,0.013400000000000000452
12,-158.75,0.025999999999999998807,0.025999999999999998807
13,-158.75,0.056599999999999997535,0.056599999999999997535
14,-158.75,0.28629999999999999893,0.28629999999999999893
15,-158.75,0.31040000000000000924,0.31040000000000000924
16,-158.75,0.23269999999999999019,0.23269999999999999019
17,-158.75,0.17280000000000000915,0.17280000000000000915
18,-158.75,0.076100000000000000977,0.076100000000000000977
19,-158.75,0.03869999999999999829,0.03869999999999999829
20,-158.75,0.031699999999999999012,0.031699999999999999012
21,-158.75,0.0653999999999999998,0.0653999999999999998
22,-158.75,0.17519999999999999463,0.17519999999999999463
23,-158.75,0.10320000000000000007,0.10320000000000000007
24,-158.75,0.1459999999999999909,0.1459999999999999909
25,-158.75,0.10549999999999999656,0.10549999999999999656
26,-158.75,0.17690000000000000169,0.17690000000000000169
27,-158.75,0.31580000000000002514,0.31580000000000002514
28,-158.75,0.56440000000000001279,0.56440000000000001279
29,-158.75,0.59130000000000004778,0.59130000000000004778
30,-158.75,0.52170000000000005258,0.52170000000000005258
31,-158.75,0.35249999999999998002,0.35249999999999998002
32,-158.75,0.23960000000000000742,0.23960000000000000742
33,-158.75,0.33850000000000002309,0.33850000000000002309
34,-158.75,0.39260000000000000453,0.39260000000000000453
35,-158.75,0.29210000000000002629,0.29210000000000002629
36,-158.75,0.30690000000000000613,0.30690000000000000613
37,-158.75,0.32919999999999999263,0.32919999999999999263
38,-158.75,0.088300000000000003486,0.088300000000000003486
39,-158.75,0.048199999999999999789,0.048199999999999999789
40,-158.75,0.034099999999999998368,0.034099999999999998368
41,-158.75,0.026300000000000000461,0.026300000000000000461
42,-158.75,0.043599999999999999867,0.043599999999999999867
43,-158.75,0.042900000000000000633,0.042900000000000000633
44,-158.75,0.021899999999999999328,0.021899999999999999328
45,-158.75,0.023099999999999999006,0.023099999999999999006
46,-158.75,0.019699999999999998762,0.019699999999999998762
47,-158.75,0.052100000000000000477,0.052100000000000000477
48,-158.75,0.052900000000000002576,0.052900000000000002576
49,-158.75,0.036600000000000000588,0.036600000000000000588
50,-158.75,0.026999999999999999695,0.026999999999999999695
51,-158.75,0.014200000000000000816,0.014200000000000000816
52,-158.75,0.0075999999999999999847,0.0075999999999999999847
53,-158.75,0.0037000000000000001638,0.0037000000000000001638
54,-158.75,0.0047999999999999995795,0.0047999999999999995795
55,-158.75,0.021100000000000000699,0.021100000000000000699
56,-158.75,0.028799999999999999212,0.028799999999999999212
57,-158.75,0.060199999999999996569,0.060199999999999996569
58,-158.75,0.063899999999999998468,0.063899999999999998468
59,-158.75,0.034799999999999997602,0.034799999999999997602
60,-158.75,0.012500000000000000694,0.012500000000000000694
61,-158.75,0.11229999999999999705,0.11229999999999999705
62,-158.75,0.38259999999999999565,0.38259999999999999565
63,-158.75,0.3688000000000000167,0.3688000000000000167
64,-158.75,0.44390000000000001679,0.44390000000000001679
65,-158.75,0.62739999999999995772,0.62739999999999995772
66,-158.75,0.96230000000000004423,0.96230000000000004423
67,-158.75,0.86670000000000002593,0.86670000000000002593
68,-158.75,0.70050000000000001155,0.70050000000000001155
69,-158.75,0.76359999999999994547,0.76359999999999994547
70,-158.75,0.70220000000000004636,0.70220000000000004636
-69,-157.5,0.74260000000000003784,0.74260000000000003784
-68,-157.5,0.90239999999999997993,0.90239999999999997993
-67,-157.5,0.9161000000000000254,0.9161000000000000254
-66,-157.5,0.81120000000000003215,0.81120000000000003215
-65,-157.5,0.6373999999999999666,0.6373999999999999666
-64,-157.5,0.71450000000000002398,0.71450000000000002398
-63,-157.5,0.86170000000000002149,0.86170000000000002149
-62,-157.5,0.55749999999999999556,0.55749999999999999556
-61,-157.5,0.39979999999999998872,0.39979999999999998872
-60,-157.5,0.70950000000000001954,0.70950000000000001954
-59,-157.5,0.96950000000000002842,0.96950000000000002842
-58,-157.5,0.79310000000000002718,0.79310000000000002718
-57,-157.5,0.9331000000000000405,0.9331000000000000405
-56,-157.5,0.55269999999999996909,0.55269999999999996909
-55,-157.5,0.64939999999999997726,0.64939999999999997726
-54,-157.5,0.73409999999999997478,0.73409999999999997478
-53,-157.5,0.79049999999999998046,0.79049999999999998046
-52,-157.5,0.28349999999999997424,0.28349999999999997424
-51,-157.5,0.32479999999999997762,0.32479999999999997762
-50,-157.5,0.38109999999999999432,0.38109999999999999432
-49,-157.5,0.81420000000000003482,0.81420000000000003482
-48,-157.5,0.91500000000000003553,0.91500000000000003553
-47,-157.5,0.92359999999999997655,0.92359999999999997655
-46,-157.5,0.65059999999999995612,0.65059999999999995612
-45,-157.5,0.91290000000000004476,0.91290000000000004476
-44,-157.5,0.60840000000000005187,0.60840000000000005187
-43,-157.5,0.9152000000000000135,0.9152000000000000135
-42,-157.5,0.79130000000000000338,0.79130000000000000338
-41,-157.5,0.74760000000000004228,0.74760000000000004228
-40,-157.5,0.60480000000000000426,0.60480000000000000426
-39,-157.5,0.45440000000000002611,0.45440000000000002611
-38,-157.5,0.4384000000000000119,0.4384000000000000119
-37,-157.5,0.22939999999999999281,0.22939999999999999281
-36,-157.5,0.070499999999999993228,0.070499999999999993228
-35,-157.5,0.033399999999999999134,0.033399999999999999134
-34,-157.5,0.0041999999999999997405,0.0041999999999999997405
-33,-157.5,0.0011000000000000000663,0.0011000000000000000663
-32,-157.5,0.00050000000000000001041,0.00050000000000000001041
-31,-157.5,0.00020000000000000000958,0.00020000000000000000958
-30,-157.5,0,0
-29,-157.5,0.00020000000000000000958,0.00020000000000000000958
-28,-157.5,0.00010000000000000000479,0.00010000000000000000479
-27,-157.5,0.00010000000000000000479,0.00010000000000000000479
-26,-157.5,0.0012999999999999999403,0.0012999999999999999403
-25,-157.5,0.0027999999999999999716,0.0027999999999999999716
-24,-157.5,0.0022999999999999999611,0.0022999999999999999611
-23,-157.5,0.0067000000000000002262,0.0067000000000000002262
-22,-157.5,0.028899999999999998607,0.028899999999999998607
-21,-157.5,0.04469999999999999668,0.04469999999999999668
-20,-157.5,0.02999999999999999889,0.02999999999999999889
-19,-157.5,0.04469999999999999668,0.04469999999999999668
-18,-157.5,0.056399999999999998745,0.056399999999999998745
-17,-157.5,0.089800000000000004818,0.089800000000000004818
-16,-157.5,0.44469999999999998419,0.44469999999999998419
-15,-157.5,0.13550000000000000933,0.13550000000000000933
-14,-157.5,0.037100000000000001033,0.037100000000000001033
-13,-157.5,0.039399999999999997524,0.039399999999999997524
-12,-157.5,0.093399999999999996914,0.093399999999999996914
-11,-157.5,0.13020000000000001017,0.13020000000000001017
-10,-157.5,0.058900000000000000966,0.058900000000000000966
-9,-157.5,0.014000000000000000291,0.014000000000000000291
-8,-157.5,0.0043000000000000000028,0.0043000000000000000028
-7,-157.5,0.015900000000000000938,0.015900000000000000938
-6,-157.5,0.028600000000000000422,0.028600000000000000422
-5,-157.5,0.0269000000000000003,0.0269000000000000003
-4,-157.5,0.011900000000000000855,0.011900000000000000855
-3,-157.5,0.0018999999999999999962,0.0018999999999999999962
-2,-157.5,0.00010000000000000000479,0.00010000000000000000479
-1,-157.5,0.00010000000000000000479,0.00010000000000000000479
0,-157.5,0,0
1,-157.5,0,0
2,-157.5,0,0
3,-157.5,0,0
4,-157.5,0,0
5,-157.5,0,0
6,-157.5,0.029700000000000000705,0.029700000000000000705
7,-157.5,0.99209999999999998188,0.99209999999999998188
8,-157.5,0.048000000000000000999,0.048000000000000000999
9,-157.5,0.00080000000000000003834,0.00080000000000000003834
10,-157.5,0.00080000000000000003834,0.00080000000000000003834
11,-157.5,0.010399999999999999523,0.010399999999999999523
12,-157.5,0.042900000000000000633,0.042900000000000000633
13,-157.5,0.090599999999999999978,0.090599999999999999978
14,-157.5,0.24460000000000001186,0.24460000000000001186
15,-157.5,0.27650000000000002354,0.27650000000000002354
16,-157.5,0.25490000000000001545,0.25490000000000001545
17,-157.5,0.24460000000000001186,0.24460000000000001186
18,-157.5,0.25430000000000002602,0.25430000000000002602
19,-157.5,0.068400000000000002465,0.068400000000000002465
20,-157.5,0.1549000000000000099,0.1549000000000000099
21,-157.5,0.34870000000000000995,0.34870000000000000995
22,-157.5,0.26050000000000000933,0.26050000000000000933
23,-157.5,0.22309999999999999276,0.22309999999999999276
24,-157.5,0.23030000000000000471,0.23030000000000000471
25,-157.5,0.20690000000000000058,0.20690000000000000058
26,-157.5,0.245499999999999996,0.245499999999999996
27,-157.5,0.37040000000000000702,0.37040000000000000702
28,-157.5,0.5346999999999999531,0.5346999999999999531
29,-157.5,0.63980000000000003535,0.63980000000000003535
30,-157.5,0.37619999999999997886,0.37619999999999997886
31,-157.5,0.28010000000000001563,0.28010000000000001563
32,-157.5,0.18970000000000000751,0.18970000000000000751
33,-157.5,0.32719999999999999085,0.32719999999999999085
34,-157.5,0.43880000000000002336,0.43880000000000002336
35,-157.5,0.43349999999999999645,0.43349999999999999645
36,-157.5,0.42039999999999999591,0.42039999999999999591
37,-157.5,0.34599999999999997424,0.34599999999999997424
38,-157.5,0.12909999999999999254,0.12909999999999999254
39,-157.5,0.022100000000000001588,0.022100000000000001588
40,-157.5,0.011499999999999999806,0.011499999999999999806
41,-157.5,0.039600000000000003253,0.039600000000000003253
42,-157.5,0.011900000000000000855,0.011900000000000000855
43,-157.5,0.016099999999999999728,0.016099999999999999728
44,-157.5,0.0092999999999999992395,0.0092999999999999992395
45,-157.5,0.017899999999999999245,0.017899999999999999245
46,-157.5,0.014800000000000000655,0.014800000000000000655
47,-157.5,0.026499999999999999251,0.026499999999999999251
48,-157.5,0.042200000000000001399,0.042200000000000001399
49,-157.5,0.017000000000000001221,0.017000000000000001221
50,-157.5,0.0099000000000000008132,0.0099000000000000008132
51,-157.5,0.0035000000000000000729,0.0035000000000000000729
52,-157.5,0.0028999999999999998002,0.0028999999999999998002
53,-157.5,0.0030000000000000000625,0.0030000000000000000625
54,-157.5,0.0012999999999999999403,0.0012999999999999999403
55,-157.5,0.0028999999999999998002,0.0028999999999999998002
56,-157.5,0.013400000000000000452,0.013400000000000000452
57,-157.5,0.0079000000000000007716,0.0079000000000000007716
58,-157.5,0.031399999999999997358,0.031399999999999997358
59,-157.5,0.019400000000000000577,0.019400000000000000577
60,-157.5,0.024699999999999999734,0.024699999999999999734
61,-157.5,0.097799999999999998046,0.097799999999999998046
62,-157.5,0.32600000000000001199,0.32600000000000001199
63,-157.5,0.41380000000000000115,0.41380000000000000115
64,-157.5,0.62199999999999999734,0.62199999999999999734
65,-157.5,0.83360000000000000764,0.83360000000000000764
66,-157.5,0.91800000000000003819,0.91800000000000003819
67,-157.5,0.75039999999999995595,0.75039999999999995595
68,-157.5,0.53280000000000005134,0.53280000000000005134
69,-157.5,0.90020000000000000018,0.90020000000000000018
70,-157.5,0.85419999999999995932,0.85419999999999995932
-69,-156.25,0.8168999999999999595,0.8168999999999999595
-68,-156.25,0.93469999999999997531,0.93469999999999997531
-67,-156.25,0.94379999999999997229,0.94379999999999997229
-66,-156.25,0.77639999999999997904,0.77639999999999997904
-65,-156.25,0.6633999999999999897,0.6633999999999999897
-64,-156.25,0.80640000000000000568,0.80640000000000000568
-63,-156.25,0.89829999999999998739,0.89829999999999998739
-62,-156.25,0.58140000000000002789,0.58140000000000002789
-61,-156.25,0.47420000000000001039,0.47420000000000001039
-60,-156.25,0.81230000000000002203,0.81230000000000002203
-59,-156.25,0.81450000000000000178,0.81450000000000000178
-58,-156.25,0.78439999999999998614,0.78439999999999998614
-57,-156.25,0.80930000000000001936,0.80930000000000001936
-56,-156.25,0.61939999999999995062,0.61939999999999995062
-55,-156.25,0.58289999999999997371,0.58289999999999997371
-54,-156.25,0.53659999999999996589,0.53659999999999996589
-53,-156.25,0.35110000000000002318,0.35110000000000002318
-52,-156.25,0.14449999999999998956,0.14449999999999998956
-51,-156.25,0.30530000000000001581,0.30530000000000001581
-50,-156.25,0.6126000000000000334,0.6126000000000000334
-49,-156.25,0.87600000000000000089,0.87600000000000000089
-48,-156.25,0.99170000000000002593,0.99170000000000002593
-47,-156.25,0.83640000000000003233,0.83640000000000003233
-46,-156.25,0.66279999999999994476,0.66279999999999994476
-45,-156.25,0.71850000000000002753,0.71850000000000002753
-44,-156.25,0.76139999999999996572,0.76139999999999996572
-43,-156.25,0.93449999999999999734,0.93449999999999999734
-42,-156.25,0.68169999999999997264,0.68169999999999997264
-41,-156.25,0.52859999999999995879,0.52859999999999995879
-40,-156.25,0.63749999999999995559,0.63749999999999995559
-39,-156.25,0.53080000000000004956,0.53080000000000004956
-38,-156.25,0.75039999999999995595,0.75039999999999995595
-37,-156.25,0.21229999999999998872,0.21229999999999998872
-36,-156.25,0.049099999999999997813,0.049099999999999997813
-35,-156.25,0.038999999999999999944,0.038999999999999999944
-34,-156.25,0.0030000000000000000625,0.0030000000000000000625
-33,-156.25,0.00089999999999999997537,0.00089999999999999997537
-32,-156.25,0.00089999999999999997537,0.00089999999999999997537
-31,-156.25,0.00040000000000000001917,0.00040000000000000001917
-30,-156.25,0.00050000000000000001041,0.00050000000000000001041
-29,-156.25,0.00059999999999999994744,0.00059999999999999994744
-28,-156.25,0.0023999999999999997898,0.0023999999999999997898
-27,-156.25,0.0011000000000000000663,0.0011000000000000000663
-26,-156.25,0.0033999999999999998106,0.0033999999999999998106
-25,-156.25,0.0040000000000000000833,0.0040000000000000000833
-24,-156.25,0.0016999999999999999053,0.0016999999999999999053
-23,-156.25,0.0082000000000000006911,0.0082000000000000006911
-22,-156.25,0.039399999999999997524,0.039399999999999997524
-21,-156.25,0.039199999999999998734,0.039199999999999998734
-20,-156.25,0.024699999999999999734,0.024699999999999999734
-19,-156.25,0.035200000000000002121,0.035200000000000002121
-18,-156.25,0.061499999999999999112,0.061499999999999999112
-17,-156.25,0.12529999999999999472,0.12529999999999999472
-16,-156.25,0.57299999999999995381,0.57299999999999995381
-15,-156.25,0.26090000000000002078,0.26090000000000002078
-14,-156.25,0.12189999999999999447,0.12189999999999999447
-13,-156.25,0.10370000000000000051,0.10370000000000000051
-12,-156.25,0.14519999999999999574,0.14519999999999999574
-11,-156.25,0.096799999999999997158,0.096799999999999997158
-10,-156.25,0.046600000000000002531,0.046600000000000002531
-9,-156.25,0.022900000000000000216,0.022900000000000000216
-8,-156.25,0.0075999999999999999847,0.0075999999999999999847
-7,-156.25,0.028099999999999999978,0.028099999999999999978
-6,-156.25,0.051200000000000002454,0.051200000000000002454
-5,-156.25,0.037299999999999999822,0.037299999999999999822
-4,-156.25,0.014399999999999999606,0.014399999999999999606
-3,-156.25,0.0018999999999999999962,0.0018999999999999999962
-2,-156.25,0.00020000000000000000958,0.00020000000000000000958
-1,-156.25,0,0
0,-156.25,0,0
1,-156.25,0,0
2,-156.25,0,0
3,-156.25,0,0
4,-156.25,0,0
5,-156.25,0,0
6,-156.25,0.015900000000000000938,0.015900000000000000938
7,-156.25,0.96740000000000003766,0.96740000000000003766
8,-156.25,0.13869999999999998996,0.13869999999999998996
9,-156.25,0.0020000000000000000416,0.0020000000000000000416
10,-156.25,0.0011999999999999998949,0.0011999999999999998949
11,-156.25,0.010000000000000000208,0.010000000000000000208
12,-156.25,0.065500000000000002665,0.065500000000000002665
13,-156.25,0.19520000000000001239,0.19520000000000001239
14,-156.25,0.21090000000000000413,0.21090000000000000413
15,-156.25,0.29809999999999997611,0.29809999999999997611
16,-156.25,0.20430000000000000937,0.20430000000000000937
17,-156.25,0.13020000000000001017,0.13020000000000001017
18,-156.25,0.35730000000000000648,0.35730000000000000648
19,-156.25,0.96589999999999998082,0.96589999999999998082
20,-156.25,0.87139999999999995239,0.87139999999999995239
21,-156.25,0.40899999999999997469,0.40899999999999997469
22,-156.25,0.36909999999999998366,0.36909999999999998366
23,-156.25,0.35480000000000000426,0.35480000000000000426
24,-156.25,0.31369999999999997886,0.31369999999999997886
25,-156.25,0.31740000000000001545,0.31740000000000001545
26,-156.25,0.41020000000000000906,0.41020000000000000906
27,-156.25,0.52859999999999995879,0.52859999999999995879
28,-156.25,0.53069999999999994955,0.53069999999999994955
29,-156.25,0.86690000000000000391,0.86690000000000000391
30,-156.25,0.50670000000000003926,0.50670000000000003926
31,-156.25,0.23410000000000000253,0.23410000000000000253
32,-156.25,0.12559999999999998943,0.12559999999999998943
33,-156.25,0.17879999999999998672,0.17879999999999998672
34,-156.25,0.36170000000000002149,0.36170000000000002149
35,-156.25,0.48549999999999998712,0.48549999999999998712
36,-156.25,0.450900000000000023,0.450900000000000023
37,-156.25,0.450900000000000023,0.450900000000000023
38,-156.25,0.19680000000000000271,0.19680000000000000271
39,-156.25,0.031600000000000003086,0.031600000000000003086
40,-156.25,0.0065999999999999999639,0.0065999999999999999639
41,-156.25,0.0063000000000000000444,0.0063000000000000000444
42,-156.25,0.0086000000000000000056,0.0086000000000000000056
43,-156.25,0.0057000000000000002054,0.0057000000000000002054
44,-156.25,0.0032000000000000001533,0.0032000000000000001533
45,-156.25,0.0092999999999999992395,0.0092999999999999992395
46,-156.25,0.012600000000000000089,0.012600000000000000089
47,-156.25,0.016699999999999999567,0.016699999999999999567
48,-156.25,0.043999999999999997446,0.043999999999999997446
49,-156.25,0.0094000000000000003691,0.0094000000000000003691
50,-156.25,0.0020000000000000000416,0.0020000000000000000416
51,-156.25,0.00040000000000000001917,0.00040000000000000001917
52,-156.25,0.0011000000000000000663,0.0011000000000000000663
53,-156.25,0.0025999999999999998807,0.0025999999999999998807
54,-156.25,0.00059999999999999994744,0.00059999999999999994744
55,-156.25,0.00029999999999999997372,0.00029999999999999997372
56,-156.25,0.0054999999999999996808,0.0054999999999999996808
57,-156.25,0.0044000000000000002651,0.0044000000000000002651
58,-156.25,0.014200000000000000816,0.014200000000000000816
59,-156.25,0.047100000000000002975,0.047100000000000002975
60,-156.25,0.057000000000000002054,0.057000000000000002054
61,-156.25,0.21950000000000000067,0.21950000000000000067
62,-156.25,0.33870000000000000107,0.33870000000000000107
63,-156.25,0.5278000000000000469,0.5278000000000000469
64,-156.25,0.40220000000000000195,0.40220000000000000195
65,-156.25,0.64119999999999999218,0.64119999999999999218
66,-156.25,0.94489999999999996216,0.94489999999999996216
67,-156.25,0.86429999999999995719,0.86429999999999995719
68,-156.25,0.4874999999999999889,0.4874999999999999889
69,-156.25,0.91839999999999999414,0.91839999999999999414
70,-156.25,0.90100000000000002309,0.90100000000000002309
-69,-155,0.86119999999999996554,0.86119999999999996554
-68,-155,0.96699999999999997069,0.96699999999999997069
-67,-155,0.90020000000000000018,0.90020000000000000018
-66,-155,0.77869999999999994778,0.77869999999999994778
-65,-155,0.68030000000000001581,0.68030000000000001581
-64,-155,0.86250000000000004441,0.86250000000000004441
-63,-155,0.89490000000000002878,0.89490000000000002878
-62,-155,0.65790000000000004032,0.65790000000000004032
-61,-155,0.55269999999999996909,0.55269999999999996909
-60,-155,0.79790000000000005365,0.79790000000000005365
-59,-155,0.64649999999999996358,0.64649999999999996358
-58,-155,0.88300000000000000711,0.88300000000000000711
-57,-155,0.70730000000000003979,0.70730000000000003979
-56,-155,0.50219999999999997975,0.50219999999999997975
-55,-155,0.41720000000000001528,0.41720000000000001528
-54,-155,0.20799999999999999045,0.20799999999999999045
-53,-155,0.12879999999999999782,0.12879999999999999782
-52,-155,0.1459999999999999909,0.1459999999999999909
-51,-155,0.37750000000000000222,0.37750000000000000222
-50,-155,0.59570000000000000728,0.59570000000000000728
-49,-155,0.8400999999999999579,0.8400999999999999579
-48,-155,0.88360000000000005205,0.88360000000000005205
-47,-155,0.8777000000000000357,0.8777000000000000357
-46,-155,0.78049999999999997158,0.78049999999999997158
-45,-155,0.85519999999999996021,0.85519999999999996021
-44,-155,0.9402000000000000357,0.9402000000000000357
-43,-155,0.96299999999999996714,0.96299999999999996714
-42,-155,0.7125000000000000222,0.7125000000000000222
-41,-155,0.65490000000000003766,0.65490000000000003766
-40,-155,0.97940000000000004832,0.97940000000000004832
-39,-155,0.75880000000000003002,0.75880000000000003002
-38,-155,0.65420000000000000373,0.65420000000000000373
-37,-155,0.26229999999999997762,0.26229999999999997762
-36,-155,0.047300000000000001765,0.047300000000000001765
-35,-155,0.011299999999999999281,0.011299999999999999281
-34,-155,0.0035999999999999999015,0.0035999999999999999015
-33,-155,0.0023999999999999997898,0.0023999999999999997898
-32,-155,0.0037000000000000001638,0.0037000000000000001638
-31,-155,0.0043000000000000000028,0.0043000000000000000028
-30,-155,0.0030000000000000000625,0.0030000000000000000625
-29,-155,0.0023999999999999997898,0.0023999999999999997898
-28,-155,0.003899999999999999821,0.003899999999999999821
-27,-155,0.0020000000000000000416,0.0020000000000000000416
-26,-155,0.0047999999999999995795,0.0047999999999999995795
-25,-155,0.020199999999999999206,0.020199999999999999206
-24,-155,0.011400000000000000411,0.011400000000000000411
-23,-155,0.012800000000000000613,0.012800000000000000613
-22,-155,0.030800000000000000988,0.030800000000000000988
-21,-155,0.036100000000000000144,0.036100000000000000144
-20,-155,0.021600000000000001144,0.021600000000000001144
-19,-155,0.063100000000000003308,0.063100000000000003308
-18,-155,0.20239999999999999658,0.20239999999999999658
-17,-155,0.37399999999999999911,0.37399999999999999911
-16,-155,0.59170000000000000373,0.59170000000000000373
-15,-155,0.45290000000000002478,0.45290000000000002478
-14,-155,0.36599999999999999201,0.36599999999999999201
-13,-155,0.20830000000000001292,0.20830000000000001292
-12,-155,0.23400000000000001354,0.23400000000000001354
-11,-155,0.12420000000000000484,0.12420000000000000484
-10,-155,0.092600000000000001754,0.092600000000000001754
-9,-155,0.043599999999999999867,0.043599999999999999867
-8,-155,0.01779999999999999985,0.01779999999999999985
-7,-155,0.043999999999999997446,0.043999999999999997446
-6,-155,0.068599999999999994316,0.068599999999999994316
-5,-155,0.042000000000000002609,0.042000000000000002609
-4,-155,0.01490000000000000005,0.01490000000000000005
-3,-155,0.0020999999999999998702,0.0020999999999999998702
-2,-155,0.00029999999999999997372,0.00029999999999999997372
-1,-155,0.00010000000000000000479,0.00010000000000000000479
0,-155,0,0
1,-155,0.00010000000000000000479,0.00010000000000000000479
2,-155,0,0
3,-155,0,0
4,-155,0,0
5,-155,0,0
6,-155,0.0086999999999999994005,0.0086999999999999994005
7,-155,0.89349999999999996092,0.89349999999999996092
8,-155,0.23899999999999999023,0.23899999999999999023
9,-155,0.0035000000000000000729,0.0035000000000000000729
10,-155,0.0022999999999999999611,0.0022999999999999999611
11,-155,0.012399999999999999564,0.012399999999999999564
12,-155,0.080299999999999996381,0.080299999999999996381
13,-155,0.21570000000000000284,0.21570000000000000284
14,-155,0.17919999999999999818,0.17919999999999999818
15,-155,0.30769999999999997353,0.30769999999999997353
16,-155,0.14119999999999999218,0.14119999999999999218
17,-155,0.084400000000000002798,0.084400000000000002798
18,-155,0.1839000000000000079,0.1839000000000000079
19,-155,0.78710000000000002185,0.78710000000000002185
20,-155,0.46710000000000001519,0.46710000000000001519
21,-155,0.20810000000000000719,0.20810000000000000719
22,-155,0.36809999999999998277,0.36809999999999998277
23,-155,0.36359999999999997877,0.36359999999999997877
24,-155,0.42109999999999997433,0.42109999999999997433
25,-155,0.67269999999999996465,0.67269999999999996465
26,-155,0.67640000000000000124,0.67640000000000000124
27,-155,0.79379999999999995008,0.79379999999999995008
28,-155,0.70879999999999998561,0.70879999999999998561
29,-155,0.74790000000000000924,0.74790000000000000924
30,-155,0.87419999999999997708,0.87419999999999997708
31,-155,0.62709999999999999076,0.62709999999999999076
32,-155,0.14310000000000000497,0.14310000000000000497
33,-155,0.13509999999999999787,0.13509999999999999787
34,-155,0.25550000000000000488,0.25550000000000000488
35,-155,0.39069999999999999174,0.39069999999999999174
36,-155,0.42520000000000002238,0.42520000000000002238
37,-155,0.50819999999999998508,0.50819999999999998508
38,-155,0.23999999999999999112,0.23999999999999999112
39,-155,0.055399999999999997857,0.055399999999999997857
40,-155,0.010999999999999999362,0.010999999999999999362
41,-155,0.003899999999999999821,0.003899999999999999821
42,-155,0.011799999999999999725,0.011799999999999999725
43,-155,0.017700000000000000455,0.017700000000000000455
44,-155,0.003299999999999999982,0.003299999999999999982
45,-155,0.0054000000000000002859,0.0054000000000000002859
46,-155,0.022399999999999999772,0.022399999999999999772
47,-155,0.013799999999999999767,0.013799999999999999767
48,-155,0.055199999999999999067,0.055199999999999999067
49,-155,0.0061000000000000003872,0.0061000000000000003872
50,-155,0.0015000000000000000312,0.0015000000000000000312
51,-155,0.00010000000000000000479,0.00010000000000000000479
52,-155,0.00029999999999999997372,0.00029999999999999997372
53,-155,0,0
54,-155,0.00020000000000000000958,0.00020000000000000000958
55,-155,0.00020000000000000000958,0.00020000000000000000958
56,-155,0.0018999999999999999962,0.0018999999999999999962
57,-155,0.0061999999999999997821,0.0061999999999999997821
58,-155,0.0018999999999999999962,0.0018999999999999999962
59,-155,0.0037999999999999999924,0.0037999999999999999924
60,-155,0.071699999999999999845,0.071699999999999999845
61,-155,0.31659999999999999254,0.31659999999999999254
62,-155,0.54030000000000000249,0.54030000000000000249
63,-155,0.66049999999999997602,0.66049999999999997602
64,-155,0.46129999999999998783,0.46129999999999998783
65,-155,0.62509999999999998899,0.62509999999999998899
66,-155,0.84770000000000000906,0.84770000000000000906
67,-155,0.99070000000000002505,0.99070000000000002505
68,-155,0.60789999999999999591,0.60789999999999999591
69,-155,0.85960000000000003073,0.85960000000000003073
70,-155,0.92989999999999994884,0.92989999999999994884
-69,-153.75,0.87029999999999996252,0.87029999999999996252
-68,-153.75,0.94869999999999998774,0.94869999999999998774
-67,-153.75,0.87219999999999997531,0.87219999999999997531
-66,-153.75,0.75470000000000003748,0.75470000000000003748
-65,-153.75,0.67789999999999994706,0.67789999999999994706
-64,-153.75,0.90249999999999996891,0.90249999999999996891
-63,-153.75,0.90090000000000003411,0.90090000000000003411
-62,-153.75,0.68530000000000002025,0.68530000000000002025
-61,-153.75,0.64939999999999997726,0.64939999999999997726
-60,-153.75,0.70389999999999997016,0.70389999999999997016
-59,-153.75,0.78049999999999997158,0.78049999999999997158
-58,-153.75,0.9588999999999999746,0.9588999999999999746
-57,-153.75,0.33850000000000002309,0.33850000000000002309
-56,-153.75,0.1652000000000000135,0.1652000000000000135
-55,-153.75,0.14360000000000000542,0.14360000000000000542
-54,-153.75,0.060199999999999996569,0.060199999999999996569
-53,-153.75,0.086599999999999996425,0.086599999999999996425
-52,-153.75,0.26150000000000001021,0.26150000000000001021
-51,-153.75,0.63680000000000003268,0.63680000000000003268
-50,-153.75,0.69199999999999994849,0.69199999999999994849
-49,-153.75,0.84470000000000000639,0.84470000000000000639
-48,-153.75,0.32650000000000001243,0.32650000000000001243
-47,-153.75,0.28799999999999997824,0.28799999999999997824
-46,-153.75,0.66639999999999999236,0.66639999999999999236
-45,-153.75,0.78610000000000002096,0.78610000000000002096
-44,-153.75,0.93389999999999995239,0.93389999999999995239
-43,-153.75,0.96570000000000000284,0.96570000000000000284
-42,-153.75,0.82669999999999999041,0.82669999999999999041
-41,-153.75,0.96430000000000004601,0.96430000000000004601
-40,-153.75,0.94550000000000000711,0.94550000000000000711
-39,-153.75,0.955400000000000027,0.955400000000000027
-38,-153.75,0.64339999999999997193,0.64339999999999997193
-37,-153.75,0.19300000000000000488,0.19300000000000000488
-36,-153.75,0.038300000000000000711,0.038300000000000000711
-35,-153.75,0.011499999999999999806,0.011499999999999999806
-34,-153.75,0.016000000000000000333,0.016000000000000000333
-33,-153.75,0.014999999999999999445,0.014999999999999999445
-32,-153.75,0.018100000000000001504,0.018100000000000001504
-31,-153.75,0.011799999999999999725,0.011799999999999999725
-30,-153.75,0.0033999999999999998106,0.0033999999999999998106
-29,-153.75,0.0035999999999999999015,0.0035999999999999999015
-28,-153.75,0.0016000000000000000767,0.0016000000000000000767
-27,-153.75,0.0016000000000000000767,0.0016000000000000000767
-26,-153.75,0.015900000000000000938,0.015900000000000000938
-25,-153.75,0.029200000000000000261,0.029200000000000000261
-24,-153.75,0.02709999999999999909,0.02709999999999999909
-23,-153.75,0.019599999999999999367,0.019599999999999999367
-22,-153.75,0.030499999999999999334,0.030499999999999999334
-21,-153.75,0.019599999999999999367,0.019599999999999999367
-20,-153.75,0.086699999999999999289,0.086699999999999999289
-19,-153.75,0.21609999999999998654,0.21609999999999998654
-18,-153.75,0.37180000000000001936,0.37180000000000001936
-17,-153.75,0.60029999999999994476,0.60029999999999994476
-16,-153.75,0.66920000000000001705,0.66920000000000001705
-15,-153.75,0.42349999999999998757,0.42349999999999998757
-14,-153.75,0.54610000000000002984,0.54610000000000002984
-13,-153.75,0.3688000000000000167,0.3688000000000000167
-12,-153.75,0.31319999999999997842,0.31319999999999997842
-11,-153.75,0.20439999999999999836,0.20439999999999999836
-10,-153.75,0.16850000000000001088,0.16850000000000001088
-9,-153.75,0.061499999999999999112,0.061499999999999999112
-8,-153.75,0.038800000000000001155,0.038800000000000001155
-7,-153.75,0.057399999999999999634,0.057399999999999999634
-6,-153.75,0.085300000000000000822,0.085300000000000000822
-5,-153.75,0.067000000000000003997,0.067000000000000003997
-4,-153.75,0.024099999999999999895,0.024099999999999999895
-3,-153.75,0.0020999999999999998702,0.0020999999999999998702
-2,-153.75,0.00010000000000000000479,0.00010000000000000000479
-1,-153.75,0,0
0,-153.75,0,0
1,-153.75,0,0
2,-153.75,0.00010000000000000000479,0.00010000000000000000479
3,-153.75,0,0
4,-153.75,0,0
5,-153.75,0,0
6,-153.75,0.0027000000000000001429,0.0027000000000000001429
7,-153.75,0.84019999999999994689,0.84019999999999994689
8,-153.75,0.21149999999999999356,0.21149999999999999356
9,-153.75,0.007799999999999999642,0.007799999999999999642
10,-153.75,0.0028999999999999998002,0.0028999999999999998002
11,-153.75,0.014800000000000000655,0.014800000000000000655
12,-153.75,0.067799999999999999156,0.067799999999999999156
13,-153.75,0.15529999999999999361,0.15529999999999999361
14,-153.75,0.22800000000000000822,0.22800000000000000822
15,-153.75,0.36919999999999997264,0.36919999999999997264
16,-153.75,0.18010000000000001008,0.18010000000000001008
17,-153.75,0.082699999999999995737,0.082699999999999995737
18,-153.75,0.10689999999999999503,0.10689999999999999503
19,-153.75,0.44769999999999998685,0.44769999999999998685
20,-153.75,0.41149999999999997691,0.41149999999999997691
21,-153.75,0.18479999999999999205,0.18479999999999999205
22,-153.75,0.14740000000000000324,0.14740000000000000324
23,-153.75,0.3411000000000000143,0.3411000000000000143
24,-153.75,0.44319999999999998286,0.44319999999999998286
25,-153.75,0.83240000000000002878,0.83240000000000002878
26,-153.75,0.95289999999999996927,0.95289999999999996927
27,-153.75,0.85519999999999996021,0.85519999999999996021
28,-153.75,0.78629999999999999893,0.78629999999999999893
29,-153.75,0.71630000000000004778,0.71630000000000004778
30,-153.75,0.98289999999999999591,0.98289999999999999591
31,-153.75,0.91459999999999996856,0.91459999999999996856
32,-153.75,0.46169999999999999929,0.46169999999999999929
33,-153.75,0.1633999999999999897,0.1633999999999999897
34,-153.75,0.15390000000000000902,0.15390000000000000902
35,-153.75,0.29330000000000000515,0.29330000000000000515
36,-153.75,0.36559999999999998055,0.36559999999999998055
37,-153.75,0.55940000000000000835,0.55940000000000000835
38,-153.75,0.40500000000000002665,0.40500000000000002665
39,-153.75,0.086800000000000002154,0.086800000000000002154
40,-153.75,0.016799999999999998962,0.016799999999999998962
41,-153.75,0.0048999999999999998418,0.0048999999999999998418
42,-153.75,0.016400000000000001382,0.016400000000000001382
43,-153.75,0.042000000000000002609,0.042000000000000002609
44,-153.75,0.010399999999999999523,0.010399999999999999523
45,-153.75,0.0027999999999999999716,0.0027999999999999999716
46,-153.75,0.026399999999999999856,0.026399999999999999856
47,-153.75,0.021299999999999999489,0.021299999999999999489
48,-153.75,0.050799999999999997935,0.050799999999999997935
49,-153.75,0.0035999999999999999015,0.0035999999999999999015
50,-153.75,0.0015000000000000000312,0.0015000000000000000312
51,-153.75,0.00020000000000000000958,0.00020000000000000000958
52,-153.75,0,0
53,-153.75,0.00020000000000000000958,0.00020000000000000000958
54,-153.75,0,0
55,-153.75,0.00010000000000000000479,0.00010000000000000000479
56,-153.75,0.00089999999999999997537,0.00089999999999999997537
57,-153.75,0.0013999999999999999858,0.0013999999999999999858
58,-153.75,0.00069999999999999999289,0.00069999999999999999289
59,-153.75,0.00069999999999999999289,0.00069999999999999999289
60,-153.75,0.0011000000000000000663,0.0011000000000000000663
61,-153.75,0.011499999999999999806,0.011499999999999999806
62,-153.75,0.50809999999999999609,0.50809999999999999609
63,-153.75,0.69240000000000001545,0.69240000000000001545
64,-153.75,0.62529999999999996696,0.62529999999999996696
65,-153.75,0.61429999999999995719,0.61429999999999995719
66,-153.75,0.73629999999999995453,0.73629999999999995453
67,-153.75,0.99399999999999999467,0.99399999999999999467
68,-153.75,0.95120000000000004547,0.95120000000000004547
69,-153.75,0.84730000000000005311,0.84730000000000005311
70,-153.75,0.94340000000000001634,0.94340000000000001634
-69,-152.5,0.8403000000000000469,0.8403000000000000469
-68,-152.5,0.94399999999999995026,0.94399999999999995026
-67,-152.5,0.77920000000000000373,0.77920000000000000373
-66,-152.5,0.67879999999999995897,0.67879999999999995897
-65,-152.5,0.67940000000000000391,0.67940000000000000391
-64,-152.5,0.93769999999999997797,0.93769999999999997797
-63,-152.5,0.89810000000000000941,0.89810000000000000941
-62,-152.5,0.75190000000000001279,0.75190000000000001279
-61,-152.5,0.51500000000000001332,0.51500000000000001332
-60,-152.5,0.66930000000000000604,0.66930000000000000604
-59,-152.5,0.93559999999999998721,0.93559999999999998721
-58,-152.5,0.54900000000000004352,0.54900000000000004352
-57,-152.5,0.18559999999999998721,0.18559999999999998721
-56,-152.5,0.11350000000000000366,0.11350000000000000366
-55,-152.5,0.11719999999999999862,0.11719999999999999862
-54,-152.5,0.037699999999999997402,0.037699999999999997402
-53,-152.5,0.15049999999999999489,0.15049999999999999489
-52,-152.5,0.5197000000000000508,0.5197000000000000508
-51,-152.5,0.84430000000000005045,0.84430000000000005045
-50,-152.5,0.87780000000000002469,0.87780000000000002469
-49,-152.5,0.40839999999999998526,0.40839999999999998526
-48,-152.5,0.12659999999999999032,0.12659999999999999032
-47,-152.5,0.22500000000000000555,0.22500000000000000555
-46,-152.5,0.84660000000000001918,0.84660000000000001918
-45,-152.5,0.97079999999999999627,0.97079999999999999627
-44,-152.5,0.99839999999999995417,0.99839999999999995417
-43,-152.5,0.96099999999999996536,0.96099999999999996536
-42,-152.5,0.90839999999999998526,0.90839999999999998526
-41,-152.5,0.87419999999999997708,0.87419999999999997708
-40,-152.5,0.97560000000000002274,0.97560000000000002274
-39,-152.5,0.98219999999999996199,0.98219999999999996199
-38,-152.5,0.46289999999999997815,0.46289999999999997815
-37,-152.5,0.14260000000000000453,0.14260000000000000453
-36,-152.5,0.055500000000000000722,0.055500000000000000722
-35,-152.5,0.02670000000000000151,0.02670000000000000151
-34,-152.5,0.038100000000000001921,0.038100000000000001921
-33,-152.5,0.037499999999999998612,0.037499999999999998612
-32,-152.5,0.034900000000000000466,0.034900000000000000466
-31,-152.5,0.029000000000000001471,0.029000000000000001471
-30,-152.5,0.012999999999999999403,0.012999999999999999403
-29,-152.5,0.0086000000000000000056,0.0086000000000000000056
-28,-152.5,0.0044000000000000002651,0.0044000000000000002651
-27,-152.5,0.0088000000000000005301,0.0088000000000000005301
-26,-152.5,0.032099999999999996592,0.032099999999999996592
-25,-152.5,0.030900000000000000383,0.030900000000000000383
-24,-152.5,0.060799999999999999878,0.060799999999999999878
-23,-152.5,0.077100000000000001865,0.077100000000000001865
-22,-152.5,0.043099999999999999423,0.043099999999999999423
-21,-152.5,0.022300000000000000377,0.022300000000000000377
-20,-152.5,0.1491000000000000103,0.1491000000000000103
-19,-152.5,0.53449999999999997513,0.53449999999999997513
-18,-152.5,0.86860000000000003872,0.86860000000000003872
-17,-152.5,0.92279999999999995364,0.92279999999999995364
-16,-152.5,0.46320000000000000062,0.46320000000000000062
-15,-152.5,0.30330000000000001403,0.30330000000000001403
-14,-152.5,0.50900000000000000799,0.50900000000000000799
-13,-152.5,0.40970000000000000862,0.40970000000000000862
-12,-152.5,0.43180000000000001714,0.43180000000000001714
-11,-152.5,0.3179000000000000159,0.3179000000000000159
-10,-152.5,0.23289999999999999591,0.23289999999999999591
-9,-152.5,0.079000000000000000777,0.079000000000000000777
-8,-152.5,0.050999999999999996725,0.050999999999999996725
-7,-152.5,0.076499999999999998557,0.076499999999999998557
-6,-152.5,0.10770000000000000406,0.10770000000000000406
-5,-152.5,0.07449999999999999678,0.07449999999999999678
-4,-152.5,0.024299999999999998684,0.024299999999999998684
-3,-152.5,0.0037999999999999999924,0.0037999999999999999924
-2,-152.5,0,0
-1,-152.5,0.00010000000000000000479,0.00010000000000000000479
0,-152.5,0,0
1,-152.5,0,0
2,-152.5,0,0
3,-152.5,0,0
4,-152.5,0,0
5,-152.5,0,0
6,-152.5,0.0030999999999999998911,0.0030999999999999998911
7,-152.5,0.8356999999999999984,0.8356999999999999984
8,-152.5,0.30790000000000000702,0.30790000000000000702
9,-152.5,0.022100000000000001588,0.022100000000000001588
10,-152.5,0.0027000000000000001429,0.0027000000000000001429
11,-152.5,0.014999999999999999445,0.014999999999999999445
12,-152.5,0.06500000000000000222,0.06500000000000000222
13,-152.5,0.15670000000000000595,0.15670000000000000595
14,-152.5,0.25640000000000001679,0.25640000000000001679
15,-152.5,0.32450000000000001066,0.32450000000000001066
16,-152.5,0.29299999999999998268,0.29299999999999998268
17,-152.5,0.095500000000000001554,0.095500000000000001554
18,-152.5,0.1121000000000000052,0.1121000000000000052
19,-152.5,0.45800000000000001821,0.45800000000000001821
20,-152.5,0.56640000000000001457,0.56640000000000001457
21,-152.5,0.37019999999999997353,0.37019999999999997353
22,-152.5,0.24749999999999999778,0.24749999999999999778
23,-152.5,0.32429999999999997717,0.32429999999999997717
24,-152.5,0.35830000000000000737,0.35830000000000000737
25,-152.5,0.58989999999999997993,0.58989999999999997993
26,-152.5,0.91659999999999997033,0.91659999999999997033
27,-152.5,0.90839999999999998526,0.90839999999999998526
28,-152.5,0.96020000000000005347,0.96020000000000005347
29,-152.5,0.93689999999999995506,0.93689999999999995506
30,-152.5,0.95199999999999995737,0.95199999999999995737
31,-152.5,0.9876000000000000334,0.9876000000000000334
32,-152.5,0.72370000000000000995,0.72370000000000000995
33,-152.5,0.24049999999999999156,0.24049999999999999156
34,-152.5,0.13150000000000000577,0.13150000000000000577
35,-152.5,0.20599999999999998868,0.20599999999999998868
36,-152.5,0.27160000000000000808,0.27160000000000000808
37,-152.5,0.40139999999999997904,0.40139999999999997904
38,-152.5,0.41530000000000000249,0.41530000000000000249
39,-152.5,0.12870000000000000884,0.12870000000000000884
40,-152.5,0.030200000000000001149,0.030200000000000001149
41,-152.5,0.013899999999999999162,0.013899999999999999162
42,-152.5,0.01170000000000000033,0.01170000000000000033
43,-152.5,0.074599999999999999645,0.074599999999999999645
44,-152.5,0.035900000000000001354,0.035900000000000001354
45,-152.5,0.0047999999999999995795,0.0047999999999999995795
46,-152.5,0.01779999999999999985,0.01779999999999999985
47,-152.5,0.055199999999999999067,0.055199999999999999067
48,-152.5,0.036700000000000003453,0.036700000000000003453
49,-152.5,0.0091000000000000004496,0.0091000000000000004496
50,-152.5,0.0022000000000000001325,0.0022000000000000001325
51,-152.5,0.00010000000000000000479,0.00010000000000000000479
52,-152.5,0.00010000000000000000479,0.00010000000000000000479
53,-152.5,0,0
54,-152.5,0,0
55,-152.5,0.00010000000000000000479,0.00010000000000000000479
56,-152.5,0.00069999999999999999289,0.00069999999999999999289
57,-152.5,0.00059999999999999994744,0.00059999999999999994744
58,-152.5,0.0011999999999999998949,0.0011999999999999998949
59,-152.5,0.00080000000000000003834,0.00080000000000000003834
60,-152.5,0.0012999999999999999403,0.0012999999999999999403
61,-152.5,0.0035999999999999999015,0.0035999999999999999015
62,-152.5,0.067900000000000002021,0.067900000000000002021
63,-152.5,0.40110000000000001208,0.40110000000000001208
64,-152.5,0.42289999999999999813,0.42289999999999999813
65,-152.5,0.57450000000000001066,0.57450000000000001066
66,-152.5,0.53220000000000000639,0.53220000000000000639
67,-152.5,0.99639999999999995239,0.99639999999999995239
68,-152.5,0.96150000000000002132,0.96150000000000002132
69,-152.5,0.73750000000000004441,0.73750000000000004441
70,-152.5,0.8552999999999999492,0.8552999999999999492
-69,-151.25,0.80710000000000003961,0.80710000000000003961
-68,-151.25,0.9402000000000000357,0.9402000000000000357
-67,-151.25,0.7849000000000000421,0.7849000000000000421
-66,-151.25,0.62570000000000003393,0.62570000000000003393
-65,-151.25,0.63790000000000002256,0.63790000000000002256
-64,-151.25,0.96589999999999998082,0.96589999999999998082
-63,-151.25,0.90839999999999998526,0.90839999999999998526
-62,-151.25,0.78559999999999996501,0.78559999999999996501
-61,-151.25,0.51639999999999997016,0.51639999999999997016
-60,-151.25,0.47649999999999997913,0.47649999999999997913
-59,-151.25,0.82620000000000004547,0.82620000000000004547
-58,-151.25,0.28660000000000002141,0.28660000000000002141
-57,-151.25,0.12059999999999999887,0.12059999999999999887
-56,-151.25,0.12039999999999999314,0.12039999999999999314
-55,-151.25,0.15329999999999999183,0.15329999999999999183
-54,-151.25,0.092200000000000004174,0.092200000000000004174
-53,-151.25,0.36899999999999999467,0.36899999999999999467
-52,-151.25,0.74739999999999995328,0.74739999999999995328
-51,-151.25,0.95299999999999995826,0.95299999999999995826
-50,-151.25,0.74550000000000005151,0.74550000000000005151
-49,-151.25,0.36239999999999999991,0.36239999999999999991
-48,-151.25,0.20810000000000000719,0.20810000000000000719
-47,-151.25,0.60319999999999995843,0.60319999999999995843
-46,-151.25,0.89300000000000001599,0.89300000000000001599
-45,-151.25,0.9653000000000000469,0.9653000000000000469
-44,-151.25,0.98589999999999999858,0.98589999999999999858
-43,-151.25,0.93189999999999995062,0.93189999999999995062
-42,-151.25,0.76759999999999994902,0.76759999999999994902
-41,-151.25,0.85260000000000002451,0.85260000000000002451
-40,-151.25,0.93910000000000004583,0.93910000000000004583
-39,-151.25,0.99690000000000000835,0.99690000000000000835
-38,-151.25,0.53779999999999994476,0.53779999999999994476
-37,-151.25,0.13709999999999999964,0.13709999999999999964
-36,-151.25,0.081900000000000000577,0.081900000000000000577
-35,-151.25,0.090899999999999994693,0.090899999999999994693
-34,-151.25,0.077299999999999993716,0.077299999999999993716
-33,-151.25,0.036900000000000002243,0.036900000000000002243
-32,-151.25,0.039899999999999997968,0.039899999999999997968
-31,-151.25,0.023400000000000000661,0.023400000000000000661
-30,-151.25,0.025499999999999998362,0.025499999999999998362
-29,-151.25,0.019900000000000001021,0.019900000000000001021
-28,-151.25,0.0080000000000000001665,0.0080000000000000001665
-27,-151.25,0.017100000000000000616,0.017100000000000000616
-26,-151.25,0.037100000000000001033,0.037100000000000001033
-25,-151.25,0.050400000000000000355,0.050400000000000000355
-24,-151.25,0.050200000000000001565,0.050200000000000001565
-23,-151.25,0.085800000000000001266,0.085800000000000001266
-22,-151.25,0.044499999999999997891,0.044499999999999997891
-21,-151.25,0.03289999999999999869,0.03289999999999999869
-20,-151.25,0.40949999999999997513,0.40949999999999997513
-19,-151.25,0.90239999999999997993,0.90239999999999997993
-18,-151.25,0.50460000000000004849,0.50460000000000004849
-17,-151.25,0.39769999999999999796,0.39769999999999999796
-16,-151.25,0.39989999999999997771,0.39989999999999997771
-15,-151.25,0.36259999999999997788,0.36259999999999997788
-14,-151.25,0.49790000000000000924,0.49790000000000000924
-13,-151.25,0.54679999999999995275,0.54679999999999995275
-12,-151.25,0.6293999999999999595,0.6293999999999999595
-11,-151.25,0.50770000000000004015,0.50770000000000004015
-10,-151.25,0.27089999999999997415,0.27089999999999997415
-9,-151.25,0.087800000000000003042,0.087800000000000003042
-8,-151.25,0.049700000000000001121,0.049700000000000001121
-7,-151.25,0.10290000000000000535,0.10290000000000000535
-6,-151.25,0.11890000000000000568,0.11890000000000000568
-5,-151.25,0.09909999999999999365,0.09909999999999999365
-4,-151.25,0.031600000000000003086,0.031600000000000003086
-3,-151.25,0.0051000000000000003664,0.0051000000000000003664
-2,-151.25,0.00010000000000000000479,0.00010000000000000000479
-1,-151.25,0,0
0,-151.25,0,0
1,-151.25,0,0
2,-151.25,0,0
3,-151.25,0,0
4,-151.25,0,0
5,-151.25,0,0
6,-151.25,0.0011000000000000000663,0.0011000000000000000663
7,-151.25,0.71679999999999999272,0.71679999999999999272
8,-151.25,0.40639999999999998348,0.40639999999999998348
9,-151.25,0.026800000000000000905,0.026800000000000000905
10,-151.25,0.00089999999999999997537,0.00089999999999999997537
11,-151.25,0.020400000000000001465,0.020400000000000001465
12,-151.25,0.14490000000000000102,0.14490000000000000102
13,-151.25,0.31080000000000002069,0.31080000000000002069
14,-151.25,0.31990000000000001767,0.31990000000000001767
15,-151.25,0.32790000000000002478,0.32790000000000002478
16,-151.25,0.40870000000000000773,0.40870000000000000773
17,-151.25,0.26429999999999997939,0.26429999999999997939
18,-151.25,0.19409999999999999476,0.19409999999999999476
19,-151.25,0.49349999999999999423,0.49349999999999999423
20,-151.25,0.82069999999999998508,0.82069999999999998508
21,-151.25,0.52539999999999997815,0.52539999999999997815
22,-151.25,0.45869999999999999662,0.45869999999999999662
23,-151.25,0.49590000000000000746,0.49590000000000000746
24,-151.25,0.53500000000000003109,0.53500000000000003109
25,-151.25,0.5473000000000000087,0.5473000000000000087
26,-151.25,0.9536000000000000032,0.9536000000000000032
27,-151.25,0.95409999999999994813,0.95409999999999994813
28,-151.25,0.95369999999999999218,0.95369999999999999218
29,-151.25,0.8784999999999999476,0.8784999999999999476
30,-151.25,0.96299999999999996714,0.96299999999999996714
31,-151.25,0.92130000000000000782,0.92130000000000000782
32,-151.25,0.70560000000000000497,0.70560000000000000497
33,-151.25,0.25140000000000001235,0.25140000000000001235
34,-151.25,0.14549999999999999045,0.14549999999999999045
35,-151.25,0.21119999999999999885,0.21119999999999999885
36,-151.25,0.29989999999999999991,0.29989999999999999991
37,-151.25,0.31759999999999999343,0.31759999999999999343
38,-151.25,0.32459999999999999964,0.32459999999999999964
39,-151.25,0.16389999999999999014,0.16389999999999999014
40,-151.25,0.057200000000000000844,0.057200000000000000844
41,-151.25,0.016799999999999998962,0.016799999999999998962
42,-151.25,0.012500000000000000694,0.012500000000000000694
43,-151.25,0.036100000000000000144,0.036100000000000000144
44,-151.25,0.075899999999999995248,0.075899999999999995248
45,-151.25,0.038399999999999996636,0.038399999999999996636
46,-151.25,0.028600000000000000422,0.028600000000000000422
47,-151.25,0.043299999999999998213,0.043299999999999998213
48,-151.25,0.032599999999999997036,0.032599999999999997036
49,-151.25,0.022499999999999999167,0.022499999999999999167
50,-151.25,0.010999999999999999362,0.010999999999999999362
51,-151.25,0.00050000000000000001041,0.00050000000000000001041
52,-151.25,0.00020000000000000000958,0.00020000000000000000958
53,-151.25,0.00010000000000000000479,0.00010000000000000000479
54,-151.25,0.00020000000000000000958,0.00020000000000000000958
55,-151.25,0.0011999999999999998949,0.0011999999999999998949
56,-151.25,0.0020000000000000000416,0.0020000000000000000416
57,-151.25,0.00080000000000000003834,0.00080000000000000003834
58,-151.25,0.00089999999999999997537,0.00089999999999999997537
59,-151.25,0.00029999999999999997372,0.00029999999999999997372
60,-151.25,0.0027999999999999999716,0.0027999999999999999716
61,-151.25,0.013700000000000000372,0.013700000000000000372
62,-151.25,0.12650000000000000133,0.12650000000000000133
63,-151.25,0.16350000000000000644,0.16350000000000000644
64,-151.25,0.32869999999999999218,0.32869999999999999218
65,-151.25,0.69440000000000001723,0.69440000000000001723
66,-151.25,0.53320000000000000728,0.53320000000000000728
67,-151.25,0.93249999999999999556,0.93249999999999999556
68,-151.25,0.83620000000000005436,0.83620000000000005436
69,-151.25,0.6268000000000000238,0.6268000000000000238
70,-151.25,0.78120000000000000551,0.78120000000000000551
-69,-150,0.7911000000000000254,0.7911000000000000254
-68,-150,0.95809999999999995168,0.95809999999999995168
-67,-150,0.78879999999999994564,0.78879999999999994564
-66,-150,0.64580000000000004068,0.64580000000000004068
-65,-150,0.65059999999999995612,0.65059999999999995612
-64,-150,0.98519999999999996465,0.98519999999999996465
-63,-150,0.93430000000000001936,0.93430000000000001936
-62,-150,0.75029999999999996696,0.75029999999999996696
-61,-150,0.60209999999999996856,0.60209999999999996856
-60,-150,0.36239999999999999991,0.36239999999999999991
-59,-150,0.8168999999999999595,0.8168999999999999595
-58,-150,0.22370000000000000995,0.22370000000000000995
-57,-150,0.10860000000000000209,0.10860000000000000209
-56,-150,0.060400000000000002298,0.060400000000000002298
-55,-150,0.16709999999999999853,0.16709999999999999853
-54,-150,0.24460000000000001186,0.24460000000000001186
-53,-150,0.72050000000000002931,0.72050000000000002931
-52,-150,0.7920000000000000373,0.7920000000000000373
-51,-150,0.9340000000000000524,0.9340000000000000524
-50,-150,0.5123999999999999666,0.5123999999999999666
-49,-150,0.33679999999999998828,0.33679999999999998828
-48,-150,0.48489999999999999769,0.48489999999999999769
-47,-150,0.83420000000000005258,0.83420000000000005258
-46,-150,0.98170000000000001705,0.98170000000000001705
-45,-150,0.97970000000000001528,0.97970000000000001528
-44,-150,0.99209999999999998188,0.99209999999999998188
-43,-150,0.8820999999999999952,0.8820999999999999952
-42,-150,0.78979999999999994653,0.78979999999999994653
-41,-150,0.88129999999999997229,0.88129999999999997229
-40,-150,0.90090000000000003411,0.90090000000000003411
-39,-150,0.82840000000000002522,0.82840000000000002522
-38,-150,0.42930000000000001492,0.42930000000000001492
-37,-150,0.18490000000000000879,0.18490000000000000879
-36,-150,0.10770000000000000406,0.10770000000000000406
-35,-150,0.1092000000000000054,0.1092000000000000054
-34,-150,0.11269999999999999463,0.11269999999999999463
-33,-150,0.091499999999999998002,0.091499999999999998002
-32,-150,0.05689999999999999919,0.05689999999999999919
-31,-150,0.091300000000000006151,0.091300000000000006151
-30,-150,0.08630000000000000171,0.08630000000000000171
-29,-150,0.035000000000000003331,0.035000000000000003331
-28,-150,0.035200000000000002121,0.035200000000000002121
-27,-150,0.086800000000000002154,0.086800000000000002154
-26,-150,0.058000000000000002942,0.058000000000000002942
-25,-150,0.067799999999999999156,0.067799999999999999156
-24,-150,0.10230000000000000204,0.10230000000000000204
-23,-150,0.18640000000000001013,0.18640000000000001013
-22,-150,0.095299999999999995826,0.095299999999999995826
-21,-150,0.32090000000000001856,0.32090000000000001856
-20,-150,0.89600000000000001865,0.89600000000000001865
-19,-150,0.48339999999999999636,0.48339999999999999636
-18,-150,0.14669999999999999707,0.14669999999999999707
-17,-150,0.19939999999999999392,0.19939999999999999392
-16,-150,0.37490000000000001101,0.37490000000000001101
-15,-150,0.44479999999999997318,0.44479999999999997318
-14,-150,0.58069999999999999396,0.58069999999999999396
-13,-150,0.69779999999999997584,0.69779999999999997584
-12,-150,0.78769999999999995577,0.78769999999999995577
-11,-150,0.63129999999999997229,0.63129999999999997229
-10,-150,0.38400000000000000799,0.38400000000000000799
-9,-150,0.16079999999999999849,0.16079999999999999849
-8,-150,0.11650000000000000633,0.11650000000000000633
-7,-150,0.18440000000000000835,0.18440000000000000835
-6,-150,0.17249999999999998668,0.17249999999999998668
-5,-150,0.12790000000000001368,0.12790000000000001368
-4,-150,0.065199999999999994071,0.065199999999999994071
-3,-150,0.0061000000000000003872,0.0061000000000000003872
-2,-150,0.00010000000000000000479,0.00010000000000000000479
-1,-150,0,0
0,-150,0,0
1,-150,0,0
2,-150,0,0
3,-150,0,0
4,-150,0,0
5,-150,0,0
6,-150,0.00089999999999999997537,0.00089999999999999997537
7,-150,0.59160000000000001474,0.59160000000000001474
8,-150,0.33739999999999997771,0.33739999999999997771
9,-150,0.013899999999999999162,0.013899999999999999162
10,-150,0.0017999999999999999507,0.0017999999999999999507
11,-150,0.010099999999999999603,0.010099999999999999603
12,-150,0.1414999999999999869,0.1414999999999999869
13,-150,0.4124999999999999778,0.4124999999999999778
14,-150,0.61709999999999998188,0.61709999999999998188
15,-150,0.45910000000000000808,0.45910000000000000808
16,-150,0.47980000000000000426,0.47980000000000000426
17,-150,0.37969999999999998197,0.37969999999999998197
18,-150,0.45839999999999997415,0.45839999999999997415
19,-150,0.62709999999999999076,0.62709999999999999076
20,-150,0.85260000000000002451,0.85260000000000002451
21,-150,0.77839999999999998082,0.77839999999999998082
22,-150,0.60129999999999994564,0.60129999999999994564
23,-150,0.53220000000000000639,0.53220000000000000639
24,-150,0.5900999999999999579,0.5900999999999999579
25,-150,0.50960000000000005294,0.50960000000000005294
26,-150,0.95220000000000004636,0.95220000000000004636
27,-150,0.81710000000000004849,0.81710000000000004849
28,-150,0.87649999999999994582,0.87649999999999994582
29,-150,0.85860000000000002984,0.85860000000000002984
30,-150,0.7704999999999999627,0.7704999999999999627
31,-150,0.84299999999999997158,0.84299999999999997158
32,-150,0.71460000000000001297,0.71460000000000001297
33,-150,0.52290000000000003144,0.52290000000000003144
34,-150,0.30470000000000002638,0.30470000000000002638
35,-150,0.24310000000000001052,0.24310000000000001052
36,-150,0.24229999999999998761,0.24229999999999998761
37,-150,0.40849999999999997424,0.40849999999999997424
38,-150,0.31269999999999997797,0.31269999999999997797
39,-150,0.19530000000000000138,0.19530000000000000138
40,-150,0.085800000000000001266,0.085800000000000001266
41,-150,0.019599999999999999367,0.019599999999999999367
42,-150,0.018700000000000001343,0.018700000000000001343
43,-150,0.028299999999999998768,0.028299999999999998768
44,-150,0.051299999999999998379,0.051299999999999998379
45,-150,0.1146999999999999964,0.1146999999999999964
46,-150,0.042099999999999998535,0.042099999999999998535
47,-150,0.02999999999999999889,0.02999999999999999889
48,-150,0.026999999999999999695,0.026999999999999999695
49,-150,0.03579999999999999849,0.03579999999999999849
50,-150,0.0094999999999999997641,0.0094999999999999997641
51,-150,0.00040000000000000001917,0.00040000000000000001917
52,-150,0.00040000000000000001917,0.00040000000000000001917
53,-150,0.0011000000000000000663,0.0011000000000000000663
54,-150,0.00059999999999999994744,0.00059999999999999994744
55,-150,0.00050000000000000001041,0.00050000000000000001041
56,-150,0.0018999999999999999962,0.0018999999999999999962
57,-150,0.00069999999999999999289,0.00069999999999999999289
58,-150,0.00089999999999999997537,0.00089999999999999997537
59,-150,0.00059999999999999994744,0.00059999999999999994744
60,-150,0.0010000000000000000208,0.0010000000000000000208
61,-150,0.22819999999999998619,0.22819999999999998619
62,-150,0.388400000000000023,0.388400000000000023
63,-150,0.55479999999999995985,0.55479999999999995985
64,-150,0.65569999999999994955,0.65569999999999994955
65,-150,0.6652000000000000135,0.6652000000000000135
66,-150,0.84660000000000001918,0.84660000000000001918
67,-150,0.98160000000000002807,0.98160000000000002807
68,-150,0.94399999999999995026,0.94399999999999995026
69,-150,0.57779999999999998028,0.57779999999999998028
70,-150,0.63890000000000002345,0.63890000000000002345
-69,-148.75,0.76859999999999994991,0.76859999999999994991
-68,-148.75,0.93420000000000003038,0.93420000000000003038
-67,-148.75,0.84299999999999997158,0.84299999999999997158
-66,-148.75,0.70340000000000002522,0.70340000000000002522
-65,-148.75,0.66420000000000001261,0.66420000000000001261
-64,-148.75,0.98670000000000002149,0.98670000000000002149
-63,-148.75,0.88090000000000001634,0.88090000000000001634
-62,-148.75,0.77210000000000000853,0.77210000000000000853
-61,-148.75,0.68459999999999998632,0.68459999999999998632
-60,-148.75,0.53639999999999998792,0.53639999999999998792
-59,-148.75,0.6018000000000000016,0.6018000000000000016
-58,-148.75,0.14080000000000000848,0.14080000000000000848
-57,-148.75,0.10589999999999999414,0.10589999999999999414
-56,-148.75,0.15420000000000000373,0.15420000000000000373
-55,-148.75,0.27289999999999997593,0.27289999999999997593
-54,-148.75,0.23830000000000001181,0.23830000000000001181
-53,-148.75,0.84760000000000002007,0.84760000000000002007
-52,-148.75,0.81589999999999995861,0.81589999999999995861
-51,-148.75,0.87090000000000000746,0.87090000000000000746
-50,-148.75,0.56820000000000003837,0.56820000000000003837
-49,-148.75,0.5507999999999999563,0.5507999999999999563
-48,-148.75,0.70899999999999996358,0.70899999999999996358
-47,-148.75,0.89949999999999996625,0.89949999999999996625
-46,-148.75,0.87929999999999997051,0.87929999999999997051
-45,-148.75,0.96260000000000001119,0.96260000000000001119
-44,-148.75,0.96279999999999998916,0.96279999999999998916
-43,-148.75,0.95389999999999997016,0.95389999999999997016
-42,-148.75,0.88180000000000002824,0.88180000000000002824
-41,-148.75,0.99070000000000002505,0.99070000000000002505
-40,-148.75,0.9331000000000000405,0.9331000000000000405
-39,-148.75,0.47370000000000000995,0.47370000000000000995
-38,-148.75,0.44529999999999997362,0.44529999999999997362
-37,-148.75,0.12879999999999999782,0.12879999999999999782
-36,-148.75,0.16289999999999998925,0.16289999999999998925
-35,-148.75,0.14080000000000000848,0.14080000000000000848
-34,-148.75,0.125,0.125
-33,-148.75,0.17449999999999998845,0.17449999999999998845
-32,-148.75,0.12979999999999999871,0.12979999999999999871
-31,-148.75,0.22869999999999998663,0.22869999999999998663
-30,-148.75,0.16289999999999998925,0.16289999999999998925
-29,-148.75,0.087700000000000000178,0.087700000000000000178
-28,-148.75,0.098000000000000003775,0.098000000000000003775
-27,-148.75,0.1807999999999999885,0.1807999999999999885
-26,-148.75,0.09539999999999999869,0.09539999999999999869
-25,-148.75,0.19470000000000001195,0.19470000000000001195
-24,-148.75,0.28830000000000000071,0.28830000000000000071
-23,-148.75,0.53369999999999995222,0.53369999999999995222
-22,-148.75,0.60770000000000001794,0.60770000000000001794
-21,-148.75,0.40100000000000002309,0.40100000000000002309
-20,-148.75,0.20860000000000000764,0.20860000000000000764
-19,-148.75,0.20549999999999998823,0.20549999999999998823
-18,-148.75,0.15340000000000000857,0.15340000000000000857
-17,-148.75,0.1481999999999999984,0.1481999999999999984
-16,-148.75,0.38869999999999998996,0.38869999999999998996
-15,-148.75,0.61450000000000004619,0.61450000000000004619
-14,-148.75,0.8947000000000000508,0.8947000000000000508
-13,-148.75,0.97509999999999996678,0.97509999999999996678
-12,-148.75,0.96389999999999997904,0.96389999999999997904
-11,-148.75,0.84470000000000000639,0.84470000000000000639
-10,-148.75,0.51229999999999997762,0.51229999999999997762
-9,-148.75,0.19539999999999999036,0.19539999999999999036
-8,-148.75,0.20530000000000001026,0.20530000000000001026
-7,-148.75,0.26290000000000002256,0.26290000000000002256
-6,-148.75,0.2384000000000000008,0.2384000000000000008
-5,-148.75,0.23449999999999998623,0.23449999999999998623
-4,-148.75,0.15170000000000000151,0.15170000000000000151
-3,-148.75,0.011499999999999999806,0.011499999999999999806
-2,-148.75,0.00010000000000000000479,0.00010000000000000000479
-1,-148.75,0,0
0,-148.75,0,0
1,-148.75,0,0
2,-148.75,0,0
3,-148.75,0,0
4,-148.75,0,0
5,-148.75,0,0
6,-148.75,0.00069999999999999999289,0.00069999999999999999289
7,-148.75,0.34370000000000000551,0.34370000000000000551
8,-148.75,0.48409999999999997478,0.48409999999999997478
9,-148.75,0.007100000000000000408,0.007100000000000000408
10,-148.75,0.0022999999999999999611,0.0022999999999999999611
11,-148.75,0.011499999999999999806,0.011499999999999999806
12,-148.75,0.045999999999999999223,0.045999999999999999223
13,-148.75,0.37569999999999997842,0.37569999999999997842
14,-148.75,0.74639999999999995239,0.74639999999999995239
15,-148.75,0.67530000000000001137,0.67530000000000001137
16,-148.75,0.68810000000000004494,0.68810000000000004494
17,-148.75,0.57220000000000004192,0.57220000000000004192
18,-148.75,0.41889999999999999458,0.41889999999999999458
19,-148.75,0.66379999999999994564,0.66379999999999994564
20,-148.75,0.82120000000000004103,0.82120000000000004103
21,-148.75,0.71169999999999999929,0.71169999999999999929
22,-148.75,0.81140000000000001013,0.81140000000000001013
23,-148.75,0.94530000000000002913,0.94530000000000002913
24,-148.75,0.82159999999999999698,0.82159999999999999698
25,-148.75,0.66639999999999999236,0.66639999999999999236
26,-148.75,0.91479999999999994653,0.91479999999999994653
27,-148.75,0.8338999999999999746,0.8338999999999999746
28,-148.75,0.8025999999999999801,0.8025999999999999801
29,-148.75,0.77429999999999998828,0.77429999999999998828
30,-148.75,0.8081000000000000405,0.8081000000000000405
31,-148.75,0.81699999999999994849,0.81699999999999994849
32,-148.75,0.53129999999999999449,0.53129999999999999449
33,-148.75,0.4356999999999999762,0.4356999999999999762
34,-148.75,0.37530000000000002247,0.37530000000000002247
35,-148.75,0.23780000000000001137,0.23780000000000001137
36,-148.75,0.35170000000000001261,0.35170000000000001261
37,-148.75,0.41699999999999998179,0.41699999999999998179
38,-148.75,0.30830000000000001847,0.30830000000000001847
39,-148.75,0.13719999999999998863,0.13719999999999998863
40,-148.75,0.084599999999999994649,0.084599999999999994649
41,-148.75,0.03579999999999999849,0.03579999999999999849
42,-148.75,0.028899999999999998607,0.028899999999999998607
43,-148.75,0.048500000000000001443,0.048500000000000001443
44,-148.75,0.064000000000000001332,0.064000000000000001332
45,-148.75,0.105999999999999997,0.105999999999999997
46,-148.75,0.056199999999999999956,0.056199999999999999956
47,-148.75,0.031500000000000000222,0.031500000000000000222
48,-148.75,0.030300000000000000544,0.030300000000000000544
49,-148.75,0.040000000000000000833,0.040000000000000000833
50,-148.75,0.01779999999999999985,0.01779999999999999985
51,-148.75,0.003299999999999999982,0.003299999999999999982
52,-148.75,0.0018999999999999999962,0.0018999999999999999962
53,-148.75,0.0016000000000000000767,0.0016000000000000000767
54,-148.75,0.0013999999999999999858,0.0013999999999999999858
55,-148.75,0.0020000000000000000416,0.0020000000000000000416
56,-148.75,0.0012999999999999999403,0.0012999999999999999403
57,-148.75,0.00059999999999999994744,0.00059999999999999994744
58,-148.75,0.0016000000000000000767,0.0016000000000000000767
59,-148.75,0.00080000000000000003834,0.00080000000000000003834
60,-148.75,0.0022999999999999999611,0.0022999999999999999611
61,-148.75,0.016600000000000000172,0.016600000000000000172
62,-148.75,0.74809999999999998721,0.74809999999999998721
63,-148.75,0.66359999999999996767,0.66359999999999996767
64,-148.75,0.58269999999999999574,0.58269999999999999574
65,-148.75,0.61119999999999996554,0.61119999999999996554
66,-148.75,0.94440000000000001723,0.94440000000000001723
67,-148.75,0.86170000000000002149,0.86170000000000002149
68,-148.75,0.99619999999999997442,0.99619999999999997442
69,-148.75,0.40320000000000000284,0.40320000000000000284
70,-148.75,0.54249999999999998224,0.54249999999999998224
-69,-147.5,0.76819999999999999396,0.76819999999999999396
-68,-147.5,0.89990000000000003322,0.89990000000000003322
-67,-147.5,0.9090000000000000302,0.9090000000000000302
-66,-147.5,0.75309999999999999165,0.75309999999999999165
-65,-147.5,0.66149999999999997691,0.66149999999999997691
-64,-147.5,0.96840000000000003855,0.96840000000000003855
-63,-147.5,0.7221999999999999531,0.7221999999999999531
-62,-147.5,0.80049999999999998934,0.80049999999999998934
-61,-147.5,0.6974000000000000199,0.6974000000000000199
-60,-147.5,0.6847999999999999643,0.6847999999999999643
-59,-147.5,0.46500000000000002442,0.46500000000000002442
-58,-147.5,0.12900000000000000355,0.12900000000000000355
-57,-147.5,0.16139999999999998792,0.16139999999999998792
-56,-147.5,0.41739999999999999325,0.41739999999999999325
-55,-147.5,0.2651999999999999913,0.2651999999999999913
-54,-147.5,0.16689999999999999281,0.16689999999999999281
-53,-147.5,0.62519999999999997797,0.62519999999999997797
-52,-147.5,0.80989999999999995328,0.80989999999999995328
-51,-147.5,0.90729999999999999538,0.90729999999999999538
-50,-147.5,0.64580000000000004068,0.64580000000000004068
-49,-147.5,0.70679999999999998384,0.70679999999999998384
-48,-147.5,0.64349999999999996092,0.64349999999999996092
-47,-147.5,0.61870000000000002771,0.61870000000000002771
-46,-147.5,0.63180000000000002824,0.63180000000000002824
-45,-147.5,0.92789999999999994706,0.92789999999999994706
-44,-147.5,0.77749999999999996891,0.77749999999999996891
-43,-147.5,0.69399999999999995026,0.69399999999999995026
-42,-147.5,0.92330000000000000959,0.92330000000000000959
-41,-147.5,0.76859999999999994991,0.76859999999999994991
-40,-147.5,0.77470000000000005524,0.77470000000000005524
-39,-147.5,0.53810000000000002274,0.53810000000000002274
-38,-147.5,0.33310000000000000719,0.33310000000000000719
-37,-147.5,0.1710000000000000131,0.1710000000000000131
-36,-147.5,0.24149999999999999245,0.24149999999999999245
-35,-147.5,0.22509999999999999454,0.22509999999999999454
-34,-147.5,0.34879999999999999893,0.34879999999999999893
-33,-147.5,0.34079999999999999183,0.34079999999999999183
-32,-147.5,0.38440000000000001945,0.38440000000000001945
-31,-147.5,0.18199999999999999512,0.18199999999999999512
-30,-147.5,0.16659999999999999809,0.16659999999999999809
-29,-147.5,0.16889999999999999458,0.16889999999999999458
-28,-147.5,0.14719999999999999751,0.14719999999999999751
-27,-147.5,0.16439999999999999059,0.16439999999999999059
-26,-147.5,0.2561999999999999833,0.2561999999999999833
-25,-147.5,0.48330000000000000737,0.48330000000000000737
-24,-147.5,0.67530000000000001137,0.67530000000000001137
-23,-147.5,0.9474000000000000199,0.9474000000000000199
-22,-147.5,0.69530000000000002913,0.69530000000000002913
-21,-147.5,0.18229999999999998983,0.18229999999999998983
-20,-147.5,0.38679999999999997717,0.38679999999999997717
-19,-147.5,0.26710000000000000409,0.26710000000000000409
-18,-147.5,0.18890000000000001235,0.18890000000000001235
-17,-147.5,0.41129999999999999893,0.41129999999999999893
-16,-147.5,0.61570000000000002505,0.61570000000000002505
-15,-147.5,0.8186999999999999833,0.8186999999999999833
-14,-147.5,0.9409999999999999476,0.9409999999999999476
-13,-147.5,0.99060000000000003606,0.99060000000000003606
-12,-147.5,0.99599999999999999645,0.99599999999999999645
-11,-147.5,0.98360000000000002984,0.98360000000000002984
-10,-147.5,0.83250000000000001776,0.83250000000000001776
-9,-147.5,0.35789999999999999591,0.35789999999999999591
-8,-147.5,0.30370000000000002549,0.30370000000000002549
-7,-147.5,0.26600000000000001421,0.26600000000000001421
-6,-147.5,0.23680000000000001048,0.23680000000000001048
-5,-147.5,0.30420000000000002593,0.30420000000000002593
-4,-147.5,0.27210000000000000853,0.27210000000000000853
-3,-147.5,0.026200000000000001066,0.026200000000000001066
-2,-147.5,0.00010000000000000000479,0.00010000000000000000479
-1,-147.5,0,0
0,-147.5,0,0
1,-147.5,0,0
2,-147.5,0,0
3,-147.5,0,0
4,-147.5,0,0
5,-147.5,0,0
6,-147.5,0.00029999999999999997372,0.00029999999999999997372
7,-147.5,0.27560000000000001164,0.27560000000000001164
8,-147.5,0.64810000000000000941,0.64810000000000000941
9,-147.5,0.0025999999999999998807,0.0025999999999999998807
10,-147.5,0.00040000000000000001917,0.00040000000000000001917
11,-147.5,0.003299999999999999982,0.003299999999999999982
12,-147.5,0.022200000000000000983,0.022200000000000000983
13,-147.5,0.58540000000000003144,0.58540000000000003144
14,-147.5,0.86550000000000004707,0.86550000000000004707
15,-147.5,0.78620000000000000995,0.78620000000000000995
16,-147.5,0.81710000000000004849,0.81710000000000004849
17,-147.5,0.74590000000000000746,0.74590000000000000746
18,-147.5,0.42270000000000002016,0.42270000000000002016
19,-147.5,0.65639999999999998348,0.65639999999999998348
20,-147.5,0.70169999999999999041,0.70169999999999999041
21,-147.5,0.7849000000000000421,0.7849000000000000421
22,-147.5,0.87119999999999997442,0.87119999999999997442
23,-147.5,0.88629999999999997673,0.88629999999999997673
24,-147.5,0.92110000000000002984,0.92110000000000002984
25,-147.5,0.92810000000000003606,0.92810000000000003606
26,-147.5,0.93159999999999998366,0.93159999999999998366
27,-147.5,0.89370000000000004992,0.89370000000000004992
28,-147.5,0.81049999999999999822,0.81049999999999999822
29,-147.5,0.79579999999999995186,0.79579999999999995186
30,-147.5,0.79510000000000002895,0.79510000000000002895
31,-147.5,0.72430000000000005489,0.72430000000000005489
32,-147.5,0.49709999999999998632,0.49709999999999998632
33,-147.5,0.32129999999999997451,0.32129999999999997451
34,-147.5,0.31169999999999997708,0.31169999999999997708
35,-147.5,0.1884000000000000119,0.1884000000000000119
36,-147.5,0.3482000000000000095,0.3482000000000000095
37,-147.5,0.46589999999999998082,0.46589999999999998082
38,-147.5,0.37559999999999998943,0.37559999999999998943
39,-147.5,0.12659999999999999032,0.12659999999999999032
40,-147.5,0.081600000000000005862,0.081600000000000005862
41,-147.5,0.038399999999999996636,0.038399999999999996636
42,-147.5,0.025899999999999999412,0.025899999999999999412
43,-147.5,0.039100000000000002809,0.039100000000000002809
44,-147.5,0.076399999999999995692,0.076399999999999995692
45,-147.5,0.058999999999999996891,0.058999999999999996891
46,-147.5,0.021200000000000000094,0.021200000000000000094
47,-147.5,0.020799999999999999045,0.020799999999999999045
48,-147.5,0.031600000000000003086,0.031600000000000003086
49,-147.5,0.0355999999999999997,0.0355999999999999997
50,-147.5,0.023099999999999999006,0.023099999999999999006
51,-147.5,0.012099999999999999645,0.012099999999999999645
52,-147.5,0.0067999999999999996211,0.0067999999999999996211
53,-147.5,0.0045999999999999999223,0.0045999999999999999223
54,-147.5,0.0041999999999999997405,0.0041999999999999997405
55,-147.5,0.003299999999999999982,0.003299999999999999982
56,-147.5,0.0037000000000000001638,0.0037000000000000001638
57,-147.5,0.0022000000000000001325,0.0022000000000000001325
58,-147.5,0.0010000000000000000208,0.0010000000000000000208
59,-147.5,0.00059999999999999994744,0.00059999999999999994744
60,-147.5,0.0074999999999999997224,0.0074999999999999997224
61,-147.5,0.02069999999999999965,0.02069999999999999965
62,-147.5,0.7391999999999999682,0.7391999999999999682
63,-147.5,0.82960000000000000409,0.82960000000000000409
64,-147.5,0.70289999999999996927,0.70289999999999996927
65,-147.5,0.6974000000000000199,0.6974000000000000199
66,-147.5,0.98519999999999996465,0.98519999999999996465
67,-147.5,0.90090000000000003411,0.90090000000000003411
68,-147.5,0.81550000000000000266,0.81550000000000000266
69,-147.5,0.27610000000000001208,0.27610000000000001208
70,-147.5,0.4848000000000000087,0.4848000000000000087
-69,-146.25,0.76380000000000003446,0.76380000000000003446
-68,-146.25,0.85999999999999998668,0.85999999999999998668
-67,-146.25,0.93549999999999999822,0.93549999999999999822
-66,-146.25,0.79449999999999998401,0.79449999999999998401
-65,-146.25,0.74599999999999999645,0.74599999999999999645
-64,-146.25,0.84770000000000000906,0.84770000000000000906
-63,-146.25,0.60080000000000000071,0.60080000000000000071
-62,-146.25,0.73170000000000001705,0.73170000000000001705
-61,-146.25,0.67090000000000005187,0.67090000000000005187
-60,-146.25,0.60629999999999995008,0.60629999999999995008
-59,-146.25,0.41260000000000002229,0.41260000000000002229
-58,-146.25,0.16109999999999999321,0.16109999999999999321
-57,-146.25,0.19120000000000000884,0.19120000000000000884
-56,-146.25,0.39600000000000001865,0.39600000000000001865
-55,-146.25,0.18370000000000000218,0.18370000000000000218
-54,-146.25,0.12800000000000000266,0.12800000000000000266
-53,-146.25,0.50029999999999996696,0.50029999999999996696
-52,-146.25,0.74099999999999999201,0.74099999999999999201
-51,-146.25,0.89829999999999998739,0.89829999999999998739
-50,-146.25,0.64839999999999997637,0.64839999999999997637
-49,-146.25,0.67190000000000005276,0.67190000000000005276
-48,-146.25,0.45040000000000002256,0.45040000000000002256
-47,-146.25,0.27279999999999998694,0.27279999999999998694
-46,-146.25,0.50760000000000005116,0.50760000000000005116
-45,-146.25,0.90069999999999994511,0.90069999999999994511
-44,-146.25,0.72230000000000005311,0.72230000000000005311
-43,-146.25,0.8090000000000000524,0.8090000000000000524
-42,-146.25,0.97519999999999995577,0.97519999999999995577
-41,-146.25,0.82869999999999999218,0.82869999999999999218
-40,-146.25,0.90459999999999995968,0.90459999999999995968
-39,-146.25,0.68169999999999997264,0.68169999999999997264
-38,-146.25,0.40229999999999999094,0.40229999999999999094
-37,-146.25,0.39100000000000001421,0.39100000000000001421
-36,-146.25,0.60240000000000004654,0.60240000000000004654
-35,-146.25,0.81699999999999994849,0.81699999999999994849
-34,-146.25,0.75049999999999994493,0.75049999999999994493
-33,-146.25,0.6936999999999999833,0.6936999999999999833
-32,-146.25,0.51849999999999996092,0.51849999999999996092
-31,-146.25,0.22730000000000000204,0.22730000000000000204
-30,-146.25,0.080799999999999996825,0.080799999999999996825
-29,-146.25,0.074700000000000002509,0.074700000000000002509
-28,-146.25,0.22789999999999999147,0.22789999999999999147
-27,-146.25,0.47179999999999999716,0.47179999999999999716
-26,-146.25,0.78710000000000002185,0.78710000000000002185
-25,-146.25,0.78569999999999995399,0.78569999999999995399
-24,-146.25,0.96150000000000002132,0.96150000000000002132
-23,-146.25,0.88270000000000004015,0.88270000000000004015
-22,-146.25,0.37219999999999997531,0.37219999999999997531
-21,-146.25,0.30520000000000002682,0.30520000000000002682
-20,-146.25,0.48730000000000001092,0.48730000000000001092
-19,-146.25,0.34870000000000000995,0.34870000000000000995
-18,-146.25,0.35639999999999999458,0.35639999999999999458
-17,-146.25,0.56010000000000004228,0.56010000000000004228
-16,-146.25,0.70869999999999999662,0.70869999999999999662
-15,-146.25,0.87009999999999998455,0.87009999999999998455
-14,-146.25,0.88700000000000001066,0.88700000000000001066
-13,-146.25,0.98689999999999999947,0.98689999999999999947
-12,-146.25,0.98509999999999997566,0.98509999999999997566
-11,-146.25,0.99780000000000002025,0.99780000000000002025
-10,-146.25,0.98699999999999998845,0.98699999999999998845
-9,-146.25,0.65100000000000002309,0.65100000000000002309
-8,-146.25,0.37269999999999997575,0.37269999999999997575
-7,-146.25,0.3070999999999999841,0.3070999999999999841
-6,-146.25,0.24249999999999999334,0.24249999999999999334
-5,-146.25,0.33460000000000000853,0.33460000000000000853
-4,-146.25,0.29480000000000000648,0.29480000000000000648
-3,-146.25,0.034900000000000000466,0.034900000000000000466
-2,-146.25,0,0
-1,-146.25,0,0
0,-146.25,0,0
1,-146.25,0.00010000000000000000479,0.00010000000000000000479
2,-146.25,0,0
3,-146.25,0,0
4,-146.25,0,0
5,-146.25,0,0
6,-146.25,0,0
7,-146.25,0.27750000000000002442,0.27750000000000002442
8,-146.25,0.69750000000000000888,0.69750000000000000888
9,-146.25,0.0074999999999999997224,0.0074999999999999997224
10,-146.25,0.00020000000000000000958,0.00020000000000000000958
11,-146.25,0.00080000000000000003834,0.00080000000000000003834
12,-146.25,0.025600000000000001227,0.025600000000000001227
13,-146.25,0.5151999999999999913,0.5151999999999999913
14,-146.25,0.93149999999999999467,0.93149999999999999467
15,-146.25,0.88819999999999998952,0.88819999999999998952
16,-146.25,0.90149999999999996803,0.90149999999999996803
17,-146.25,0.63509999999999999787,0.63509999999999999787
18,-146.25,0.42520000000000002238,0.42520000000000002238
19,-146.25,0.44180000000000002602,0.44180000000000002602
20,-146.25,0.54710000000000003073,0.54710000000000003073
21,-146.25,0.60099999999999997868,0.60099999999999997868
22,-146.25,0.87709999999999999076,0.87709999999999999076
23,-146.25,0.80469999999999997087,0.80469999999999997087
24,-146.25,0.91569999999999995843,0.91569999999999995843
25,-146.25,0.90729999999999999538,0.90729999999999999538
26,-146.25,0.85699999999999998401,0.85699999999999998401
27,-146.25,0.84070000000000000284,0.84070000000000000284
28,-146.25,0.67859999999999998099,0.67859999999999998099
29,-146.25,0.71899999999999997247,0.71899999999999997247
30,-146.25,0.72819999999999995843,0.72819999999999995843
31,-146.25,0.65739999999999998437,0.65739999999999998437
32,-146.25,0.64239999999999997105,0.64239999999999997105
33,-146.25,0.49070000000000002505,0.49070000000000002505
34,-146.25,0.42820000000000002505,0.42820000000000002505
35,-146.25,0.26169999999999998819,0.26169999999999998819
36,-146.25,0.32679999999999997939,0.32679999999999997939
37,-146.25,0.49399999999999999467,0.49399999999999999467
38,-146.25,0.45510000000000000453,0.45510000000000000453
39,-146.25,0.16109999999999999321,0.16109999999999999321
40,-146.25,0.069800000000000000933,0.069800000000000000933
41,-146.25,0.035700000000000002565,0.035700000000000002565
42,-146.25,0.021399999999999998884,0.021399999999999998884
43,-146.25,0.023500000000000000056,0.023500000000000000056
44,-146.25,0.050999999999999996725,0.050999999999999996725
45,-146.25,0.044799999999999999545,0.044799999999999999545
46,-146.25,0.023300000000000001266,0.023300000000000001266
47,-146.25,0.02380000000000000171,0.02380000000000000171
48,-146.25,0.061100000000000001532,0.061100000000000001532
49,-146.25,0.075800000000000006262,0.075800000000000006262
50,-146.25,0.045600000000000001643,0.045600000000000001643
51,-146.25,0.020400000000000001465,0.020400000000000001465
52,-146.25,0.0080999999999999995615,0.0080999999999999995615
53,-146.25,0.007799999999999999642,0.007799999999999999642
54,-146.25,0.0086999999999999994005,0.0086999999999999994005
55,-146.25,0.0037999999999999999924,0.0037999999999999999924
56,-146.25,0.0085000000000000006106,0.0085000000000000006106
57,-146.25,0.0054999999999999996808,0.0054999999999999996808
58,-146.25,0.0027999999999999999716,0.0027999999999999999716
59,-146.25,0.00449999999999999966,0.00449999999999999966
60,-146.25,0.026100000000000001671,0.026100000000000001671
61,-146.25,0.071099999999999996536,0.071099999999999996536
62,-146.25,0.8731999999999999762,0.8731999999999999762
63,-146.25,0.81879999999999997229,0.81879999999999997229
64,-146.25,0.80749999999999999556,0.80749999999999999556
65,-146.25,0.83489999999999997549,0.83489999999999997549
66,-146.25,0.99480000000000001759,0.99480000000000001759
67,-146.25,0.9829999999999999849,0.9829999999999999849
68,-146.25,0.52080000000000004068,0.52080000000000004068
69,-146.25,0.38290000000000001812,0.38290000000000001812
70,-146.25,0.36270000000000002238,0.36270000000000002238
-69,-145,0.79359999999999997211,0.79359999999999997211
-68,-145,0.80430000000000001492,0.80430000000000001492
-67,-145,0.8759000000000000119,0.8759000000000000119
-66,-145,0.80959999999999998632,0.80959999999999998632
-65,-145,0.81530000000000002469,0.81530000000000002469
-64,-145,0.74750000000000005329,0.74750000000000005329
-63,-145,0.5123999999999999666,0.5123999999999999666
-62,-145,0.70520000000000004903,0.70520000000000004903
-61,-145,0.74519999999999997353,0.74519999999999997353
-60,-145,0.75380000000000002558,0.75380000000000002558
-59,-145,0.33829999999999998961,0.33829999999999998961
-58,-145,0.18140000000000000568,0.18140000000000000568
-57,-145,0.15549999999999999933,0.15549999999999999933
-56,-145,0.33860000000000001208,0.33860000000000001208
-55,-145,0.26810000000000000497,0.26810000000000000497
-54,-145,0.22880000000000000338,0.22880000000000000338
-53,-145,0.79690000000000005276,0.79690000000000005276
-52,-145,0.84599999999999997424,0.84599999999999997424
-51,-145,0.62009999999999998455,0.62009999999999998455
-50,-145,0.56379999999999996785,0.56379999999999996785
-49,-145,0.6311999999999999833,0.6311999999999999833
-48,-145,0.41589999999999999192,0.41589999999999999192
-47,-145,0.33460000000000000853,0.33460000000000000853
-46,-145,0.36930000000000001714,0.36930000000000001714
-45,-145,0.98589999999999999858,0.98589999999999999858
-44,-145,0.98519999999999996465,0.98519999999999996465
-43,-145,0.93210000000000003961,0.93210000000000003961
-42,-145,0.85650000000000003908,0.85650000000000003908
-41,-145,0.9096999999999999531,0.9096999999999999531
-40,-145,0.76009999999999999787,0.76009999999999999787
-39,-145,0.72640000000000004565,0.72640000000000004565
-38,-145,0.80040000000000000036,0.80040000000000000036
-37,-145,0.87829999999999996962,0.87829999999999996962
-36,-145,0.92920000000000002593,0.92920000000000002593
-35,-145,0.53610000000000002096,0.53610000000000002096
-34,-145,0.86870000000000002771,0.86870000000000002771
-33,-145,0.74619999999999997442,0.74619999999999997442
-32,-145,0.49030000000000001359,0.49030000000000001359
-31,-145,0.125,0.125
-30,-145,0.068800000000000000044,0.068800000000000000044
-29,-145,0.14580000000000001292,0.14580000000000001292
-28,-145,0.39129999999999998117,0.39129999999999998117
-27,-145,0.59240000000000003766,0.59240000000000003766
-26,-145,0.98080000000000000515,0.98080000000000000515
-25,-145,0.99899999999999999911,0.99899999999999999911
-24,-145,0.96660000000000001474,0.96660000000000001474
-23,-145,0.65959999999999996412,0.65959999999999996412
-22,-145,0.29010000000000002451,0.29010000000000002451
-21,-145,0.32540000000000002256,0.32540000000000002256
-20,-145,0.32040000000000001812,0.32040000000000001812
-19,-145,0.23680000000000001048,0.23680000000000001048
-18,-145,0.31569999999999998064,0.31569999999999998064
-17,-145,0.49469999999999997309,0.49469999999999997309
-16,-145,0.66120000000000000995,0.66120000000000000995
-15,-145,0.80140000000000000124,0.80140000000000000124
-14,-145,0.83440000000000003055,0.83440000000000003055
-13,-145,0.85029999999999994476,0.85029999999999994476
-12,-145,0.95050000000000001155,0.95050000000000001155
-11,-145,0.99980000000000002203,0.99980000000000002203
-10,-145,0.99990000000000001101,0.99990000000000001101
-9,-145,0.83189999999999997282,0.83189999999999997282
-8,-145,0.4213999999999999968,0.4213999999999999968
-7,-145,0.3125,0.3125
-6,-145,0.25869999999999998552,0.25869999999999998552
-5,-145,0.34760000000000002007,0.34760000000000002007
-4,-145,0.2432999999999999885,0.2432999999999999885
-3,-145,0.063200000000000006173,0.063200000000000006173
-2,-145,0.00020000000000000000958,0.00020000000000000000958
-1,-145,0,0
0,-145,0,0
1,-145,0,0
2,-145,0,0
3,-145,0.00010000000000000000479,0.00010000000000000000479
4,-145,0,0
5,-145,0,0
6,-145,0.00010000000000000000479,0.00010000000000000000479
7,-145,0.20160000000000000142,0.20160000000000000142
8,-145,0.65759999999999996234,0.65759999999999996234
9,-145,0.012300000000000000169,0.012300000000000000169
10,-145,0.00020000000000000000958,0.00020000000000000000958
11,-145,0.00059999999999999994744,0.00059999999999999994744
12,-145,0.05920000000000000262,0.05920000000000000262
13,-145,0.58089999999999997193,0.58089999999999997193
14,-145,0.95830000000000004068,0.95830000000000004068
15,-145,0.87719999999999997975,0.87719999999999997975
16,-145,0.75639999999999996128,0.75639999999999996128
17,-145,0.33439999999999997504,0.33439999999999997504
18,-145,0.27429999999999998828,0.27429999999999998828
19,-145,0.33310000000000000719,0.33310000000000000719
20,-145,0.70950000000000001954,0.70950000000000001954
21,-145,0.70960000000000000853,0.70960000000000000853
22,-145,0.93620000000000003215,0.93620000000000003215
23,-145,0.67110000000000002984,0.67110000000000002984
24,-145,0.60929999999999995275,0.60929999999999995275
25,-145,0.74199999999999999289,0.74199999999999999289
26,-145,0.62629999999999996785,0.62629999999999996785
27,-145,0.62690000000000001279,0.62690000000000001279
28,-145,0.5733000000000000318,0.5733000000000000318
29,-145,0.53600000000000003197,0.53600000000000003197
30,-145,0.62360000000000004317,0.62360000000000004317
31,-145,0.49209999999999998188,0.49209999999999998188
32,-145,0.39040000000000002478,0.39040000000000002478
33,-145,0.34849999999999997646,0.34849999999999997646
34,-145,0.40749999999999997335,0.40749999999999997335
35,-145,0.3456000000000000183,0.3456000000000000183
36,-145,0.41170000000000001039,0.41170000000000001039
37,-145,0.39000000000000001332,0.39000000000000001332
38,-145,0.43380000000000001892,0.43380000000000001892
39,-145,0.1597999999999999976,0.1597999999999999976
40,-145,0.074700000000000002509,0.074700000000000002509
41,-145,0.061400000000000003186,0.061400000000000003186
42,-145,0.039300000000000001599,0.039300000000000001599
43,-145,0.023900000000000001105,0.023900000000000001105
44,-145,0.032599999999999997036,0.032599999999999997036
45,-145,0.041200000000000000511,0.041200000000000000511
46,-145,0.033200000000000000344,0.033200000000000000344
47,-145,0.039100000000000002809,0.039100000000000002809
48,-145,0.11079999999999999571,0.11079999999999999571
49,-145,0.11429999999999999882,0.11429999999999999882
50,-145,0.082299999999999998157,0.082299999999999998157
51,-145,0.027400000000000000744,0.027400000000000000744
52,-145,0.0082000000000000006911,0.0082000000000000006911
53,-145,0.025299999999999999573,0.025299999999999999573
54,-145,0.021399999999999998884,0.021399999999999998884
55,-145,0.0054999999999999996808,0.0054999999999999996808
56,-145,0.0240000000000000005,0.0240000000000000005
57,-145,0.022999999999999999611,0.022999999999999999611
58,-145,0.0080000000000000001665,0.0080000000000000001665
59,-145,0.014000000000000000291,0.014000000000000000291
60,-145,0.041700000000000000955,0.041700000000000000955
61,-145,0.12770000000000000795,0.12770000000000000795
62,-145,0.73680000000000001048,0.73680000000000001048
63,-145,0.95099999999999995648,0.95099999999999995648
64,-145,0.97529999999999994476,0.97529999999999994476
65,-145,0.95750000000000001776,0.95750000000000001776
66,-145,0.9616000000000000103,0.9616000000000000103
67,-145,0.99239999999999994884,0.99239999999999994884
68,-145,0.39240000000000002656,0.39240000000000002656
69,-145,0.65510000000000001563,0.65510000000000001563
70,-145,0.3338999999999999746,0.3338999999999999746
-69,-143.75,0.87639999999999995683,0.87639999999999995683
-68,-143.75,0.8016999999999999682,0.8016999999999999682
-67,-143.75,0.83520000000000005347,0.83520000000000005347
-66,-143.75,0.78049999999999997158,0.78049999999999997158
-65,-143.75,0.7688000000000000389,0.7688000000000000389
-64,-143.75,0.77580000000000004512,0.77580000000000004512
-63,-143.75,0.55330000000000001403,0.55330000000000001403
-62,-143.75,0.71050000000000002043,0.71050000000000002043
-61,-143.75,0.76500000000000001332,0.76500000000000001332
-60,-143.75,0.67490000000000005542,0.67490000000000005542
-59,-143.75,0.21979999999999999538,0.21979999999999999538
-58,-143.75,0.10380000000000000338,0.10380000000000000338
-57,-143.75,0.12120000000000000218,0.12120000000000000218
-56,-143.75,0.28039999999999998259,0.28039999999999998259
-55,-143.75,0.4410999999999999921,0.4410999999999999921
-54,-143.75,0.50329999999999996962,0.50329999999999996962
-53,-143.75,0.92730000000000001315,0.92730000000000001315
-52,-143.75,0.59219999999999994866,0.59219999999999994866
-51,-143.75,0.40520000000000000462,0.40520000000000000462
-50,-143.75,0.54510000000000002895,0.54510000000000002895
-49,-143.75,0.61229999999999995541,0.61229999999999995541
-48,-143.75,0.54739999999999999769,0.54739999999999999769
-47,-143.75,0.48609999999999997655,0.48609999999999997655
-46,-143.75,0.5615999999999999881,0.5615999999999999881
-45,-143.75,0.91259999999999996678,0.91259999999999996678
-44,-143.75,0.7509000000000000119,0.7509000000000000119
-43,-143.75,0.85519999999999996021,0.85519999999999996021
-42,-143.75,0.98890000000000000124,0.98890000000000000124
-41,-143.75,0.95520000000000004903,0.95520000000000004903
-40,-143.75,0.86919999999999997264,0.86919999999999997264
-39,-143.75,0.98140000000000005009,0.98140000000000005009
-38,-143.75,0.98950000000000004619,0.98950000000000004619
-37,-143.75,0.99350000000000004974,0.99350000000000004974
-36,-143.75,0.90480000000000004867,0.90480000000000004867
-35,-143.75,0.82509999999999994458,0.82509999999999994458
-34,-143.75,0.73140000000000005009,0.73140000000000005009
-33,-143.75,0.62219999999999997531,0.62219999999999997531
-32,-143.75,0.36120000000000002105,0.36120000000000002105
-31,-143.75,0.25490000000000001545,0.25490000000000001545
-30,-143.75,0.27069999999999999618,0.27069999999999999618
-29,-143.75,0.31199999999999999956,0.31199999999999999956
-28,-143.75,0.45390000000000002567,0.45390000000000002567
-27,-143.75,0.83309999999999995168,0.83309999999999995168
-26,-143.75,0.77690000000000003499,0.77690000000000003499
-25,-143.75,0.89129999999999998117,0.89129999999999998117
-24,-143.75,0.88339999999999996305,0.88339999999999996305
-23,-143.75,0.49299999999999999378,0.49299999999999999378
-22,-143.75,0.1990999999999999992,0.1990999999999999992
-21,-143.75,0.15120000000000000107,0.15120000000000000107
-20,-143.75,0.1691999999999999893,0.1691999999999999893
-19,-143.75,0.1237000000000000044,0.1237000000000000044
-18,-143.75,0.20089999999999999525,0.20089999999999999525
-17,-143.75,0.35099999999999997868,0.35099999999999997868
-16,-143.75,0.82169999999999998597,0.82169999999999998597
-15,-143.75,0.92000000000000003997,0.92000000000000003997
-14,-143.75,0.75390000000000001457,0.75390000000000001457
-13,-143.75,0.83979999999999999094,0.83979999999999999094
-12,-143.75,0.97550000000000003375,0.97550000000000003375
-11,-143.75,0.98939999999999994618,0.98939999999999994618
-10,-143.75,0.96960000000000001741,0.96960000000000001741
-9,-143.75,0.91820000000000001616,0.91820000000000001616
-8,-143.75,0.74990000000000001101,0.74990000000000001101
-7,-143.75,0.59070000000000000284,0.59070000000000000284
-6,-143.75,0.42339999999999999858,0.42339999999999999858
-5,-143.75,0.39010000000000000231,0.39010000000000000231
-4,-143.75,0.35549999999999998268,0.35549999999999998268
-3,-143.75,0.16189999999999998836,0.16189999999999998836
-2,-143.75,0.00080000000000000003834,0.00080000000000000003834
-1,-143.75,0,0
0,-143.75,0,0
1,-143.75,0.00020000000000000000958,0.00020000000000000000958
2,-143.75,0,0
3,-143.75,0,0
4,-143.75,0,0
5,-143.75,0,0
6,-143.75,0.00010000000000000000479,0.00010000000000000000479
7,-143.75,0.1968999999999999917,0.1968999999999999917
8,-143.75,0.82789999999999996927,0.82789999999999996927
9,-143.75,0.036999999999999998168,0.036999999999999998168
10,-143.75,0.0016000000000000000767,0.0016000000000000000767
11,-143.75,0.0028999999999999998002,0.0028999999999999998002
12,-143.75,0.097500000000000003331,0.097500000000000003331
13,-143.75,0.71919999999999995044,0.71919999999999995044
14,-143.75,0.96140000000000003233,0.96140000000000003233
15,-143.75,0.91859999999999997211,0.91859999999999997211
16,-143.75,0.8295000000000000151,0.8295000000000000151
17,-143.75,0.45829999999999998517,0.45829999999999998517
18,-143.75,0.2777000000000000024,0.2777000000000000024
19,-143.75,0.2554000000000000159,0.2554000000000000159
20,-143.75,0.44019999999999998019,0.44019999999999998019
21,-143.75,0.59570000000000000728,0.59570000000000000728
22,-143.75,0.77090000000000002967,0.77090000000000002967
23,-143.75,0.56289999999999995595,0.56289999999999995595
24,-143.75,0.55510000000000003784,0.55510000000000003784
25,-143.75,0.55989999999999995328,0.55989999999999995328
26,-143.75,0.51380000000000003446,0.51380000000000003446
27,-143.75,0.47870000000000001439,0.47870000000000001439
28,-143.75,0.56450000000000000178,0.56450000000000000178
29,-143.75,0.45560000000000000497,0.45560000000000000497
30,-143.75,0.49149999999999999245,0.49149999999999999245
31,-143.75,0.36909999999999998366,0.36909999999999998366
32,-143.75,0.35099999999999997868,0.35099999999999997868
33,-143.75,0.18709999999999998854,0.18709999999999998854
34,-143.75,0.25469999999999998197,0.25469999999999998197
35,-143.75,0.37469999999999997753,0.37469999999999997753
36,-143.75,0.4661000000000000143,0.4661000000000000143
37,-143.75,0.41099999999999997646,0.41099999999999997646
38,-143.75,0.31440000000000001279,0.31440000000000001279
39,-143.75,0.13350000000000000755,0.13350000000000000755
40,-143.75,0.062399999999999997136,0.062399999999999997136
41,-143.75,0.050900000000000000799,0.050900000000000000799
42,-143.75,0.063399999999999998024,0.063399999999999998024
43,-143.75,0.040500000000000001277,0.040500000000000001277
44,-143.75,0.033799999999999996714,0.033799999999999996714
45,-143.75,0.050200000000000001565,0.050200000000000001565
46,-143.75,0.065900000000000000244,0.065900000000000000244
47,-143.75,0.10280000000000000249,0.10280000000000000249
48,-143.75,0.1804000000000000048,0.1804000000000000048
49,-143.75,0.18360000000000001319,0.18360000000000001319
50,-143.75,0.13089999999999998859,0.13089999999999998859
51,-143.75,0.034400000000000000022,0.034400000000000000022
52,-143.75,0.01460000000000000013,0.01460000000000000013
53,-143.75,0.054800000000000001488,0.054800000000000001488
54,-143.75,0.051799999999999998823,0.051799999999999998823
55,-143.75,0.015900000000000000938,0.015900000000000000938
56,-143.75,0.035000000000000003331,0.035000000000000003331
57,-143.75,0.064500000000000001776,0.064500000000000001776
58,-143.75,0.029299999999999999656,0.029299999999999999656
59,-143.75,0.022599999999999998562,0.022599999999999998562
60,-143.75,0.048099999999999996925,0.048099999999999996925
61,-143.75,0.13189999999999998948,0.13189999999999998948
62,-143.75,0.84889999999999998792,0.84889999999999998792
63,-143.75,0.93610000000000004317,0.93610000000000004317
64,-143.75,0.5099000000000000199,0.5099000000000000199
65,-143.75,0.9436999999999999833,0.9436999999999999833
66,-143.75,0.91059999999999996501,0.91059999999999996501
67,-143.75,0.9313000000000000167,0.9313000000000000167
68,-143.75,0.20339999999999999747,0.20339999999999999747
69,-143.75,0.99239999999999994884,0.99239999999999994884
70,-143.75,0.36180000000000001048,0.36180000000000001048
-69,-142.5,0.95620000000000004992,0.95620000000000004992
-68,-142.5,0.88339999999999996305,0.88339999999999996305
-67,-142.5,0.87780000000000002469,0.87780000000000002469
-66,-142.5,0.78559999999999996501,0.78559999999999996501
-65,-142.5,0.67700000000000004619,0.67700000000000004619
-64,-142.5,0.8867000000000000437,0.8867000000000000437
-63,-142.5,0.7286000000000000254,0.7286000000000000254
-62,-142.5,0.80200000000000004619,0.80200000000000004619
-61,-142.5,0.82530000000000003357,0.82530000000000003357
-60,-142.5,0.64700000000000001954,0.64700000000000001954
-59,-142.5,0.19380000000000000004,0.19380000000000000004
-58,-142.5,0.056399999999999998745,0.056399999999999998745
-57,-142.5,0.10520000000000000184,0.10520000000000000184
-56,-142.5,0.26540000000000002478,0.26540000000000002478
-55,-142.5,0.24740000000000000879,0.24740000000000000879
-54,-142.5,0.53649999999999997691,0.53649999999999997691
-53,-142.5,0.83530000000000004245,0.83530000000000004245
-52,-142.5,0.44959999999999999964,0.44959999999999999964
-51,-142.5,0.41470000000000001306,0.41470000000000001306
-50,-142.5,0.75480000000000002647,0.75480000000000002647
-49,-142.5,0.68059999999999998277,0.68059999999999998277
-48,-142.5,0.70309999999999994724,0.70309999999999994724
-47,-142.5,0.61009999999999997566,0.61009999999999997566
-46,-142.5,0.28860000000000002318,0.28860000000000002318
-45,-142.5,0.57889999999999997016,0.57889999999999997016
-44,-142.5,0.67789999999999994706,0.67789999999999994706
-43,-142.5,0.91590000000000004743,0.91590000000000004743
-42,-142.5,0.93630000000000002114,0.93630000000000002114
-41,-142.5,0.9653000000000000469,0.9653000000000000469
-40,-142.5,0.9965000000000000524,0.9965000000000000524
-39,-142.5,0.99850000000000005418,0.99850000000000005418
-38,-142.5,0.95160000000000000142,0.95160000000000000142
-37,-142.5,0.99890000000000001013,0.99890000000000001013
-36,-142.5,0.82940000000000002611,0.82940000000000002611
-35,-142.5,0.90529999999999999361,0.90529999999999999361
-34,-142.5,0.7599000000000000199,0.7599000000000000199
-33,-142.5,0.61719999999999997087,0.61719999999999997087
-32,-142.5,0.56879999999999997229,0.56879999999999997229
-31,-142.5,0.61770000000000002682,0.61770000000000002682
-30,-142.5,0.49980000000000002203,0.49980000000000002203
-29,-142.5,0.51839999999999997193,0.51839999999999997193
-28,-142.5,0.65859999999999996323,0.65859999999999996323
-27,-142.5,0.66190000000000004388,0.66190000000000004388
-26,-142.5,0.77680000000000004601,0.77680000000000004601
-25,-142.5,0.89339999999999997193,0.89339999999999997193
-24,-142.5,0.82369999999999998774,0.82369999999999998774
-23,-142.5,0.53549999999999997602,0.53549999999999997602
-22,-142.5,0.18779999999999999472,0.18779999999999999472
-21,-142.5,0.11940000000000000613,0.11940000000000000613
-20,-142.5,0.11070000000000000673,0.11070000000000000673
-19,-142.5,0.11119999999999999329,0.11119999999999999329
-18,-142.5,0.12600000000000000089,0.12600000000000000089
-17,-142.5,0.33469999999999999751,0.33469999999999999751
-16,-142.5,0.56720000000000003748,0.56720000000000003748
-15,-142.5,0.75760000000000005116,0.75760000000000005116
-14,-142.5,0.68279999999999996252,0.68279999999999996252
-13,-142.5,0.83740000000000003322,0.83740000000000003322
-12,-142.5,0.9990999999999999881,0.9990999999999999881
-11,-142.5,0.87309999999999998721,0.87309999999999998721
-10,-142.5,0.85919999999999996376,0.85919999999999996376
-9,-142.5,0.92339999999999999858,0.92339999999999999858
-8,-142.5,0.92959999999999998188,0.92959999999999998188
-7,-142.5,0.72660000000000002363,0.72660000000000002363
-6,-142.5,0.57699999999999995737,0.57699999999999995737
-5,-142.5,0.48949999999999999067,0.48949999999999999067
-4,-142.5,0.5822000000000000508,0.5822000000000000508
-3,-142.5,0.32109999999999999654,0.32109999999999999654
-2,-142.5,0.0016000000000000000767,0.0016000000000000000767
-1,-142.5,0,0
0,-142.5,0,0
1,-142.5,0,0
2,-142.5,0,0
3,-142.5,0.00010000000000000000479,0.00010000000000000000479
4,-142.5,0,0
5,-142.5,0,0
6,-142.5,0,0
7,-142.5,0.16280000000000000027,0.16280000000000000027
8,-142.5,0.85009999999999996678,0.85009999999999996678
9,-142.5,0.13159999999999999476,0.13159999999999999476
10,-142.5,0.017299999999999999406,0.017299999999999999406
11,-142.5,0.024299999999999998684,0.024299999999999998684
12,-142.5,0.13559999999999999831,0.13559999999999999831
13,-142.5,0.80020000000000002238,0.80020000000000002238
14,-142.5,0.9375,0.9375
15,-142.5,0.875,0.875
16,-142.5,0.83899999999999996803,0.83899999999999996803
17,-142.5,0.55549999999999999378,0.55549999999999999378
18,-142.5,0.29680000000000000826,0.29680000000000000826
19,-142.5,0.33860000000000001208,0.33860000000000001208
20,-142.5,0.26619999999999999218,0.26619999999999999218
21,-142.5,0.28539999999999998703,0.28539999999999998703
22,-142.5,0.57679999999999997939,0.57679999999999997939
23,-142.5,0.61870000000000002771,0.61870000000000002771
24,-142.5,0.44419999999999998375,0.44419999999999998375
25,-142.5,0.35689999999999999503,0.35689999999999999503
26,-142.5,0.40879999999999999671,0.40879999999999999671
27,-142.5,0.46920000000000000595,0.46920000000000000595
28,-142.5,0.55820000000000002949,0.55820000000000002949
29,-142.5,0.41260000000000002229,0.41260000000000002229
30,-142.5,0.36330000000000001181,0.36330000000000001181
31,-142.5,0.31619999999999998108,0.31619999999999998108
32,-142.5,0.30849999999999999645,0.30849999999999999645
33,-142.5,0.17890000000000000346,0.17890000000000000346
34,-142.5,0.12979999999999999871,0.12979999999999999871
35,-142.5,0.29889999999999999902,0.29889999999999999902
36,-142.5,0.43669999999999997708,0.43669999999999997708
37,-142.5,0.44319999999999998286,0.44319999999999998286
38,-142.5,0.35520000000000001572,0.35520000000000001572
39,-142.5,0.18850000000000000089,0.18850000000000000089
40,-142.5,0.064000000000000001332,0.064000000000000001332
41,-142.5,0.05340000000000000302,0.05340000000000000302
42,-142.5,0.08069999999999999396,0.08069999999999999396
43,-142.5,0.081799999999999997713,0.081799999999999997713
44,-142.5,0.06230000000000000121,0.06230000000000000121
45,-142.5,0.071800000000000002709,0.071800000000000002709
46,-142.5,0.094100000000000003086,0.094100000000000003086
47,-142.5,0.13580000000000000404,0.13580000000000000404
48,-142.5,0.18320000000000000173,0.18320000000000000173
49,-142.5,0.14540000000000000147,0.14540000000000000147
50,-142.5,0.078100000000000002753,0.078100000000000002753
51,-142.5,0.025700000000000000622,0.025700000000000000622
52,-142.5,0.015499999999999999889,0.015499999999999999889
53,-142.5,0.043400000000000001077,0.043400000000000001077
54,-142.5,0.031199999999999998568,0.031199999999999998568
55,-142.5,0.019800000000000001626,0.019800000000000001626
56,-142.5,0.03889999999999999708,0.03889999999999999708
57,-142.5,0.080899999999999999689,0.080899999999999999689
58,-142.5,0.049599999999999998257,0.049599999999999998257
59,-142.5,0.018100000000000001504,0.018100000000000001504
60,-142.5,0.084299999999999999933,0.084299999999999999933
61,-142.5,0.28870000000000001217,0.28870000000000001217
62,-142.5,0.83489999999999997549,0.83489999999999997549
63,-142.5,0.794599999999999973,0.794599999999999973
64,-142.5,0.48820000000000002283,0.48820000000000002283
65,-142.5,0.91320000000000001172,0.91320000000000001172
66,-142.5,0.87919999999999998153,0.87919999999999998153
67,-142.5,0.74770000000000003126,0.74770000000000003126
68,-142.5,0.1691999999999999893,0.1691999999999999893
69,-142.5,0.88609999999999999876,0.88609999999999999876
70,-142.5,0.49659999999999998588,0.49659999999999998588
-69,-141.25,0.91039999999999998703,0.91039999999999998703
-68,-141.25,0.87250000000000005329,0.87250000000000005329
-67,-141.25,0.84350000000000002753,0.84350000000000002753
-66,-141.25,0.69589999999999996305,0.69589999999999996305
-65,-141.25,0.50949999999999995293,0.50949999999999995293
-64,-141.25,0.66690000000000004832,0.66690000000000004832
-63,-141.25,0.8901999999999999913,0.8901999999999999913
-62,-141.25,0.87929999999999997051,0.87929999999999997051
-61,-141.25,0.82579999999999997851,0.82579999999999997851
-60,-141.25,0.66320000000000001172,0.66320000000000001172
-59,-141.25,0.26019999999999998685,0.26019999999999998685
-58,-141.25,0.048099999999999996925,0.048099999999999996925
-57,-141.25,0.097600000000000006195,0.097600000000000006195
-56,-141.25,0.19159999999999999254,0.19159999999999999254
-55,-141.25,0.11799999999999999378,0.11799999999999999378
-54,-141.25,0.5856999999999999984,0.5856999999999999984
-53,-141.25,0.86199999999999998845,0.86199999999999998845
-52,-141.25,0.61660000000000003695,0.61660000000000003695
-51,-141.25,0.62070000000000002949,0.62070000000000002949
-50,-141.25,0.67420000000000002149,0.67420000000000002149
-49,-141.25,0.68149999999999999467,0.68149999999999999467
-48,-141.25,0.47149999999999997469,0.47149999999999997469
-47,-141.25,0.44300000000000000488,0.44300000000000000488
-46,-141.25,0.28179999999999999494,0.28179999999999999494
-45,-141.25,0.34039999999999998037,0.34039999999999998037
-44,-141.25,0.66879999999999995008,0.66879999999999995008
-43,-141.25,0.87980000000000002647,0.87980000000000002647
-42,-141.25,0.98360000000000002984,0.98360000000000002984
-41,-141.25,0.95240000000000002434,0.95240000000000002434
-40,-141.25,0.99629999999999996341,0.99629999999999996341
-39,-141.25,0.98140000000000005009,0.98140000000000005009
-38,-141.25,0.94930000000000003268,0.94930000000000003268
-37,-141.25,0.9838999999999999968,0.9838999999999999968
-36,-141.25,0.794599999999999973,0.794599999999999973
-35,-141.25,0.97179999999999999716,0.97179999999999999716
-34,-141.25,0.82359999999999999876,0.82359999999999999876
-33,-141.25,0.79630000000000000782,0.79630000000000000782
-32,-141.25,0.96519999999999994689,0.96519999999999994689
-31,-141.25,0.86960000000000003961,0.86960000000000003961
-30,-141.25,0.81730000000000002647,0.81730000000000002647
-29,-141.25,0.90759999999999996234,0.90759999999999996234
-28,-141.25,0.83340000000000002967,0.83340000000000002967
-27,-141.25,0.73819999999999996732,0.73819999999999996732
-26,-141.25,0.7651999999999999913,0.7651999999999999913
-25,-141.25,0.8536000000000000254,0.8536000000000000254
-24,-141.25,0.77729999999999999094,0.77729999999999999094
-23,-141.25,0.42580000000000001181,0.42580000000000001181
-22,-141.25,0.2152000000000000024,0.2152000000000000024
-21,-141.25,0.17780000000000001359,0.17780000000000001359
-20,-141.25,0.11020000000000000628,0.11020000000000000628
-19,-141.25,0.19380000000000000004,0.19380000000000000004
-18,-141.25,0.23200000000000001177,0.23200000000000001177
-17,-141.25,0.27760000000000001341,0.27760000000000001341
-16,-141.25,0.51100000000000000977,0.51100000000000000977
-15,-141.25,0.70469999999999999307,0.70469999999999999307
-14,-141.25,0.67569999999999996732,0.67569999999999996732
-13,-141.25,0.91290000000000004476,0.91290000000000004476
-12,-141.25,1,1
-11,-141.25,0.84209999999999995968,0.84209999999999995968
-10,-141.25,0.69499999999999995115,0.69499999999999995115
-9,-141.25,0.84750000000000003109,0.84750000000000003109
-8,-141.25,0.97609999999999996767,0.97609999999999996767
-7,-141.25,0.78569999999999995399,0.78569999999999995399
-6,-141.25,0.60309999999999996945,0.60309999999999996945
-5,-141.25,0.49940000000000001057,0.49940000000000001057
-4,-141.25,0.80220000000000002416,0.80220000000000002416
-3,-141.25,0.4813000000000000056,0.4813000000000000056
-2,-141.25,0.0020999999999999998702,0.0020999999999999998702
-1,-141.25,0,0
0,-141.25,0,0
1,-141.25,0.00010000000000000000479,0.00010000000000000000479
2,-141.25,0,0
3,-141.25,0,0
4,-141.25,0,0
5,-141.25,0,0
6,-141.25,0,0
7,-141.25,0.14480000000000001203,0.14480000000000001203
8,-141.25,0.82140000000000001901,0.82140000000000001901
9,-141.25,0.36570000000000002505,0.36570000000000002505
10,-141.25,0.14099999999999998646,0.14099999999999998646
11,-141.25,0.10689999999999999503,0.10689999999999999503
12,-141.25,0.40329999999999999183,0.40329999999999999183
13,-141.25,0.88810000000000000053,0.88810000000000000053
14,-141.25,0.94340000000000001634,0.94340000000000001634
15,-141.25,0.87199999999999999734,0.87199999999999999734
16,-141.25,0.82099999999999995204,0.82099999999999995204
17,-141.25,0.7543999999999999595,0.7543999999999999595
18,-141.25,0.38810000000000000053,0.38810000000000000053
19,-141.25,0.34960000000000002185,0.34960000000000002185
20,-141.25,0.43449999999999999734,0.43449999999999999734
21,-141.25,0.21929999999999999494,0.21929999999999999494
22,-141.25,0.43850000000000000089,0.43850000000000000089
23,-141.25,0.71989999999999998437,0.71989999999999998437
24,-141.25,0.48899999999999999023,0.48899999999999999023
25,-141.25,0.30390000000000000346,0.30390000000000000346
26,-141.25,0.19639999999999999125,0.19639999999999999125
27,-141.25,0.29520000000000001794,0.29520000000000001794
28,-141.25,0.36740000000000000435,0.36740000000000000435
29,-141.25,0.2750000000000000222,0.2750000000000000222
30,-141.25,0.39960000000000001075,0.39960000000000001075
31,-141.25,0.35649999999999998357,0.35649999999999998357
32,-141.25,0.28999999999999998002,0.28999999999999998002
33,-141.25,0.2335000000000000131,0.2335000000000000131
34,-141.25,0.1710000000000000131,0.1710000000000000131
35,-141.25,0.23430000000000000826,0.23430000000000000826
36,-141.25,0.33900000000000002354,0.33900000000000002354
37,-141.25,0.37730000000000002425,0.37730000000000002425
38,-141.25,0.3534999999999999809,0.3534999999999999809
39,-141.25,0.22279999999999999805,0.22279999999999999805
40,-141.25,0.14069999999999999174,0.14069999999999999174
41,-141.25,0.10870000000000000495,0.10870000000000000495
42,-141.25,0.13059999999999999387,0.13059999999999999387
43,-141.25,0.12659999999999999032,0.12659999999999999032
44,-141.25,0.15449999999999999845,0.15449999999999999845
45,-141.25,0.15879999999999999671,0.15879999999999999671
46,-141.25,0.18779999999999999472,0.18779999999999999472
47,-141.25,0.068599999999999994316,0.068599999999999994316
48,-141.25,0.060799999999999999878,0.060799999999999999878
49,-141.25,0.083500000000000004774,0.083500000000000004774
50,-141.25,0.041200000000000000511,0.041200000000000000511
51,-141.25,0.017200000000000000011,0.017200000000000000011
52,-141.25,0.011499999999999999806,0.011499999999999999806
53,-141.25,0.0092999999999999992395,0.0092999999999999992395
54,-141.25,0.011100000000000000491,0.011100000000000000491
55,-141.25,0.022599999999999998562,0.022599999999999998562
56,-141.25,0.022800000000000000822,0.022800000000000000822
57,-141.25,0.047899999999999998135,0.047899999999999998135
58,-141.25,0.054800000000000001488,0.054800000000000001488
59,-141.25,0.016500000000000000777,0.016500000000000000777
60,-141.25,0.050099999999999998701,0.050099999999999998701
61,-141.25,0.44500000000000000666,0.44500000000000000666
62,-141.25,0.91510000000000002451,0.91510000000000002451
63,-141.25,0.77800000000000002487,0.77800000000000002487
64,-141.25,0.59270000000000000462,0.59270000000000000462
65,-141.25,0.5918999999999999817,0.5918999999999999817
66,-141.25,0.67330000000000000959,0.67330000000000000959
67,-141.25,0.55859999999999998543,0.55859999999999998543
68,-141.25,0.24840000000000000968,0.24840000000000000968
69,-141.25,0.61650000000000004796,0.61650000000000004796
70,-141.25,0.57920000000000004814,0.57920000000000004814
-69,-140,0.776699999999999946,0.776699999999999946
-68,-140,0.74180000000000001492,0.74180000000000001492
-67,-140,0.65110000000000001208,0.65110000000000001208
-66,-140,0.58589999999999997637,0.58589999999999997637
-65,-140,0.39319999999999999396,0.39319999999999999396
-64,-140,0.5213999999999999746,0.5213999999999999746
-63,-140,0.89510000000000000675,0.89510000000000000675
-62,-140,0.9090000000000000302,0.9090000000000000302
-61,-140,0.87190000000000000835,0.87190000000000000835
-60,-140,0.79859999999999997655,0.79859999999999997655
-59,-140,0.35149999999999997913,0.35149999999999997913
-58,-140,0.06289999999999999758,0.06289999999999999758
-57,-140,0.16000000000000000333,0.16000000000000000333
-56,-140,0.19100000000000000311,0.19100000000000000311
-55,-140,0.12820000000000000839,0.12820000000000000839
-54,-140,0.68640000000000001013,0.68640000000000001013
-53,-140,0.93100000000000004974,0.93100000000000004974
-52,-140,0.80520000000000002682,0.80520000000000002682
-51,-140,0.5572000000000000286,0.5572000000000000286
-50,-140,0.39360000000000000542,0.39360000000000000542
-49,-140,0.50080000000000002292,0.50080000000000002292
-48,-140,0.42420000000000002149,0.42420000000000002149
-47,-140,0.25759999999999999565,0.25759999999999999565
-46,-140,0.41399999999999997913,0.41399999999999997913
-45,-140,0.49159999999999998144,0.49159999999999998144
-44,-140,0.50900000000000000799,0.50900000000000000799
-43,-140,0.67679999999999995719,0.67679999999999995719
-42,-140,0.97819999999999995843,0.97819999999999995843
-41,-140,0.92320000000000002061,0.92320000000000002061
-40,-140,0.96919999999999995044,0.96919999999999995044
-39,-140,0.98729999999999995541,0.98729999999999995541
-38,-140,0.97470000000000001084,0.97470000000000001084
-37,-140,0.73719999999999996643,0.73719999999999996643
-36,-140,0.60960000000000003073,0.60960000000000003073
-35,-140,0.97699999999999997957,0.97699999999999997957
-34,-140,0.76639999999999997016,0.76639999999999997016
-33,-140,0.93640000000000001013,0.93640000000000001013
-32,-140,0.92059999999999997389,0.92059999999999997389
-31,-140,0.78190000000000003944,0.78190000000000003944
-30,-140,0.89490000000000002878,0.89490000000000002878
-29,-140,0.92949999999999999289,0.92949999999999999289
-28,-140,0.88870000000000004547,0.88870000000000004547
-27,-140,0.88890000000000002345,0.88890000000000002345
-26,-140,0.89859999999999995435,0.89859999999999995435
-25,-140,0.81930000000000002824,0.81930000000000002824
-24,-140,0.49070000000000002505,0.49070000000000002505
-23,-140,0.29320000000000001616,0.29320000000000001616
-22,-140,0.22400000000000000466,0.22400000000000000466
-21,-140,0.21699999999999999845,0.21699999999999999845
-20,-140,0.14649999999999999134,0.14649999999999999134
-19,-140,0.24069999999999999729,0.24069999999999999729
-18,-140,0.17640000000000000124,0.17640000000000000124
-17,-140,0.29320000000000001616,0.29320000000000001616
-16,-140,0.62719999999999997975,0.62719999999999997975
-15,-140,0.81930000000000002824,0.81930000000000002824
-14,-140,0.86550000000000004707,0.86550000000000004707
-13,-140,0.99990000000000001101,0.99990000000000001101
-12,-140,0.99799999999999999822,0.99799999999999999822
-11,-140,0.76490000000000002434,0.76490000000000002434
-10,-140,0.53380000000000005222,0.53380000000000005222
-9,-140,0.81169999999999997708,0.81169999999999997708
-8,-140,0.91639999999999999236,0.91639999999999999236
-7,-140,0.75949999999999995293,0.75949999999999995293
-6,-140,0.62919999999999998153,0.62919999999999998153
-5,-140,0.5374999999999999778,0.5374999999999999778
-4,-140,0.81049999999999999822,0.81049999999999999822
-3,-140,0.54349999999999998312,0.54349999999999998312
-2,-140,0.0074999999999999997224,0.0074999999999999997224
-1,-140,0,0
0,-140,0,0
1,-140,0,0
2,-140,0,0
3,-140,0,0
4,-140,0,0
5,-140,0,0
6,-140,0,0
7,-140,0.11459999999999999354,0.11459999999999999354
8,-140,0.78320000000000000728,0.78320000000000000728
9,-140,0.63700000000000001066,0.63700000000000001066
10,-140,0.46720000000000000417,0.46720000000000000417
11,-140,0.39869999999999999885,0.39869999999999999885
12,-140,0.7456000000000000405,0.7456000000000000405
13,-140,0.93369999999999997442,0.93369999999999997442
14,-140,0.97460000000000002185,0.97460000000000002185
15,-140,0.88149999999999995026,0.88149999999999995026
16,-140,0.85340000000000004743,0.85340000000000004743
17,-140,0.78239999999999998437,0.78239999999999998437
18,-140,0.45579999999999998295,0.45579999999999998295
19,-140,0.47220000000000000862,0.47220000000000000862
20,-140,0.71650000000000002576,0.71650000000000002576
21,-140,0.52910000000000001474,0.52910000000000001474
22,-140,0.39860000000000000986,0.39860000000000000986
23,-140,0.82199999999999995293,0.82199999999999995293
24,-140,0.45160000000000000142,0.45160000000000000142
25,-140,0.45739999999999997327,0.45739999999999997327
26,-140,0.2464000000000000079,0.2464000000000000079
27,-140,0.28789999999999998925,0.28789999999999998925
28,-140,0.30640000000000000568,0.30640000000000000568
29,-140,0.28539999999999998703,0.28539999999999998703
30,-140,0.43719999999999997753,0.43719999999999997753
31,-140,0.45029999999999997806,0.45029999999999997806
32,-140,0.29039999999999999147,0.29039999999999999147
33,-140,0.26879999999999998339,0.26879999999999998339
34,-140,0.23139999999999999458,0.23139999999999999458
35,-140,0.24190000000000000391,0.24190000000000000391
36,-140,0.26329999999999997851,0.26329999999999997851
37,-140,0.28880000000000000115,0.28880000000000000115
38,-140,0.30449999999999999289,0.30449999999999999289
39,-140,0.26229999999999997762,0.26229999999999997762
40,-140,0.29980000000000001092,0.29980000000000001092
41,-140,0.32369999999999998774,0.32369999999999998774
42,-140,0.22759999999999999676,0.22759999999999999676
43,-140,0.21620000000000000329,0.21620000000000000329
44,-140,0.3106999999999999762,0.3106999999999999762
45,-140,0.34849999999999997646,0.34849999999999997646
46,-140,0.26090000000000002078,0.26090000000000002078
47,-140,0.081299999999999997269,0.081299999999999997269
48,-140,0.035299999999999998046,0.035299999999999998046
49,-140,0.042900000000000000633,0.042900000000000000633
50,-140,0.02999999999999999889,0.02999999999999999889
51,-140,0.010099999999999999603,0.010099999999999999603
52,-140,0.013499999999999999847,0.013499999999999999847
53,-140,0.010999999999999999362,0.010999999999999999362
54,-140,0.0080999999999999995615,0.0080999999999999995615
55,-140,0.030599999999999998729,0.030599999999999998729
56,-140,0.033200000000000000344,0.033200000000000000344
57,-140,0.045499999999999998779,0.045499999999999998779
58,-140,0.05340000000000000302,0.05340000000000000302
59,-140,0.028199999999999999373,0.028199999999999999373
60,-140,0.036700000000000003453,0.036700000000000003453
61,-140,0.86570000000000002505,0.86570000000000002505
62,-140,0.97360000000000002096,0.97360000000000002096
63,-140,0.57799999999999995826,0.57799999999999995826
64,-140,0.48580000000000000959,0.48580000000000000959
65,-140,0.78369999999999995222,0.78369999999999995222
66,-140,0.71909999999999996145,0.71909999999999996145
67,-140,0.47560000000000002274,0.47560000000000002274
68,-140,0.26429999999999997939,0.26429999999999997939
69,-140,0.36730000000000001537,0.36730000000000001537
70,-140,0.52820000000000000284,0.52820000000000000284
-69,-138.75,0.59199999999999997069,0.59199999999999997069
-68,-138.75,0.58979999999999999094,0.58979999999999999094
-67,-138.75,0.49130000000000001448,0.49130000000000001448
-66,-138.75,0.44869999999999998774,0.44869999999999998774
-65,-138.75,0.36239999999999999991,0.36239999999999999991
-64,-138.75,0.47780000000000000249,0.47780000000000000249
-63,-138.75,0.84309999999999996056,0.84309999999999996056
-62,-138.75,0.82640000000000002345,0.82640000000000002345
-61,-138.75,0.7481999999999999762,0.7481999999999999762
-60,-138.75,0.86980000000000001759,0.86980000000000001759
-59,-138.75,0.3276999999999999913,0.3276999999999999913
-58,-138.75,0.075300000000000005818,0.075300000000000005818
-57,-138.75,0.28139999999999998348,0.28139999999999998348
-56,-138.75,0.24379999999999998894,0.24379999999999998894
-55,-138.75,0.24190000000000000391,0.24190000000000000391
-54,-138.75,0.76209999999999999964,0.76209999999999999964
-53,-138.75,0.53890000000000004565,0.53890000000000004565
-52,-138.75,0.41149999999999997691,0.41149999999999997691
-51,-138.75,0.27570000000000000062,0.27570000000000000062
-50,-138.75,0.24770000000000000351,0.24770000000000000351
-49,-138.75,0.43669999999999997708,0.43669999999999997708
-48,-138.75,0.45919999999999999707,0.45919999999999999707
-47,-138.75,0.32719999999999999085,0.32719999999999999085
-46,-138.75,0.3302999999999999825,0.3302999999999999825
-45,-138.75,0.41799999999999998268,0.41799999999999998268
-44,-138.75,0.5686999999999999833,0.5686999999999999833
-43,-138.75,0.77300000000000002043,0.77300000000000002043
-42,-138.75,0.78700000000000003286,0.78700000000000003286
-41,-138.75,0.74609999999999998543,0.74609999999999998543
-40,-138.75,0.91600000000000003642,0.91600000000000003642
-39,-138.75,0.96579999999999999183,0.96579999999999999183
-38,-138.75,0.95869999999999999662,0.95869999999999999662
-37,-138.75,0.64570000000000005169,0.64570000000000005169
-36,-138.75,0.83799999999999996714,0.83799999999999996714
-35,-138.75,0.83909999999999995701,0.83909999999999995701
-34,-138.75,0.71630000000000004778,0.71630000000000004778
-33,-138.75,0.8115999999999999881,0.8115999999999999881
-32,-138.75,0.81420000000000003482,0.81420000000000003482
-31,-138.75,0.69210000000000004849,0.69210000000000004849
-30,-138.75,0.7713999999999999746,0.7713999999999999746
-29,-138.75,0.88390000000000001901,0.88390000000000001901
-28,-138.75,0.97609999999999996767,0.97609999999999996767
-27,-138.75,0.99060000000000003606,0.99060000000000003606
-26,-138.75,0.93359999999999998543,0.93359999999999998543
-25,-138.75,0.70199999999999995737,0.70199999999999995737
-24,-138.75,0.29880000000000001004,0.29880000000000001004
-23,-138.75,0.22129999999999999671,0.22129999999999999671
-22,-138.75,0.16129999999999999893,0.16129999999999999893
-21,-138.75,0.11999999999999999556,0.11999999999999999556
-20,-138.75,0.10370000000000000051,0.10370000000000000051
-19,-138.75,0.14169999999999999263,0.14169999999999999263
-18,-138.75,0.13559999999999999831,0.13559999999999999831
-17,-138.75,0.33920000000000000151,0.33920000000000000151
-16,-138.75,0.58699999999999996625,0.58699999999999996625
-15,-138.75,0.82889999999999997016,0.82889999999999997016
-14,-138.75,0.99609999999999998543,0.99609999999999998543
-13,-138.75,0.97399999999999997691,0.97399999999999997691
-12,-138.75,0.82059999999999999609,0.82059999999999999609
-11,-138.75,0.59940000000000004388,0.59940000000000004388
-10,-138.75,0.49669999999999997486,0.49669999999999997486
-9,-138.75,0.72529999999999994476,0.72529999999999994476
-8,-138.75,0.9081000000000000183,0.9081000000000000183
-7,-138.75,0.76539999999999996927,0.76539999999999996927
-6,-138.75,0.74390000000000000568,0.74390000000000000568
-5,-138.75,0.6804000000000000048,0.6804000000000000048
-4,-138.75,0.89410000000000000586,0.89410000000000000586
-3,-138.75,0.59630000000000005222,0.59630000000000005222
-2,-138.75,0.0097000000000000002887,0.0097000000000000002887
-1,-138.75,0,0
0,-138.75,0,0
1,-138.75,0,0
2,-138.75,0.00010000000000000000479,0.00010000000000000000479
3,-138.75,0.00010000000000000000479,0.00010000000000000000479
4,-138.75,0,0
5,-138.75,0,0
6,-138.75,0.00010000000000000000479,0.00010000000000000000479
7,-138.75,0.11379999999999999838,0.11379999999999999838
8,-138.75,0.85850000000000004086,0.85850000000000004086
9,-138.75,0.79330000000000000515,0.79330000000000000515
10,-138.75,0.63080000000000002736,0.63080000000000002736
11,-138.75,0.69730000000000003091,0.69730000000000003091
12,-138.75,0.68289999999999995151,0.68289999999999995151
13,-138.75,0.84230000000000004867,0.84230000000000004867
14,-138.75,0.9768000000000000016,0.9768000000000000016
15,-138.75,0.89310000000000000497,0.89310000000000000497
16,-138.75,0.86229999999999995541,0.86229999999999995541
17,-138.75,0.85519999999999996021,0.85519999999999996021
18,-138.75,0.6893000000000000238,0.6893000000000000238
19,-138.75,0.57289999999999996483,0.57289999999999996483
20,-138.75,0.79190000000000004832,0.79190000000000004832
21,-138.75,0.86109999999999997655,0.86109999999999997655
22,-138.75,0.86729999999999995985,0.86729999999999995985
23,-138.75,0.91369999999999995666,0.91369999999999995666
24,-138.75,0.66139999999999998792,0.66139999999999998792
25,-138.75,0.50309999999999999165,0.50309999999999999165
26,-138.75,0.33600000000000002087,0.33600000000000002087
27,-138.75,0.19959999999999999964,0.19959999999999999964
28,-138.75,0.27579999999999998961,0.27579999999999998961
29,-138.75,0.3534999999999999809,0.3534999999999999809
30,-138.75,0.41310000000000002274,0.41310000000000002274
31,-138.75,0.45040000000000002256,0.45040000000000002256
32,-138.75,0.31550000000000000266,0.31550000000000000266
33,-138.75,0.37800000000000000266,0.37800000000000000266
34,-138.75,0.31199999999999999956,0.31199999999999999956
35,-138.75,0.33650000000000002132,0.33650000000000002132
36,-138.75,0.38450000000000000844,0.38450000000000000844
37,-138.75,0.2938000000000000056,0.2938000000000000056
38,-138.75,0.32819999999999999174,0.32819999999999999174
39,-138.75,0.31800000000000000488,0.31800000000000000488
40,-138.75,0.46810000000000001608,0.46810000000000001608
41,-138.75,0.57289999999999996483,0.57289999999999996483
42,-138.75,0.49270000000000002682,0.49270000000000002682
43,-138.75,0.44929999999999997717,0.44929999999999997717
44,-138.75,0.40029999999999998916,0.40029999999999998916
45,-138.75,0.5,0.5
46,-138.75,0.38540000000000002034,0.38540000000000002034
47,-138.75,0.23510000000000000342,0.23510000000000000342
48,-138.75,0.076899999999999996136,0.076899999999999996136
49,-138.75,0.044600000000000000755,0.044600000000000000755
50,-138.75,0.019400000000000000577,0.019400000000000000577
51,-138.75,0.01460000000000000013,0.01460000000000000013
52,-138.75,0.025800000000000000017,0.025800000000000000017
53,-138.75,0.021200000000000000094,0.021200000000000000094
54,-138.75,0.01200000000000000025,0.01200000000000000025
55,-138.75,0.046899999999999997247,0.046899999999999997247
56,-138.75,0.055100000000000003142,0.055100000000000003142
57,-138.75,0.031500000000000000222,0.031500000000000000222
58,-138.75,0.032399999999999998246,0.032399999999999998246
59,-138.75,0.11110000000000000431,0.11110000000000000431
60,-138.75,0.090599999999999999978,0.090599999999999999978
61,-138.75,0.70120000000000004547,0.70120000000000004547
62,-138.75,0.97880000000000000338,0.97880000000000000338
63,-138.75,0.63170000000000003926,0.63170000000000003926
64,-138.75,0.18220000000000000084,0.18220000000000000084
65,-138.75,0.48139999999999999458,0.48139999999999999458
66,-138.75,0.32140000000000001901,0.32140000000000001901
67,-138.75,0.34220000000000000417,0.34220000000000000417
68,-138.75,0.39500000000000001776,0.39500000000000001776
69,-138.75,0.45190000000000002389,0.45190000000000002389
70,-138.75,0.45829999999999998517,0.45829999999999998517
-69,-137.5,0.49320000000000002727,0.49320000000000002727
-68,-137.5,0.44769999999999998685,0.44769999999999998685
-67,-137.5,0.39060000000000000275,0.39060000000000000275
-66,-137.5,0.41289999999999998925,0.41289999999999998925
-65,-137.5,0.40189999999999997948,0.40189999999999997948
-64,-137.5,0.51729999999999998206,0.51729999999999998206
-63,-137.5,0.82589999999999996749,0.82589999999999996749
-62,-137.5,0.70599999999999996092,0.70599999999999996092
-61,-137.5,0.62139999999999995239,0.62139999999999995239
-60,-137.5,0.85429999999999994831,0.85429999999999994831
-59,-137.5,0.29949999999999998845,0.29949999999999998845
-58,-137.5,0.10639999999999999458,0.10639999999999999458
-57,-137.5,0.28970000000000001306,0.28970000000000001306
-56,-137.5,0.22339999999999998748,0.22339999999999998748
-55,-137.5,0.28520000000000000906,0.28520000000000000906
-54,-137.5,0.57230000000000003091,0.57230000000000003091
-53,-137.5,0.29120000000000001439,0.29120000000000001439
-52,-137.5,0.32190000000000001945,0.32190000000000001945
-51,-137.5,0.24460000000000001186,0.24460000000000001186
-50,-137.5,0.24499999999999999556,0.24499999999999999556
-49,-137.5,0.43219999999999997309,0.43219999999999997309
-48,-137.5,0.50849999999999995204,0.50849999999999995204
-47,-137.5,0.47279999999999999805,0.47279999999999999805
-46,-137.5,0.4197000000000000175,0.4197000000000000175
-45,-137.5,0.43459999999999998632,0.43459999999999998632
-44,-137.5,0.40029999999999998916,0.40029999999999998916
-43,-137.5,0.51649999999999995914,0.51649999999999995914
-42,-137.5,0.56100000000000005418,0.56100000000000005418
-41,-137.5,0.78059999999999996056,0.78059999999999996056
-40,-137.5,0.91169999999999995488,0.91169999999999995488
-39,-137.5,0.88129999999999997229,0.88129999999999997229
-38,-137.5,0.86070000000000002061,0.86070000000000002061
-37,-137.5,0.59289999999999998259,0.59289999999999998259
-36,-137.5,0.72470000000000001084,0.72470000000000001084
-35,-137.5,0.95620000000000004992,0.95620000000000004992
-34,-137.5,0.9223000000000000087,0.9223000000000000087
-33,-137.5,0.81820000000000003837,0.81820000000000003837
-32,-137.5,0.58999999999999996891,0.58999999999999996891
-31,-137.5,0.53010000000000001563,0.53010000000000001563
-30,-137.5,0.78779999999999994476,0.78779999999999994476
-29,-137.5,0.93589999999999995417,0.93589999999999995417
-28,-137.5,0.99590000000000000746,0.99590000000000000746
-27,-137.5,0.88549999999999995381,0.88549999999999995381
-26,-137.5,0.7704999999999999627,0.7704999999999999627
-25,-137.5,0.53559999999999996501,0.53559999999999996501
-24,-137.5,0.19509999999999999565,0.19509999999999999565
-23,-137.5,0.12199999999999999734,0.12199999999999999734
-22,-137.5,0.11809999999999999665,0.11809999999999999665
-21,-137.5,0.098799999999999998934,0.098799999999999998934
-20,-137.5,0.059299999999999998546,0.059299999999999998546
-19,-137.5,0.084800000000000000377,0.084800000000000000377
-18,-137.5,0.20180000000000000715,0.20180000000000000715
-17,-137.5,0.53629999999999999893,0.53629999999999999893
-16,-137.5,0.76090000000000002078,0.76090000000000002078
-15,-137.5,0.88070000000000003837,0.88070000000000003837
-14,-137.5,0.99739999999999995328,0.99739999999999995328
-13,-137.5,0.91859999999999997211,0.91859999999999997211
-12,-137.5,0.67720000000000002416,0.67720000000000002416
-11,-137.5,0.49809999999999998721,0.49809999999999998721
-10,-137.5,0.49409999999999998366,0.49409999999999998366
-9,-137.5,0.68340000000000000746,0.68340000000000000746
-8,-137.5,0.81530000000000002469,0.81530000000000002469
-7,-137.5,0.91859999999999997211,0.91859999999999997211
-6,-137.5,0.78700000000000003286,0.78700000000000003286
-5,-137.5,0.76829999999999998295,0.76829999999999998295
-4,-137.5,0.94110000000000004761,0.94110000000000004761
-3,-137.5,0.68100000000000004974,0.68100000000000004974
-2,-137.5,0.014500000000000000736,0.014500000000000000736
-1,-137.5,0,0
0,-137.5,0,0
1,-137.5,0,0
2,-137.5,0,0
3,-137.5,0,0
4,-137.5,0,0
5,-137.5,0,0
6,-137.5,0,0
7,-137.5,0.096299999999999996714,0.096299999999999996714
8,-137.5,0.91349999999999997868,0.91349999999999997868
9,-137.5,0.88470000000000004192,0.88470000000000004192
10,-137.5,0.69979999999999997762,0.69979999999999997762
11,-137.5,0.57099999999999995204,0.57099999999999995204
12,-137.5,0.59899999999999997691,0.59899999999999997691
13,-137.5,0.71679999999999999272,0.71679999999999999272
14,-137.5,0.97899999999999998135,0.97899999999999998135
15,-137.5,0.96950000000000002842,0.96950000000000002842
16,-137.5,0.91979999999999995097,0.91979999999999995097
17,-137.5,0.9081000000000000183,0.9081000000000000183
18,-137.5,0.82169999999999998597,0.82169999999999998597
19,-137.5,0.75839999999999996305,0.75839999999999996305
20,-137.5,0.66979999999999995097,0.66979999999999995097
21,-137.5,0.79469999999999996199,0.79469999999999996199
22,-137.5,0.94720000000000004192,0.94720000000000004192
23,-137.5,0.92789999999999994706,0.92789999999999994706
24,-137.5,0.8168999999999999595,0.8168999999999999595
25,-137.5,0.48599999999999998757,0.48599999999999998757
26,-137.5,0.41320000000000001172,0.41320000000000001172
27,-137.5,0.31090000000000000968,0.31090000000000000968
28,-137.5,0.27310000000000000941,0.27310000000000000941
29,-137.5,0.29339999999999999414,0.29339999999999999414
30,-137.5,0.31469999999999997975,0.31469999999999997975
31,-137.5,0.34949999999999997735,0.34949999999999997735
32,-137.5,0.30999999999999999778,0.30999999999999999778
33,-137.5,0.30459999999999998188,0.30459999999999998188
34,-137.5,0.32960000000000000409,0.32960000000000000409
35,-137.5,0.43959999999999999076,0.43959999999999999076
36,-137.5,0.45040000000000002256,0.45040000000000002256
37,-137.5,0.49040000000000000258,0.49040000000000000258
38,-137.5,0.42959999999999998188,0.42959999999999998188
39,-137.5,0.36690000000000000391,0.36690000000000000391
40,-137.5,0.57469999999999998863,0.57469999999999998863
41,-137.5,0.73670000000000002149,0.73670000000000002149
42,-137.5,0.79710000000000003073,0.79710000000000003073
43,-137.5,0.73460000000000003073,0.73460000000000003073
44,-137.5,0.62209999999999998632,0.62209999999999998632
45,-137.5,0.6438000000000000389,0.6438000000000000389
46,-137.5,0.54969999999999996643,0.54969999999999996643
47,-137.5,0.48380000000000000782,0.48380000000000000782
48,-137.5,0.25530000000000002691,0.25530000000000002691
49,-137.5,0.13469999999999998641,0.13469999999999998641
50,-137.5,0.044900000000000002409,0.044900000000000002409
51,-137.5,0.015400000000000000494,0.015400000000000000494
52,-137.5,0.022100000000000001588,0.022100000000000001588
53,-137.5,0.016199999999999999123,0.016199999999999999123
54,-137.5,0.012500000000000000694,0.012500000000000000694
55,-137.5,0.038199999999999997846,0.038199999999999997846
56,-137.5,0.028500000000000001027,0.028500000000000001027
57,-137.5,0.031399999999999997358,0.031399999999999997358
58,-137.5,0.017000000000000001221,0.017000000000000001221
59,-137.5,0.044299999999999999101,0.044299999999999999101
60,-137.5,0.16530000000000000249,0.16530000000000000249
61,-137.5,0.48380000000000000782,0.48380000000000000782
62,-137.5,0.99509999999999998455,0.99509999999999998455
63,-137.5,0.6927999999999999714,0.6927999999999999714
64,-137.5,0.15149999999999999578,0.15149999999999999578
65,-137.5,0.62580000000000002292,0.62580000000000002292
66,-137.5,0.28770000000000001128,0.28770000000000001128
67,-137.5,0.1981999999999999873,0.1981999999999999873
68,-137.5,0.29210000000000002629,0.29210000000000002629
69,-137.5,0.44669999999999998597,0.44669999999999998597
70,-137.5,0.4500000000000000111,0.4500000000000000111
-69,-136.25,0.45590000000000002744,0.45590000000000002744
-68,-136.25,0.35620000000000001661,0.35620000000000001661
-67,-136.25,0.34579999999999999627,0.34579999999999999627
-66,-136.25,0.45250000000000001332,0.45250000000000001332
-65,-136.25,0.52090000000000002967,0.52090000000000002967
-64,-136.25,0.55649999999999999467,0.55649999999999999467
-63,-136.25,0.80189999999999994618,0.80189999999999994618
-62,-136.25,0.68259999999999998455,0.68259999999999998455
-61,-136.25,0.5572000000000000286,0.5572000000000000286
-60,-136.25,0.83330000000000004068,0.83330000000000004068
-59,-136.25,0.49630000000000001892,0.49630000000000001892
-58,-136.25,0.28870000000000001217,0.28870000000000001217
-57,-136.25,0.40660000000000001696,0.40660000000000001696
-56,-136.25,0.22630000000000000115,0.22630000000000000115
-55,-136.25,0.17160000000000000253,0.17160000000000000253
-54,-136.25,0.39760000000000000897,0.39760000000000000897
-53,-136.25,0.31550000000000000266,0.31550000000000000266
-52,-136.25,0.42289999999999999813,0.42289999999999999813
-51,-136.25,0.2464000000000000079,0.2464000000000000079
-50,-136.25,0.30840000000000000746,0.30840000000000000746
-49,-136.25,0.49490000000000000657,0.49490000000000000657
-48,-136.25,0.51249999999999995559,0.51249999999999995559
-47,-136.25,0.62560000000000004494,0.62560000000000004494
-46,-136.25,0.45179999999999997939,0.45179999999999997939
-45,-136.25,0.33360000000000000764,0.33360000000000000764
-44,-136.25,0.22259999999999999232,0.22259999999999999232
-43,-136.25,0.24560000000000001275,0.24560000000000001275
-42,-136.25,0.64439999999999997282,0.64439999999999997282
-41,-136.25,0.91839999999999999414,0.91839999999999999414
-40,-136.25,0.89210000000000000409,0.89210000000000000409
-39,-136.25,0.86450000000000004619,0.86450000000000004619
-38,-136.25,0.92449999999999998845,0.92449999999999998845
-37,-136.25,0.85150000000000003464,0.85150000000000003464
-36,-136.25,0.68449999999999999734,0.68449999999999999734
-35,-136.25,0.67000000000000003997,0.67000000000000003997
-34,-136.25,0.91930000000000000604,0.91930000000000000604
-33,-136.25,0.81999999999999995115,0.81999999999999995115
-32,-136.25,0.44119999999999998108,0.44119999999999998108
-31,-136.25,0.60399999999999998135,0.60399999999999998135
-30,-136.25,0.84330000000000004956,0.84330000000000004956
-29,-136.25,0.99199999999999999289,0.99199999999999999289
-28,-136.25,0.93649999999999999911,0.93649999999999999911
-27,-136.25,0.70440000000000002611,0.70440000000000002611
-26,-136.25,0.60429999999999994831,0.60429999999999994831
-25,-136.25,0.35430000000000000382,0.35430000000000000382
-24,-136.25,0.14999999999999999445,0.14999999999999999445
-23,-136.25,0.14130000000000000893,0.14130000000000000893
-22,-136.25,0.14380000000000001115,0.14380000000000001115
-21,-136.25,0.075499999999999997669,0.075499999999999997669
-20,-136.25,0.030399999999999999939,0.030399999999999999939
-19,-136.25,0.039800000000000002043,0.039800000000000002043
-18,-136.25,0.17960000000000000964,0.17960000000000000964
-17,-136.25,0.60589999999999999414,0.60589999999999999414
-16,-136.25,0.81669999999999998153,0.81669999999999998153
-15,-136.25,0.92339999999999999858,0.92339999999999999858
-14,-136.25,0.97919999999999995932,0.97919999999999995932
-13,-136.25,0.9418999999999999595,0.9418999999999999595
-12,-136.25,0.72980000000000000426,0.72980000000000000426
-11,-136.25,0.48699999999999998845,0.48699999999999998845
-10,-136.25,0.61529999999999995808,0.61529999999999995808
-9,-136.25,0.59079999999999999183,0.59079999999999999183
-8,-136.25,0.5427999999999999492,0.5427999999999999492
-7,-136.25,0.87509999999999998899,0.87509999999999998899
-6,-136.25,0.9081000000000000183,0.9081000000000000183
-5,-136.25,0.88190000000000001723,0.88190000000000001723
-4,-136.25,0.97489999999999998881,0.97489999999999998881
-3,-136.25,0.78739999999999998881,0.78739999999999998881
-2,-136.25,0.012200000000000000774,0.012200000000000000774
-1,-136.25,0,0
0,-136.25,0,0
1,-136.25,0.00010000000000000000479,0.00010000000000000000479
2,-136.25,0.00020000000000000000958,0.00020000000000000000958
3,-136.25,0.00020000000000000000958,0.00020000000000000000958
4,-136.25,0,0
5,-136.25,0,0
6,-136.25,0.00089999999999999997537,0.00089999999999999997537
7,-136.25,0.11999999999999999556,0.11999999999999999556
8,-136.25,0.90329999999999999183,0.90329999999999999183
9,-136.25,0.90139999999999997904,0.90139999999999997904
10,-136.25,0.71899999999999997247,0.71899999999999997247
11,-136.25,0.45029999999999997806,0.45029999999999997806
12,-136.25,0.53620000000000000995,0.53620000000000000995
13,-136.25,0.64310000000000000497,0.64310000000000000497
14,-136.25,0.9597999999999999865,0.9597999999999999865
15,-136.25,0.99299999999999999378,0.99299999999999999378
16,-136.25,0.91559999999999996945,0.91559999999999996945
17,-136.25,0.87109999999999998543,0.87109999999999998543
18,-136.25,0.82520000000000004459,0.82520000000000004459
19,-136.25,0.77639999999999997904,0.77639999999999997904
20,-136.25,0.62009999999999998455,0.62009999999999998455
21,-136.25,0.75319999999999998064,0.75319999999999998064
22,-136.25,0.70130000000000003446,0.70130000000000003446
23,-136.25,0.60150000000000003464,0.60150000000000003464
24,-136.25,0.65769999999999995133,0.65769999999999995133
25,-136.25,0.51109999999999999876,0.51109999999999999876
26,-136.25,0.38250000000000000666,0.38250000000000000666
27,-136.25,0.43559999999999998721,0.43559999999999998721
28,-136.25,0.35689999999999999503,0.35689999999999999503
29,-136.25,0.24010000000000000786,0.24010000000000000786
30,-136.25,0.22780000000000000249,0.22780000000000000249
31,-136.25,0.25869999999999998552,0.25869999999999998552
32,-136.25,0.39310000000000000497,0.39310000000000000497
33,-136.25,0.51429999999999997939,0.51429999999999997939
34,-136.25,0.50380000000000002558,0.50380000000000002558
35,-136.25,0.46460000000000001297,0.46460000000000001297
36,-136.25,0.40789999999999998481,0.40789999999999998481
37,-136.25,0.495499999999999996,0.495499999999999996
38,-136.25,0.50649999999999995026,0.50649999999999995026
39,-136.25,0.44709999999999999742,0.44709999999999999742
40,-136.25,0.60240000000000004654,0.60240000000000004654
41,-136.25,0.68730000000000002203,0.68730000000000002203
42,-136.25,0.83830000000000004512,0.83830000000000004512
43,-136.25,0.89400000000000001688,0.89400000000000001688
44,-136.25,0.82230000000000003091,0.82230000000000003091
45,-136.25,0.74229999999999995985,0.74229999999999995985
46,-136.25,0.55020000000000002238,0.55020000000000002238
47,-136.25,0.61380000000000001226,0.61380000000000001226
48,-136.25,0.5213999999999999746,0.5213999999999999746
49,-136.25,0.26279999999999997806,0.26279999999999997806
50,-136.25,0.11509999999999999398,0.11509999999999999398
51,-136.25,0.044400000000000001965,0.044400000000000001965
52,-136.25,0.013599999999999999242,0.013599999999999999242
53,-136.25,0.007799999999999999642,0.007799999999999999642
54,-136.25,0.018499999999999999084,0.018499999999999999084
55,-136.25,0.032800000000000002764,0.032800000000000002764
56,-136.25,0.022700000000000001427,0.022700000000000001427
57,-136.25,0.029899999999999999495,0.029899999999999999495
58,-136.25,0.012600000000000000089,0.012600000000000000089
59,-136.25,0.026599999999999998646,0.026599999999999998646
60,-136.25,0.23069999999999998841,0.23069999999999998841
61,-136.25,0.63200000000000000622,0.63200000000000000622
62,-136.25,0.88729999999999997762,0.88729999999999997762
63,-136.25,0.5999999999999999778,0.5999999999999999778
64,-136.25,0.17599999999999998979,0.17599999999999998979
65,-136.25,0.82640000000000002345,0.82640000000000002345
66,-136.25,0.15520000000000000462,0.15520000000000000462
67,-136.25,0.043700000000000002731,0.043700000000000002731
68,-136.25,0.10100000000000000644,0.10100000000000000644
69,-136.25,0.54049999999999998046,0.54049999999999998046
70,-136.25,0.44180000000000002602,0.44180000000000002602
-69,-135,0.45250000000000001332,0.45250000000000001332
-68,-135,0.34470000000000000639,0.34470000000000000639
-67,-135,0.33650000000000002132,0.33650000000000002132
-66,-135,0.44130000000000002558,0.44130000000000002558
-65,-135,0.5597999999999999643,0.5597999999999999643
-64,-135,0.57779999999999998028,0.57779999999999998028
-63,-135,0.79939999999999999947,0.79939999999999999947
-62,-135,0.70179999999999997939,0.70179999999999997939
-61,-135,0.59750000000000003109,0.59750000000000003109
-60,-135,0.78390000000000004121,0.78390000000000004121
-59,-135,0.73009999999999997122,0.73009999999999997122
-58,-135,0.44659999999999999698,0.44659999999999999698
-57,-135,0.47830000000000000293,0.47830000000000000293
-56,-135,0.30620000000000002771,0.30620000000000002771
-55,-135,0.16050000000000000377,0.16050000000000000377
-54,-135,0.30249999999999999112,0.30249999999999999112
-53,-135,0.43690000000000001057,0.43690000000000001057
-52,-135,0.54049999999999998046,0.54049999999999998046
-51,-135,0.37569999999999997842,0.37569999999999997842
-50,-135,0.51160000000000005471,0.51160000000000005471
-49,-135,0.37909999999999999254,0.37909999999999999254
-48,-135,0.49199999999999999289,0.49199999999999999289
-47,-135,0.66110000000000002096,0.66110000000000002096
-46,-135,0.49199999999999999289,0.49199999999999999289
-45,-135,0.21570000000000000284,0.21570000000000000284
-44,-135,0.067799999999999999156,0.067799999999999999156
-43,-135,0.16889999999999999458,0.16889999999999999458
-42,-135,0.6893000000000000238,0.6893000000000000238
-41,-135,0.8697000000000000286,0.8697000000000000286
-40,-135,0.89870000000000005436,0.89870000000000005436
-39,-135,0.62360000000000004317,0.62360000000000004317
-38,-135,0.97419999999999995488,0.97419999999999995488
-37,-135,0.71919999999999995044,0.71919999999999995044
-36,-135,0.27479999999999998872,0.27479999999999998872
-35,-135,0.52959999999999995968,0.52959999999999995968
-34,-135,0.92130000000000000782,0.92130000000000000782
-33,-135,0.54420000000000001705,0.54420000000000001705
-32,-135,0.51729999999999998206,0.51729999999999998206
-31,-135,0.77390000000000003233,0.77390000000000003233
-30,-135,0.96870000000000000551,0.96870000000000000551
-29,-135,0.8474000000000000421,0.8474000000000000421
-28,-135,0.68330000000000001847,0.68330000000000001847
-27,-135,0.47810000000000002496,0.47810000000000002496
-26,-135,0.42059999999999997389,0.42059999999999997389
-25,-135,0.26619999999999999218,0.26619999999999999218
-24,-135,0.17389999999999999902,0.17389999999999999902
-23,-135,0.13919999999999999041,0.13919999999999999041
-22,-135,0.16800000000000001044,0.16800000000000001044
-21,-135,0.040700000000000000067,0.040700000000000000067
-20,-135,0.027400000000000000744,0.027400000000000000744
-19,-135,0.096299999999999996714,0.096299999999999996714
-18,-135,0.37240000000000000879,0.37240000000000000879
-17,-135,0.75590000000000001634,0.75590000000000001634
-16,-135,0.90649999999999997247,0.90649999999999997247
-15,-135,0.95460000000000000409,0.95460000000000000409
-14,-135,0.97609999999999996767,0.97609999999999996767
-13,-135,0.87529999999999996696,0.87529999999999996696
-12,-135,0.72709999999999996856,0.72709999999999996856
-11,-135,0.56259999999999998899,0.56259999999999998899
-10,-135,0.51929999999999998384,0.51929999999999998384
-9,-135,0.39429999999999998384,0.39429999999999998384
-8,-135,0.39810000000000000941,0.39810000000000000941
-7,-135,0.67649999999999999023,0.67649999999999999023
-6,-135,0.99280000000000001581,0.99280000000000001581
-5,-135,0.99019999999999996909,0.99019999999999996909
-4,-135,0.98199999999999998401,0.98199999999999998401
-3,-135,0.77749999999999996891,0.77749999999999996891
-2,-135,0.021499999999999998279,0.021499999999999998279
-1,-135,0.00020000000000000000958,0.00020000000000000000958
0,-135,0,0
1,-135,0,0
2,-135,0.00029999999999999997372,0.00029999999999999997372
3,-135,0.00020000000000000000958,0.00020000000000000000958
4,-135,0.00029999999999999997372,0.00029999999999999997372
5,-135,0,0
6,-135,0.00020000000000000000958,0.00020000000000000000958
7,-135,0.12770000000000000795,0.12770000000000000795
8,-135,0.92679999999999995719,0.92679999999999995719
9,-135,0.91410000000000002363,0.91410000000000002363
10,-135,0.69789999999999996483,0.69789999999999996483
11,-135,0.59809999999999996501,0.59809999999999996501
12,-135,0.4670000000000000262,0.4670000000000000262
13,-135,0.55640000000000000568,0.55640000000000000568
14,-135,0.90769999999999995133,0.90769999999999995133
15,-135,0.93920000000000003482,0.93920000000000003482
16,-135,0.88129999999999997229,0.88129999999999997229
17,-135,0.9393000000000000238,0.9393000000000000238
18,-135,0.95169999999999999041,0.95169999999999999041
19,-135,0.68689999999999995506,0.68689999999999995506
20,-135,0.41939999999999999503,0.41939999999999999503
21,-135,0.37149999999999999689,0.37149999999999999689
22,-135,0.31240000000000001101,0.31240000000000001101
23,-135,0.45629999999999998339,0.45629999999999998339
24,-135,0.60280000000000000249,0.60280000000000000249
25,-135,0.49969999999999997753,0.49969999999999997753
26,-135,0.40139999999999997904,0.40139999999999997904
27,-135,0.35480000000000000426,0.35480000000000000426
28,-135,0.25740000000000001767,0.25740000000000001767
29,-135,0.14269999999999999352,0.14269999999999999352
30,-135,0.10549999999999999656,0.10549999999999999656
31,-135,0.14979999999999998872,0.14979999999999998872
32,-135,0.32190000000000001945,0.32190000000000001945
33,-135,0.55759999999999998455,0.55759999999999998455
34,-135,0.68889999999999995683,0.68889999999999995683
35,-135,0.5829999999999999627,0.5829999999999999627
36,-135,0.42439999999999999947,0.42439999999999999947
37,-135,0.49530000000000001803,0.49530000000000001803
38,-135,0.62990000000000001545,0.62990000000000001545
39,-135,0.5795000000000000151,0.5795000000000000151
40,-135,0.57789999999999996927,0.57789999999999996927
41,-135,0.61529999999999995808,0.61529999999999995808
42,-135,0.7079999999999999627,0.7079999999999999627
43,-135,0.86519999999999996909,0.86519999999999996909
44,-135,0.9313000000000000167,0.9313000000000000167
45,-135,0.92290000000000005365,0.92290000000000005365
46,-135,0.7617000000000000437,0.7617000000000000437
47,-135,0.76090000000000002078,0.76090000000000002078
48,-135,0.82320000000000004281,0.82320000000000004281
49,-135,0.64319999999999999396,0.64319999999999999396
50,-135,0.47999999999999998224,0.47999999999999998224
51,-135,0.16539999999999999147,0.16539999999999999147
52,-135,0.019499999999999999972,0.019499999999999999972
53,-135,0.011199999999999999886,0.011199999999999999886
54,-135,0.037800000000000000266,0.037800000000000000266
55,-135,0.028600000000000000422,0.028600000000000000422
56,-135,0.019400000000000000577,0.019400000000000000577
57,-135,0.013400000000000000452,0.013400000000000000452
58,-135,0.040099999999999996758,0.040099999999999996758
59,-135,0.0711999999999999994,0.0711999999999999994
60,-135,0.35389999999999999236,0.35389999999999999236
61,-135,0.67359999999999997655,0.67359999999999997655
62,-135,0.80620000000000002771,0.80620000000000002771
63,-135,0.62470000000000003304,0.62470000000000003304
64,-135,0.17000000000000001221,0.17000000000000001221
65,-135,0.54590000000000005187,0.54590000000000005187
66,-135,0.082199999999999995293,0.082199999999999995293
67,-135,0.084599999999999994649,0.084599999999999994649
68,-135,0.2786000000000000143,0.2786000000000000143
69,-135,0.67640000000000000124,0.67640000000000000124
70,-135,0.57850000000000001421,0.57850000000000001421
-69,-133.75,0.48909999999999997922,0.48909999999999997922
-68,-133.75,0.32119999999999998552,0.32119999999999998552
-67,-133.75,0.31240000000000001101,0.31240000000000001101
-66,-133.75,0.3536000000000000254,0.3536000000000000254
-65,-133.75,0.5034999999999999476,0.5034999999999999476
-64,-133.75,0.58879999999999999005,0.58879999999999999005
-63,-133.75,0.8759000000000000119,0.8759000000000000119
-62,-133.75,0.85580000000000000515,0.85580000000000000515
-61,-133.75,0.64129999999999998117,0.64129999999999998117
-60,-133.75,0.67220000000000001972,0.67220000000000001972
-59,-133.75,0.91479999999999994653,0.91479999999999994653
-58,-133.75,0.64439999999999997282,0.64439999999999997282
-57,-133.75,0.57259999999999999787,0.57259999999999999787
-56,-133.75,0.46729999999999999316,0.46729999999999999316
-55,-133.75,0.25840000000000001856,0.25840000000000001856
-54,-133.75,0.28720000000000001084,0.28720000000000001084
-53,-133.75,0.54079999999999994742,0.54079999999999994742
-52,-133.75,0.56210000000000004405,0.56210000000000004405
-51,-133.75,0.5108000000000000318,0.5108000000000000318
-50,-133.75,0.42970000000000002638,0.42970000000000002638
-49,-133.75,0.34039999999999998037,0.34039999999999998037
-48,-133.75,0.42920000000000002593,0.42920000000000002593
-47,-133.75,0.70399999999999995914,0.70399999999999995914
-46,-133.75,0.56659999999999999254,0.56659999999999999254
-45,-133.75,0.25929999999999997495,0.25929999999999997495
-44,-133.75,0.20369999999999999218,0.20369999999999999218
-43,-133.75,0.48080000000000000515,0.48080000000000000515
-42,-133.75,0.75119999999999997886,0.75119999999999997886
-41,-133.75,0.89690000000000003055,0.89690000000000003055
-40,-133.75,0.87570000000000003393,0.87570000000000003393
-39,-133.75,0.78939999999999999059,0.78939999999999999059
-38,-133.75,0.80930000000000001936,0.80930000000000001936
-37,-133.75,0.43140000000000000568,0.43140000000000000568
-36,-133.75,0.28729999999999999982,0.28729999999999999982
-35,-133.75,0.84240000000000003766,0.84240000000000003766
-34,-133.75,0.74599999999999999645,0.74599999999999999645
-33,-133.75,0.61870000000000002771,0.61870000000000002771
-32,-133.75,0.74899999999999999911,0.74899999999999999911
-31,-133.75,0.94140000000000001457,0.94140000000000001457
-30,-133.75,0.94130000000000002558,0.94130000000000002558
-29,-133.75,0.7302999999999999492,0.7302999999999999492
-28,-133.75,0.56210000000000004405,0.56210000000000004405
-27,-133.75,0.36730000000000001537,0.36730000000000001537
-26,-133.75,0.2316999999999999893,0.2316999999999999893
-25,-133.75,0.15359999999999998654,0.15359999999999998654
-24,-133.75,0.096000000000000001998,0.096000000000000001998
-23,-133.75,0.079899999999999998801,0.079899999999999998801
-22,-133.75,0.086099999999999995981,0.086099999999999995981
-21,-133.75,0.042599999999999998979,0.042599999999999998979
-20,-133.75,0.11949999999999999512,0.11949999999999999512
-19,-133.75,0.32619999999999998996,0.32619999999999998996
-18,-133.75,0.64139999999999997016,0.64139999999999997016
-17,-133.75,0.82030000000000002913,0.82030000000000002913
-16,-133.75,0.97430000000000005489,0.97430000000000005489
-15,-133.75,0.96960000000000001741,0.96960000000000001741
-14,-133.75,0.99209999999999998188,0.99209999999999998188
-13,-133.75,0.92079999999999995186,0.92079999999999995186
-12,-133.75,0.75770000000000004015,0.75770000000000004015
-11,-133.75,0.67330000000000000959,0.67330000000000000959
-10,-133.75,0.42730000000000001315,0.42730000000000001315
-9,-133.75,0.26169999999999998819,0.26169999999999998819
-8,-133.75,0.24990000000000001101,0.24990000000000001101
-7,-133.75,0.60170000000000001261,0.60170000000000001261
-6,-133.75,0.92249999999999998668,0.92249999999999998668
-5,-133.75,0.96319999999999994511,0.96319999999999994511
-4,-133.75,0.98450000000000004174,0.98450000000000004174
-3,-133.75,0.75480000000000002647,0.75480000000000002647
-2,-133.75,0.02960000000000000131,0.02960000000000000131
-1,-133.75,0.00020000000000000000958,0.00020000000000000000958
0,-133.75,0,0
1,-133.75,0,0
2,-133.75,0.00010000000000000000479,0.00010000000000000000479
3,-133.75,0.00020000000000000000958,0.00020000000000000000958
4,-133.75,0.00029999999999999997372,0.00029999999999999997372
5,-133.75,0,0
6,-133.75,0.00010000000000000000479,0.00010000000000000000479
7,-133.75,0.068000000000000004885,0.068000000000000004885
8,-133.75,0.91669999999999995932,0.91669999999999995932
9,-133.75,0.88690000000000002167,0.88690000000000002167
10,-133.75,0.5222999999999999865,0.5222999999999999865
11,-133.75,0.47960000000000002629,0.47960000000000002629
12,-133.75,0.42309999999999997611,0.42309999999999997611
13,-133.75,0.63300000000000000711,0.63300000000000000711
14,-133.75,0.95240000000000002434,0.95240000000000002434
15,-133.75,0.96650000000000002576,0.96650000000000002576
16,-133.75,0.96189999999999997726,0.96189999999999997726
17,-133.75,0.90190000000000003499,0.90190000000000003499
18,-133.75,0.72319999999999995399,0.72319999999999995399
19,-133.75,0.59330000000000004956,0.59330000000000004956
20,-133.75,0.32640000000000002345,0.32640000000000002345
21,-133.75,0.29899999999999998801,0.29899999999999998801
22,-133.75,0.28199999999999997291,0.28199999999999997291
23,-133.75,0.46650000000000002576,0.46650000000000002576
24,-133.75,0.69030000000000002469,0.69030000000000002469
25,-133.75,0.62390000000000001013,0.62390000000000001013
26,-133.75,0.46629999999999999227,0.46629999999999999227
27,-133.75,0.40160000000000001252,0.40160000000000001252
28,-133.75,0.24399999999999999467,0.24399999999999999467
29,-133.75,0.1978000000000000036,0.1978000000000000036
30,-133.75,0.10899999999999999967,0.10899999999999999967
31,-133.75,0.12120000000000000218,0.12120000000000000218
32,-133.75,0.29699999999999998623,0.29699999999999998623
33,-133.75,0.61639999999999994795,0.61639999999999994795
34,-133.75,0.65839999999999998526,0.65839999999999998526
35,-133.75,0.67559999999999997833,0.67559999999999997833
36,-133.75,0.52539999999999997815,0.52539999999999997815
37,-133.75,0.54449999999999998401,0.54449999999999998401
38,-133.75,0.64310000000000000497,0.64310000000000000497
39,-133.75,0.54769999999999996465,0.54769999999999996465
40,-133.75,0.54620000000000001883,0.54620000000000001883
41,-133.75,0.67449999999999998845,0.67449999999999998845
42,-133.75,0.58330000000000004068,0.58330000000000004068
43,-133.75,0.65449999999999997069,0.65449999999999997069
44,-133.75,0.92069999999999996287,0.92069999999999996287
45,-133.75,0.97489999999999998881,0.97489999999999998881
46,-133.75,0.91029999999999999805,0.91029999999999999805
47,-133.75,0.96279999999999998916,0.96279999999999998916
48,-133.75,0.98740000000000005542,0.98740000000000005542
49,-133.75,0.80420000000000002593,0.80420000000000002593
50,-133.75,0.80549999999999999378,0.80549999999999999378
51,-133.75,0.41310000000000002274,0.41310000000000002274
52,-133.75,0.21129999999999998783,0.21129999999999998783
53,-133.75,0.1179000000000000048,0.1179000000000000048
54,-133.75,0.15790000000000001257,0.15790000000000001257
55,-133.75,0.052200000000000003342,0.052200000000000003342
56,-133.75,0.050000000000000002776,0.050000000000000002776
57,-133.75,0.071099999999999996536,0.071099999999999996536
58,-133.75,0.14619999999999999662,0.14619999999999999662
59,-133.75,0.11269999999999999463,0.11269999999999999463
60,-133.75,0.28110000000000001652,0.28110000000000001652
61,-133.75,0.55579999999999996074,0.55579999999999996074
62,-133.75,0.91220000000000001084,0.91220000000000001084
63,-133.75,0.67679999999999995719,0.67679999999999995719
64,-133.75,0.19570000000000001283,0.19570000000000001283
65,-133.75,0.49270000000000002682,0.49270000000000002682
66,-133.75,0.39519999999999999574,0.39519999999999999574
67,-133.75,0.30470000000000002638,0.30470000000000002638
68,-133.75,0.64129999999999998117,0.64129999999999998117
69,-133.75,0.85960000000000003073,0.85960000000000003073
70,-133.75,0.76280000000000003357,0.76280000000000003357
-69,-132.5,0.53859999999999996767,0.53859999999999996767
-68,-132.5,0.3759000000000000119,0.3759000000000000119
-67,-132.5,0.28370000000000000773,0.28370000000000000773
-66,-132.5,0.22739999999999999103,0.22739999999999999103
-65,-132.5,0.37469999999999997753,0.37469999999999997753
-64,-132.5,0.54539999999999999591,0.54539999999999999591
-63,-132.5,0.87929999999999997051,0.87929999999999997051
-62,-132.5,0.93420000000000003038,0.93420000000000003038
-61,-132.5,0.61860000000000003872,0.61860000000000003872
-60,-132.5,0.55749999999999999556,0.55749999999999999556
-59,-132.5,0.96850000000000002753,0.96850000000000002753
-58,-132.5,0.73719999999999996643,0.73719999999999996643
-57,-132.5,0.67059999999999997389,0.67059999999999997389
-56,-132.5,0.56899999999999995026,0.56899999999999995026
-55,-132.5,0.29230000000000000426,0.29230000000000000426
-54,-132.5,0.27729999999999999094,0.27729999999999999094
-53,-132.5,0.45079999999999997851,0.45079999999999997851
-52,-132.5,0.49569999999999997398,0.49569999999999997398
-51,-132.5,0.32069999999999998508,0.32069999999999998508
-50,-132.5,0.3106999999999999762,0.3106999999999999762
-49,-132.5,0.4313000000000000167,0.4313000000000000167
-48,-132.5,0.73460000000000003073,0.73460000000000003073
-47,-132.5,0.58560000000000000941,0.58560000000000000941
-46,-132.5,0.43940000000000001279,0.43940000000000001279
-45,-132.5,0.25530000000000002691,0.25530000000000002691
-44,-132.5,0.20539999999999999925,0.20539999999999999925
-43,-132.5,0.36290000000000000036,0.36290000000000000036
-42,-132.5,0.59209999999999995968,0.59209999999999995968
-41,-132.5,0.90080000000000004512,0.90080000000000004512
-40,-132.5,0.69259999999999999343,0.69259999999999999343
-39,-132.5,0.84460000000000001741,0.84460000000000001741
-38,-132.5,0.61199999999999998845,0.61199999999999998845
-37,-132.5,0.39800000000000002043,0.39800000000000002043
-36,-132.5,0.35780000000000000693,0.35780000000000000693
-35,-132.5,0.75490000000000001545,0.75490000000000001545
-34,-132.5,0.9990999999999999881,0.9990999999999999881
-33,-132.5,0.99480000000000001759,0.99480000000000001759
-32,-132.5,0.99709999999999998632,0.99709999999999998632
-31,-132.5,0.94340000000000001634,0.94340000000000001634
-30,-132.5,0.67249999999999998668,0.67249999999999998668
-29,-132.5,0.61070000000000002061,0.61070000000000002061
-28,-132.5,0.42609999999999997877,0.42609999999999997877
-27,-132.5,0.2058000000000000107,0.2058000000000000107
-26,-132.5,0.12620000000000000662,0.12620000000000000662
-25,-132.5,0.085199999999999997957,0.085199999999999997957
-24,-132.5,0.10009999999999999454,0.10009999999999999454
-23,-132.5,0.13270000000000001239,0.13270000000000001239
-22,-132.5,0.081900000000000000577,0.081900000000000000577
-21,-132.5,0.11239999999999999991,0.11239999999999999991
-20,-132.5,0.26429999999999997939,0.26429999999999997939
-19,-132.5,0.50390000000000001457,0.50390000000000001457
-18,-132.5,0.6723000000000000087,0.6723000000000000087
-17,-132.5,0.74599999999999999645,0.74599999999999999645
-16,-132.5,0.96060000000000000941,0.96060000000000000941
-15,-132.5,0.95920000000000005258,0.95920000000000005258
-14,-132.5,0.99939999999999995506,0.99939999999999995506
-13,-132.5,0.96640000000000003677,0.96640000000000003677
-12,-132.5,0.81850000000000000533,0.81850000000000000533
-11,-132.5,0.62129999999999996341,0.62129999999999996341
-10,-132.5,0.27839999999999998082,0.27839999999999998082
-9,-132.5,0.20430000000000000937,0.20430000000000000937
-8,-132.5,0.19359999999999999432,0.19359999999999999432
-7,-132.5,0.52119999999999999662,0.52119999999999999662
-6,-132.5,0.92339999999999999858,0.92339999999999999858
-5,-132.5,0.92700000000000004619,0.92700000000000004619
-4,-132.5,0.97370000000000000995,0.97370000000000000995
-3,-132.5,0.65110000000000001208,0.65110000000000001208
-2,-132.5,0.10240000000000000491,0.10240000000000000491
-1,-132.5,0.00080000000000000003834,0.00080000000000000003834
0,-132.5,0,0
1,-132.5,0.00010000000000000000479,0.00010000000000000000479
2,-132.5,0.00059999999999999994744,0.00059999999999999994744
3,-132.5,0.00020000000000000000958,0.00020000000000000000958
4,-132.5,0.00020000000000000000958,0.00020000000000000000958
5,-132.5,0,0
6,-132.5,0,0
7,-132.5,0.030200000000000001149,0.030200000000000001149
8,-132.5,0.74829999999999996518,0.74829999999999996518
9,-132.5,0.85389999999999999236,0.85389999999999999236
10,-132.5,0.3972999999999999865,0.3972999999999999865
11,-132.5,0.22759999999999999676,0.22759999999999999676
12,-132.5,0.43990000000000001323,0.43990000000000001323
13,-132.5,0.78910000000000002363,0.78910000000000002363
14,-132.5,0.8991000000000000103,0.8991000000000000103
15,-132.5,0.66500000000000003553,0.66500000000000003553
16,-132.5,0.55430000000000001492,0.55430000000000001492
17,-132.5,0.46150000000000002132,0.46150000000000002132
18,-132.5,0.4902000000000000246,0.4902000000000000246
19,-132.5,0.45829999999999998517,0.45829999999999998517
20,-132.5,0.3070999999999999841,0.3070999999999999841
21,-132.5,0.23230000000000000648,0.23230000000000000648
22,-132.5,0.19559999999999999609,0.19559999999999999609
23,-132.5,0.22980000000000000426,0.22980000000000000426
24,-132.5,0.58560000000000000941,0.58560000000000000941
25,-132.5,0.76280000000000003357,0.76280000000000003357
26,-132.5,0.66539999999999999147,0.66539999999999999147
27,-132.5,0.55379999999999995897,0.55379999999999995897
28,-132.5,0.50480000000000002647,0.50480000000000002647
29,-132.5,0.28100000000000002753,0.28100000000000002753
30,-132.5,0.18199999999999999512,0.18199999999999999512
31,-132.5,0.1710000000000000131,0.1710000000000000131
32,-132.5,0.24590000000000000746,0.24590000000000000746
33,-132.5,0.51229999999999997762,0.51229999999999997762
34,-132.5,0.66200000000000003286,0.66200000000000003286
35,-132.5,0.63270000000000004015,0.63270000000000004015
36,-132.5,0.67010000000000002895,0.67010000000000002895
37,-132.5,0.54059999999999996945,0.54059999999999996945
38,-132.5,0.65380000000000004778,0.65380000000000004778
39,-132.5,0.53559999999999996501,0.53559999999999996501
40,-132.5,0.59599999999999997424,0.59599999999999997424
41,-132.5,0.7338999999999999968,0.7338999999999999968
42,-132.5,0.64249999999999996003,0.64249999999999996003
43,-132.5,0.51219999999999998863,0.51219999999999998863
44,-132.5,0.71409999999999995701,0.71409999999999995701
45,-132.5,0.89149999999999995914,0.89149999999999995914
46,-132.5,0.87700000000000000178,0.87700000000000000178
47,-132.5,0.99970000000000003304,0.99970000000000003304
48,-132.5,0.98560000000000003162,0.98560000000000003162
49,-132.5,0.95130000000000003446,0.95130000000000003446
50,-132.5,0.96289999999999997815,0.96289999999999997815
51,-132.5,0.84699999999999997513,0.84699999999999997513
52,-132.5,0.80730000000000001759,0.80730000000000001759
53,-132.5,0.52210000000000000853,0.52210000000000000853
54,-132.5,0.34910000000000002141,0.34910000000000002141
55,-132.5,0.13320000000000001283,0.13320000000000001283
56,-132.5,0.14619999999999999662,0.14619999999999999662
57,-132.5,0.17740000000000000213,0.17740000000000000213
58,-132.5,0.11799999999999999378,0.11799999999999999378
59,-132.5,0.23080000000000000515,0.23080000000000000515
60,-132.5,0.33250000000000001776,0.33250000000000001776
61,-132.5,0.53029999999999999361,0.53029999999999999361
62,-132.5,0.86719999999999997087,0.86719999999999997087
63,-132.5,0.59770000000000000906,0.59770000000000000906
64,-132.5,0.18720000000000000528,0.18720000000000000528
65,-132.5,0.56810000000000004938,0.56810000000000004938
66,-132.5,0.68020000000000002682,0.68020000000000002682
67,-132.5,0.47920000000000001483,0.47920000000000001483
68,-132.5,0.71740000000000003766,0.71740000000000003766
69,-132.5,0.92300000000000004263,0.92300000000000004263
70,-132.5,0.86919999999999997264,0.86919999999999997264
-69,-131.25,0.59240000000000003766,0.59240000000000003766
-68,-131.25,0.32560000000000000053,0.32560000000000000053
-67,-131.25,0.22689999999999999059,0.22689999999999999059
-66,-131.25,0.18340000000000000746,0.18340000000000000746
-65,-131.25,0.28470000000000000862,0.28470000000000000862
-64,-131.25,0.45879999999999998561,0.45879999999999998561
-63,-131.25,0.86009999999999997566,0.86009999999999997566
-62,-131.25,0.94450000000000000622,0.94450000000000000622
-61,-131.25,0.72670000000000001261,0.72670000000000001261
-60,-131.25,0.73060000000000002718,0.73060000000000002718
-59,-131.25,0.9331000000000000405,0.9331000000000000405
-58,-131.25,0.74080000000000001403,0.74080000000000001403
-57,-131.25,0.83330000000000004068,0.83330000000000004068
-56,-131.25,0.47949999999999998179,0.47949999999999998179
-55,-131.25,0.21920000000000000595,0.21920000000000000595
-54,-131.25,0.13220000000000001195,0.13220000000000001195
-53,-131.25,0.3250000000000000111,0.3250000000000000111
-52,-131.25,0.36180000000000001048,0.36180000000000001048
-51,-131.25,0.21940000000000001168,0.21940000000000001168
-50,-131.25,0.23119999999999998885,0.23119999999999998885
-49,-131.25,0.49730000000000001981,0.49730000000000001981
-48,-131.25,0.66830000000000000515,0.66830000000000000515
-47,-131.25,0.73080000000000000515,0.73080000000000000515
-46,-131.25,0.37040000000000000702,0.37040000000000000702
-45,-131.25,0.14249999999999998779,0.14249999999999998779
-44,-131.25,0.09170000000000000373,0.09170000000000000373
-43,-131.25,0.46739999999999998215,0.46739999999999998215
-42,-131.25,0.5284999999999999698,0.5284999999999999698
-41,-131.25,0.80489999999999994884,0.80489999999999994884
-40,-131.25,0.80120000000000002327,0.80120000000000002327
-39,-131.25,0.80969999999999997531,0.80969999999999997531
-38,-131.25,0.88360000000000005205,0.88360000000000005205
-37,-131.25,0.6447000000000000508,0.6447000000000000508
-36,-131.25,0.66669999999999995932,0.66669999999999995932
-35,-131.25,0.81879999999999997229,0.81879999999999997229
-34,-131.25,0.85789999999999999591,0.85789999999999999591
-33,-131.25,0.83550000000000002043,0.83550000000000002043
-32,-131.25,0.76629999999999998117,0.76629999999999998117
-31,-131.25,0.56299999999999994493,0.56299999999999994493
-30,-131.25,0.52769999999999994689,0.52769999999999994689
-29,-131.25,0.36180000000000001048,0.36180000000000001048
-28,-131.25,0.31209999999999998854,0.31209999999999998854
-27,-131.25,0.18870000000000000662,0.18870000000000000662
-26,-131.25,0.14969999999999999973,0.14969999999999999973
-25,-131.25,0.1121000000000000052,0.1121000000000000052
-24,-131.25,0.14929999999999998828,0.14929999999999998828
-23,-131.25,0.16869999999999998885,0.16869999999999998885
-22,-131.25,0.094200000000000005951,0.094200000000000005951
-21,-131.25,0.14230000000000000981,0.14230000000000000981
-20,-131.25,0.26550000000000001377,0.26550000000000001377
-19,-131.25,0.50649999999999995026,0.50649999999999995026
-18,-131.25,0.59350000000000002753,0.59350000000000002753
-17,-131.25,0.71830000000000004956,0.71830000000000004956
-16,-131.25,0.88929999999999997939,0.88929999999999997939
-15,-131.25,0.98519999999999996465,0.98519999999999996465
-14,-131.25,1,1
-13,-131.25,0.88060000000000004938,0.88060000000000004938
-12,-131.25,0.72419999999999995488,0.72419999999999995488
-11,-131.25,0.54700000000000004174,0.54700000000000004174
-10,-131.25,0.25069999999999997842,0.25069999999999997842
-9,-131.25,0.21909999999999998921,0.21909999999999998921
-8,-131.25,0.17080000000000000737,0.17080000000000000737
-7,-131.25,0.56440000000000001279,0.56440000000000001279
-6,-131.25,0.9802999999999999492,0.9802999999999999492
-5,-131.25,0.88690000000000002167,0.88690000000000002167
-4,-131.25,0.98650000000000004352,0.98650000000000004352
-3,-131.25,0.6126000000000000334,0.6126000000000000334
-2,-131.25,0.13650000000000001021,0.13650000000000001021
-1,-131.25,0.00050000000000000001041,0.00050000000000000001041
0,-131.25,0,0
1,-131.25,0,0
2,-131.25,0.00020000000000000000958,0.00020000000000000000958
3,-131.25,0.00029999999999999997372,0.00029999999999999997372
4,-131.25,0.00010000000000000000479,0.00010000000000000000479
5,-131.25,0,0
6,-131.25,0,0
7,-131.25,0.043900000000000001521,0.043900000000000001521
8,-131.25,0.6008999999999999897,0.6008999999999999897
9,-131.25,0.9445999999999999952,0.9445999999999999952
10,-131.25,0.47089999999999998526,0.47089999999999998526
11,-131.25,0.33010000000000000453,0.33010000000000000453
12,-131.25,0.48449999999999998623,0.48449999999999998623
13,-131.25,0.66049999999999997602,0.66049999999999997602
14,-131.25,0.87209999999999998632,0.87209999999999998632
15,-131.25,0.4079999999999999738,0.4079999999999999738
16,-131.25,0.3054000000000000048,0.3054000000000000048
17,-131.25,0.41089999999999998748,0.41089999999999998748
18,-131.25,0.41289999999999998925,0.41289999999999998925
19,-131.25,0.41480000000000000204,0.41480000000000000204
20,-131.25,0.2713999999999999746,0.2713999999999999746
21,-131.25,0.21900000000000000022,0.21900000000000000022
22,-131.25,0.20130000000000000671,0.20130000000000000671
23,-131.25,0.16039999999999998703,0.16039999999999998703
24,-131.25,0.46970000000000000639,0.46970000000000000639
25,-131.25,0.67100000000000004086,0.67100000000000004086
26,-131.25,0.64170000000000004814,0.64170000000000004814
27,-131.25,0.70589999999999997193,0.70589999999999997193
28,-131.25,0.60229999999999994653,0.60229999999999994653
29,-131.25,0.47020000000000000684,0.47020000000000000684
30,-131.25,0.25829999999999997407,0.25829999999999997407
31,-131.25,0.23139999999999999458,0.23139999999999999458
32,-131.25,0.28189999999999998392,0.28189999999999998392
33,-131.25,0.53129999999999999449,0.53129999999999999449
34,-131.25,0.74529999999999996252,0.74529999999999996252
35,-131.25,0.74680000000000001936,0.74680000000000001936
36,-131.25,0.73580000000000000959,0.73580000000000000959
37,-131.25,0.58160000000000000586,0.58160000000000000586
38,-131.25,0.62250000000000005329,0.62250000000000005329
39,-131.25,0.62539999999999995595,0.62539999999999995595
40,-131.25,0.54190000000000004832,0.54190000000000004832
41,-131.25,0.69059999999999999165,0.69059999999999999165
42,-131.25,0.65769999999999995133,0.65769999999999995133
43,-131.25,0.55030000000000001137,0.55030000000000001137
44,-131.25,0.6008999999999999897,0.6008999999999999897
45,-131.25,0.87109999999999998543,0.87109999999999998543
46,-131.25,0.9536000000000000032,0.9536000000000000032
47,-131.25,0.99870000000000003215,0.99870000000000003215
48,-131.25,0.88249999999999995115,0.88249999999999995115
49,-131.25,0.66900000000000003908,0.66900000000000003908
50,-131.25,0.71450000000000002398,0.71450000000000002398
51,-131.25,0.70420000000000004814,0.70420000000000004814
52,-131.25,0.74419999999999997264,0.74419999999999997264
53,-131.25,0.96589999999999998082,0.96589999999999998082
54,-131.25,0.79410000000000002807,0.79410000000000002807
55,-131.25,0.33019999999999999352,0.33019999999999999352
56,-131.25,0.2741000000000000103,0.2741000000000000103
57,-131.25,0.31319999999999997842,0.31319999999999997842
58,-131.25,0.29599999999999998535,0.29599999999999998535
59,-131.25,0.51859999999999994991,0.51859999999999994991
60,-131.25,0.42380000000000001004,0.42380000000000001004
61,-131.25,0.5427999999999999492,0.5427999999999999492
62,-131.25,0.55269999999999996909,0.55269999999999996909
63,-131.25,0.26979999999999998428,0.26979999999999998428
64,-131.25,0.20499999999999998779,0.20499999999999998779
65,-131.25,0.56769999999999998241,0.56769999999999998241
66,-131.25,0.69489999999999996216,0.69489999999999996216
67,-131.25,0.60660000000000002807,0.60660000000000002807
68,-131.25,0.7722999999999999865,0.7722999999999999865
69,-131.25,0.91839999999999999414,0.91839999999999999414
70,-131.25,0.92300000000000004263,0.92300000000000004263
-69,-130,0.60509999999999997122,0.60509999999999997122
-68,-130,0.33810000000000001164,0.33810000000000001164
-67,-130,0.20519999999999999352,0.20519999999999999352
-66,-130,0.19480000000000000093,0.19480000000000000093
-65,-130,0.25940000000000001945,0.25940000000000001945
-64,-130,0.46270000000000000018,0.46270000000000000018
-63,-130,0.87370000000000003215,0.87370000000000003215
-62,-130,0.94120000000000003659,0.94120000000000003659
-61,-130,0.77649999999999996803,0.77649999999999996803
-60,-130,0.92649999999999999023,0.92649999999999999023
-59,-130,0.8081000000000000405,0.8081000000000000405
-58,-130,0.85289999999999999147,0.85289999999999999147
-57,-130,0.84970000000000001084,0.84970000000000001084
-56,-130,0.27360000000000000986,0.27360000000000000986
-55,-130,0.14130000000000000893,0.14130000000000000893
-54,-130,0.073700000000000001621,0.073700000000000001621
-53,-130,0.2518000000000000238,0.2518000000000000238
-52,-130,0.32819999999999999174,0.32819999999999999174
-51,-130,0.19439999999999998948,0.19439999999999998948
-50,-130,0.21410000000000001252,0.21410000000000001252
-49,-130,0.40479999999999999316,0.40479999999999999316
-48,-130,0.33260000000000000675,0.33260000000000000675
-47,-130,0.53020000000000000462,0.53020000000000000462
-46,-130,0.19309999999999999387,0.19309999999999999387
-45,-130,0.052200000000000003342,0.052200000000000003342
-44,-130,0.05340000000000000302,0.05340000000000000302
-43,-130,0.30140000000000000124,0.30140000000000000124
-42,-130,0.15279999999999999138,0.15279999999999999138
-41,-130,0.48089999999999999414,0.48089999999999999414
-40,-130,0.86399999999999999023,0.86399999999999999023
-39,-130,0.98250000000000003997,0.98250000000000003997
-38,-130,0.96889999999999998348,0.96889999999999998348
-37,-130,0.83350000000000001865,0.83350000000000001865
-36,-130,0.82699999999999995737,0.82699999999999995737
-35,-130,0.73450000000000004174,0.73450000000000004174
-34,-130,0.44929999999999997717,0.44929999999999997717
-33,-130,0.27039999999999997371,0.27039999999999997371
-32,-130,0.29339999999999999414,0.29339999999999999414
-31,-130,0.32810000000000000275,0.32810000000000000275
-30,-130,0.17649999999999999023,0.17649999999999999023
-29,-130,0.19520000000000001239,0.19520000000000001239
-28,-130,0.35170000000000001261,0.35170000000000001261
-27,-130,0.31359999999999998987,0.31359999999999998987
-26,-130,0.18629999999999999338,0.18629999999999999338
-25,-130,0.2026999999999999913,0.2026999999999999913
-24,-130,0.15090000000000000635,0.15090000000000000635
-23,-130,0.20080000000000000626,0.20080000000000000626
-22,-130,0.15959999999999999187,0.15959999999999999187
-21,-130,0.28870000000000001217,0.28870000000000001217
-20,-130,0.35160000000000002363,0.35160000000000002363
-19,-130,0.44219999999999998197,0.44219999999999998197
-18,-130,0.49559999999999998499,0.49559999999999998499
-17,-130,0.47820000000000001394,0.47820000000000001394
-16,-130,0.7920000000000000373,0.7920000000000000373
-15,-130,0.9891999999999999682,0.9891999999999999682
-14,-130,0.99970000000000003304,0.99970000000000003304
-13,-130,0.72909999999999997033,0.72909999999999997033
-12,-130,0.77039999999999997371,0.77039999999999997371
-11,-130,0.54569999999999996287,0.54569999999999996287
-10,-130,0.24099999999999999201,0.24099999999999999201
-9,-130,0.20080000000000000626,0.20080000000000000626
-8,-130,0.24790000000000000924,0.24790000000000000924
-7,-130,0.67869999999999996998,0.67869999999999996998
-6,-130,0.97360000000000002096,0.97360000000000002096
-5,-130,0.91849999999999998312,0.91849999999999998312
-4,-130,0.98950000000000004619,0.98950000000000004619
-3,-130,0.486599999999999977,0.486599999999999977
-2,-130,0.13359999999999999654,0.13359999999999999654
-1,-130,0.00069999999999999999289,0.00069999999999999999289
0,-130,0,0
1,-130,0,0
2,-130,0.00080000000000000003834,0.00080000000000000003834
3,-130,0.00040000000000000001917,0.00040000000000000001917
4,-130,0,0
5,-130,0,0
6,-130,0.00080000000000000003834,0.00080000000000000003834
7,-130,0.044900000000000002409,0.044900000000000002409
8,-130,0.62080000000000001847,0.62080000000000001847
9,-130,0.92940000000000000391,0.92940000000000000391
10,-130,0.51259999999999994458,0.51259999999999994458
11,-130,0.37230000000000001981,0.37230000000000001981
12,-130,0.59130000000000004778,0.59130000000000004778
13,-130,0.89859999999999995435,0.89859999999999995435
14,-130,0.72870000000000001439,0.72870000000000001439
15,-130,0.32569999999999998952,0.32569999999999998952
16,-130,0.19170000000000000928,0.19170000000000000928
17,-130,0.28439999999999998614,0.28439999999999998614
18,-130,0.29609999999999997433,0.29609999999999997433
19,-130,0.39810000000000000941,0.39810000000000000941
20,-130,0.35689999999999999503,0.35689999999999999503
21,-130,0.20439999999999999836,0.20439999999999999836
22,-130,0.070499999999999993228,0.070499999999999993228
23,-130,0.1887999999999999956,0.1887999999999999956
24,-130,0.36830000000000001625,0.36830000000000001625
25,-130,0.67640000000000000124,0.67640000000000000124
26,-130,0.70050000000000001155,0.70050000000000001155
27,-130,0.58250000000000001776,0.58250000000000001776
28,-130,0.52839999999999998082,0.52839999999999998082
29,-130,0.51959999999999995079,0.51959999999999995079
30,-130,0.35399999999999998135,0.35399999999999998135
31,-130,0.27710000000000001297,0.27710000000000001297
32,-130,0.31600000000000000311,0.31600000000000000311
33,-130,0.57830000000000003624,0.57830000000000003624
34,-130,0.70869999999999999662,0.70869999999999999662
35,-130,0.80840000000000000746,0.80840000000000000746
36,-130,0.85240000000000004654,0.85240000000000004654
37,-130,0.84299999999999997158,0.84299999999999997158
38,-130,0.61899999999999999467,0.61899999999999999467
39,-130,0.63300000000000000711,0.63300000000000000711
40,-130,0.57840000000000002522,0.57840000000000002522
41,-130,0.63260000000000005116,0.63260000000000005116
42,-130,0.72250000000000003109,0.72250000000000003109
43,-130,0.73799999999999998934,0.73799999999999998934
44,-130,0.78659999999999996589,0.78659999999999996589
45,-130,0.93920000000000003482,0.93920000000000003482
46,-130,0.99960000000000004405,0.99960000000000004405
47,-130,0.99370000000000002771,0.99370000000000002771
48,-130,0.90559999999999996056,0.90559999999999996056
49,-130,0.66559999999999996945,0.66559999999999996945
50,-130,0.43890000000000001235,0.43890000000000001235
51,-130,0.58179999999999998384,0.58179999999999998384
52,-130,0.63060000000000004938,0.63060000000000004938
53,-130,0.92910000000000003695,0.92910000000000003695
54,-130,0.92339999999999999858,0.92339999999999999858
55,-130,0.64259999999999994902,0.64259999999999994902
56,-130,0.56510000000000004672,0.56510000000000004672
57,-130,0.7543999999999999595,0.7543999999999999595
58,-130,0.69850000000000000977,0.69850000000000000977
59,-130,0.98440000000000005276,0.98440000000000005276
60,-130,0.88970000000000004636,0.88970000000000004636
61,-130,0.51100000000000000977,0.51100000000000000977
62,-130,0.30880000000000001892,0.30880000000000001892
63,-130,0.12690000000000001279,0.12690000000000001279
64,-130,0.26640000000000002567,0.26640000000000002567
65,-130,0.37440000000000001057,0.37440000000000001057
66,-130,0.80269999999999996909,0.80269999999999996909
67,-130,0.81989999999999996216,0.81989999999999996216
68,-130,0.80840000000000000746,0.80840000000000000746
69,-130,0.89539999999999997371,0.89539999999999997371
70,-130,0.92130000000000000782,0.92130000000000000782
-69,-128.75,0.63859999999999994547,0.63859999999999994547
-68,-128.75,0.33350000000000001865,0.33350000000000001865
-67,-128.75,0.20139999999999999569,0.20139999999999999569
-66,-128.75,0.18890000000000001235,0.18890000000000001235
-65,-128.75,0.25580000000000002736,0.25580000000000002736
-64,-128.75,0.49149999999999999245,0.49149999999999999245
-63,-128.75,0.78669999999999995488,0.78669999999999995488
-62,-128.75,0.94079999999999996962,0.94079999999999996962
-61,-128.75,0.81920000000000003926,0.81920000000000003926
-60,-128.75,0.92720000000000002416,0.92720000000000002416
-59,-128.75,0.71050000000000002043,0.71050000000000002043
-58,-128.75,0.88880000000000003446,0.88880000000000003446
-57,-128.75,0.61650000000000004796,0.61650000000000004796
-56,-128.75,0.17000000000000001221,0.17000000000000001221
-55,-128.75,0.10059999999999999498,0.10059999999999999498
-54,-128.75,0.12410000000000000198,0.12410000000000000198
-53,-128.75,0.1575999999999999901,0.1575999999999999901
-52,-128.75,0.20699999999999998956,0.20699999999999998956
-51,-128.75,0.27100000000000001865,0.27100000000000001865
-50,-128.75,0.25,0.25
-49,-128.75,0.38030000000000002691,0.38030000000000002691
-48,-128.75,0.51039999999999996483,0.51039999999999996483
-47,-128.75,0.12559999999999998943,0.12559999999999998943
-46,-128.75,0.062399999999999997136,0.062399999999999997136
-45,-128.75,0.025000000000000001388,0.025000000000000001388
-44,-128.75,0.078700000000000006062,0.078700000000000006062
-43,-128.75,0.13150000000000000577,0.13150000000000000577
-42,-128.75,0.17399999999999998801,0.17399999999999998801
-41,-128.75,0.36170000000000002149,0.36170000000000002149
-40,-128.75,0.97840000000000004743,0.97840000000000004743
-39,-128.75,0.9526999999999999913,0.9526999999999999913
-38,-128.75,0.9786000000000000254,0.9786000000000000254
-37,-128.75,0.97479999999999999982,0.97479999999999999982
-36,-128.75,0.92159999999999997478,0.92159999999999997478
-35,-128.75,0.6974000000000000199,0.6974000000000000199
-34,-128.75,0.22029999999999999583,0.22029999999999999583
-33,-128.75,0.20519999999999999352,0.20519999999999999352
-32,-128.75,0.27200000000000001954,0.27200000000000001954
-31,-128.75,0.14879999999999998783,0.14879999999999998783
-30,-128.75,0.11139999999999999902,0.11139999999999999902
-29,-128.75,0.25809999999999999609,0.25809999999999999609
-28,-128.75,0.23790000000000000036,0.23790000000000000036
-27,-128.75,0.13869999999999998996,0.13869999999999998996
-26,-128.75,0.21890000000000001124,0.21890000000000001124
-25,-128.75,0.17690000000000000169,0.17690000000000000169
-24,-128.75,0.12479999999999999427,0.12479999999999999427
-23,-128.75,0.2535999999999999921,0.2535999999999999921
-22,-128.75,0.33779999999999998916,0.33779999999999998916
-21,-128.75,0.42609999999999997877,0.42609999999999997877
-20,-128.75,0.44030000000000002469,0.44030000000000002469
-19,-128.75,0.49509999999999998455,0.49509999999999998455
-18,-128.75,0.62790000000000001368,0.62790000000000001368
-17,-128.75,0.72170000000000000817,0.72170000000000000817
-16,-128.75,0.90129999999999999005,0.90129999999999999005
-15,-128.75,1,1
-14,-128.75,0.99329999999999996074,0.99329999999999996074
-13,-128.75,0.68940000000000001279,0.68940000000000001279
-12,-128.75,0.76839999999999997193,0.76839999999999997193
-11,-128.75,0.55340000000000000302,0.55340000000000000302
-10,-128.75,0.22289999999999998703,0.22289999999999998703
-9,-128.75,0.17780000000000001359,0.17780000000000001359
-8,-128.75,0.35610000000000002762,0.35610000000000002762
-7,-128.75,0.73329999999999995186,0.73329999999999995186
-6,-128.75,0.98509999999999997566,0.98509999999999997566
-5,-128.75,0.95550000000000001599,0.95550000000000001599
-4,-128.75,0.96919999999999995044,0.96919999999999995044
-3,-128.75,0.32790000000000002478,0.32790000000000002478
-2,-128.75,0.076799999999999993272,0.076799999999999993272
-1,-128.75,0.00020000000000000000958,0.00020000000000000000958
0,-128.75,0.00010000000000000000479,0.00010000000000000000479
1,-128.75,0.00010000000000000000479,0.00010000000000000000479
2,-128.75,0.00020000000000000000958,0.00020000000000000000958
3,-128.75,0.00050000000000000001041,0.00050000000000000001041
4,-128.75,0.00020000000000000000958,0.00020000000000000000958
5,-128.75,0.00010000000000000000479,0.00010000000000000000479
6,-128.75,0,0
7,-128.75,0.032000000000000000666,0.032000000000000000666
8,-128.75,0.57589999999999996749,0.57589999999999996749
9,-128.75,0.88959999999999994635,0.88959999999999994635
10,-128.75,0.48940000000000000169,0.48940000000000000169
11,-128.75,0.33689999999999997726,0.33689999999999997726
12,-128.75,0.62309999999999998721,0.62309999999999998721
13,-128.75,0.97870000000000001439,0.97870000000000001439
14,-128.75,0.67400000000000004352,0.67400000000000004352
15,-128.75,0.33469999999999999751,0.33469999999999999751
16,-128.75,0.15310000000000001386,0.15310000000000001386
17,-128.75,0.15379999999999999227,0.15379999999999999227
18,-128.75,0.29799999999999998712,0.29799999999999998712
19,-128.75,0.50880000000000003002,0.50880000000000003002
20,-128.75,0.39319999999999999396,0.39319999999999999396
21,-128.75,0.16420000000000001261,0.16420000000000001261
22,-128.75,0.024699999999999999734,0.024699999999999999734
23,-128.75,0.098900000000000001799,0.098900000000000001799
24,-128.75,0.42530000000000001137,0.42530000000000001137
25,-128.75,0.57350000000000000977,0.57350000000000000977
26,-128.75,0.76339999999999996749,0.76339999999999996749
27,-128.75,0.8186999999999999833,0.8186999999999999833
28,-128.75,0.78890000000000004565,0.78890000000000004565
29,-128.75,0.5473000000000000087,0.5473000000000000087
30,-128.75,0.5188000000000000389,0.5188000000000000389
31,-128.75,0.58579999999999998739,0.58579999999999998739
32,-128.75,0.51129999999999997673,0.51129999999999997673
33,-128.75,0.5659999999999999476,0.5659999999999999476
34,-128.75,0.66949999999999998401,0.66949999999999998401
35,-128.75,0.7465000000000000524,0.7465000000000000524
36,-128.75,0.71099999999999996536,0.71099999999999996536
37,-128.75,0.87700000000000000178,0.87700000000000000178
38,-128.75,0.8186999999999999833,0.8186999999999999833
39,-128.75,0.59770000000000000906,0.59770000000000000906
40,-128.75,0.61750000000000004885,0.61750000000000004885
41,-128.75,0.69620000000000004103,0.69620000000000004103
42,-128.75,0.74250000000000004885,0.74250000000000004885
43,-128.75,0.80679999999999996163,0.80679999999999996163
44,-128.75,0.83540000000000003144,0.83540000000000003144
45,-128.75,0.95909999999999995257,0.95909999999999995257
46,-128.75,0.99539999999999995151,0.99539999999999995151
47,-128.75,0.92279999999999995364,0.92279999999999995364
48,-128.75,0.82220000000000004192,0.82220000000000004192
49,-128.75,0.76329999999999997851,0.76329999999999997851
50,-128.75,0.2902000000000000135,0.2902000000000000135
51,-128.75,0.19380000000000000004,0.19380000000000000004
52,-128.75,0.53900000000000003464,0.53900000000000003464
53,-128.75,0.91990000000000005098,0.91990000000000005098
54,-128.75,0.97230000000000005311,0.97230000000000005311
55,-128.75,0.96919999999999995044,0.96919999999999995044
56,-128.75,0.88109999999999999432,0.88109999999999999432
57,-128.75,0.99490000000000000657,0.99490000000000000657
58,-128.75,0.98189999999999999503,0.98189999999999999503
59,-128.75,0.96230000000000004423,0.96230000000000004423
60,-128.75,0.99619999999999997442,0.99619999999999997442
61,-128.75,0.69030000000000002469,0.69030000000000002469
62,-128.75,0.31409999999999999032,0.31409999999999999032
63,-128.75,0.28239999999999998437,0.28239999999999998437
64,-128.75,0.76400000000000001243,0.76400000000000001243
65,-128.75,0.1865999999999999881,0.1865999999999999881
66,-128.75,0.88980000000000003535,0.88980000000000003535
67,-128.75,0.89259999999999994902,0.89259999999999994902
68,-128.75,0.70740000000000002878,0.70740000000000002878
69,-128.75,0.78480000000000005311,0.78480000000000005311
70,-128.75,0.88810000000000000053,0.88810000000000000053
-69,-127.5,0.64280000000000003801,0.64280000000000003801
-68,-127.5,0.29299999999999998268,0.29299999999999998268
-67,-127.5,0.18950000000000000178,0.18950000000000000178
-66,-127.5,0.18800000000000000044,0.18800000000000000044
-65,-127.5,0.27579999999999998961,0.27579999999999998961
-64,-127.5,0.44759999999999999787,0.44759999999999999787
-63,-127.5,0.61660000000000003695,0.61660000000000003695
-62,-127.5,0.86609999999999998099,0.86609999999999998099
-61,-127.5,0.91590000000000004743,0.91590000000000004743
-60,-127.5,0.77190000000000003055,0.77190000000000003055
-59,-127.5,0.82799999999999995826,0.82799999999999995826
-58,-127.5,0.76690000000000002611,0.76690000000000002611
-57,-127.5,0.28189999999999998392,0.28189999999999998392
-56,-127.5,0.073099999999999998312,0.073099999999999998312
-55,-127.5,0.086699999999999999289,0.086699999999999999289
-54,-127.5,0.099400000000000002243,0.099400000000000002243
-53,-127.5,0.070800000000000001821,0.070800000000000001821
-52,-127.5,0.09869999999999999607,0.09869999999999999607
-51,-127.5,0.23860000000000000653,0.23860000000000000653
-50,-127.5,0.33539999999999997593,0.33539999999999997593
-49,-127.5,0.34399999999999997247,0.34399999999999997247
-48,-127.5,0.1665000000000000091,0.1665000000000000091
-47,-127.5,0.053100000000000001366,0.053100000000000001366
-46,-127.5,0.079000000000000000777,0.079000000000000000777
-45,-127.5,0.055300000000000001932,0.055300000000000001932
-44,-127.5,0.11799999999999999378,0.11799999999999999378
-43,-127.5,0.25380000000000002558,0.25380000000000002558
-42,-127.5,0.56810000000000004938,0.56810000000000004938
-41,-127.5,0.93730000000000002203,0.93730000000000002203
-40,-127.5,0.7509000000000000119,0.7509000000000000119
-39,-127.5,0.98929999999999995719,0.98929999999999995719
-38,-127.5,0.99390000000000000568,0.99390000000000000568
-37,-127.5,0.74450000000000005063,0.74450000000000005063
-36,-127.5,0.72889999999999999236,0.72889999999999999236
-35,-127.5,0.48790000000000000036,0.48790000000000000036
-34,-127.5,0.31929999999999997273,0.31929999999999997273
-33,-127.5,0.52790000000000003588,0.52790000000000003588
-32,-127.5,0.35389999999999999236,0.35389999999999999236
-31,-127.5,0.1710000000000000131,0.1710000000000000131
-30,-127.5,0.18990000000000001323,0.18990000000000001323
-29,-127.5,0.21029999999999998694,0.21029999999999998694
-28,-127.5,0.21190000000000000502,0.21190000000000000502
-27,-127.5,0.22609999999999999543,0.22609999999999999543
-26,-127.5,0.28599999999999997646,0.28599999999999997646
-25,-127.5,0.1839000000000000079,0.1839000000000000079
-24,-127.5,0.18599999999999999867,0.18599999999999999867
-23,-127.5,0.28999999999999998002,0.28999999999999998002
-22,-127.5,0.43609999999999998765,0.43609999999999998765
-21,-127.5,0.45060000000000000053,0.45060000000000000053
-20,-127.5,0.80140000000000000124,0.80140000000000000124
-19,-127.5,0.76190000000000002167,0.76190000000000002167
-18,-127.5,0.76719999999999999307,0.76719999999999999307
-17,-127.5,0.95079999999999997851,0.95079999999999997851
-16,-127.5,0.92740000000000000213,0.92740000000000000213
-15,-127.5,0.99939999999999995506,0.99939999999999995506
-14,-127.5,0.95389999999999997016,0.95389999999999997016
-13,-127.5,0.75670000000000003926,0.75670000000000003926
-12,-127.5,0.73499999999999998668,0.73499999999999998668
-11,-127.5,0.62419999999999997708,0.62419999999999997708
-10,-127.5,0.24879999999999999338,0.24879999999999999338
-9,-127.5,0.14249999999999998779,0.14249999999999998779
-8,-127.5,0.40279999999999999138,0.40279999999999999138
-7,-127.5,0.82969999999999999307,0.82969999999999999307
-6,-127.5,0.97889999999999999236,0.97889999999999999236
-5,-127.5,0.92179999999999995275,0.92179999999999995275
-4,-127.5,0.88539999999999996483,0.88539999999999996483
-3,-127.5,0.48230000000000000648,0.48230000000000000648
-2,-127.5,0.075700000000000003397,0.075700000000000003397
-1,-127.5,0.00029999999999999997372,0.00029999999999999997372
0,-127.5,0.00010000000000000000479,0.00010000000000000000479
1,-127.5,0.00010000000000000000479,0.00010000000000000000479
2,-127.5,0.00040000000000000001917,0.00040000000000000001917
3,-127.5,0.00029999999999999997372,0.00029999999999999997372
4,-127.5,0,0
5,-127.5,0.00029999999999999997372,0.00029999999999999997372
6,-127.5,0,0
7,-127.5,0.0269000000000000003,0.0269000000000000003
8,-127.5,0.56969999999999998419,0.56969999999999998419
9,-127.5,0.83050000000000001599,0.83050000000000001599
10,-127.5,0.73109999999999997211,0.73109999999999997211
11,-127.5,0.5018000000000000238,0.5018000000000000238
12,-127.5,0.71889999999999998348,0.71889999999999998348
13,-127.5,0.86680000000000001492,0.86680000000000001492
14,-127.5,0.72780000000000000249,0.72780000000000000249
15,-127.5,0.51870000000000004992,0.51870000000000004992
16,-127.5,0.21340000000000000635,0.21340000000000000635
17,-127.5,0.073499999999999995892,0.073499999999999995892
18,-127.5,0.12700000000000000178,0.12700000000000000178
19,-127.5,0.25500000000000000444,0.25500000000000000444
20,-127.5,0.12550000000000000044,0.12550000000000000044
21,-127.5,0.070699999999999998956,0.070699999999999998956
22,-127.5,0.054399999999999996969,0.054399999999999996969
23,-127.5,0.10979999999999999483,0.10979999999999999483
24,-127.5,0.29170000000000001483,0.29170000000000001483
25,-127.5,0.47539999999999998925,0.47539999999999998925
26,-127.5,0.60960000000000003073,0.60960000000000003073
27,-127.5,0.80200000000000004619,0.80200000000000004619
28,-127.5,0.8938000000000000389,0.8938000000000000389
29,-127.5,0.85309999999999996945,0.85309999999999996945
30,-127.5,0.85099999999999997868,0.85099999999999997868
31,-127.5,0.91939999999999999503,0.91939999999999999503
32,-127.5,0.88309999999999999609,0.88309999999999999609
33,-127.5,0.80069999999999996732,0.80069999999999996732
34,-127.5,0.69010000000000004672,0.69010000000000004672
35,-127.5,0.64770000000000005347,0.64770000000000005347
36,-127.5,0.77210000000000000853,0.77210000000000000853
37,-127.5,0.88990000000000002434,0.88990000000000002434
38,-127.5,0.92779999999999995808,0.92779999999999995808
39,-127.5,0.71779999999999999361,0.71779999999999999361
40,-127.5,0.67430000000000001048,0.67430000000000001048
41,-127.5,0.73999999999999999112,0.73999999999999999112
42,-127.5,0.78220000000000000639,0.78220000000000000639
43,-127.5,0.84960000000000002185,0.84960000000000002185
44,-127.5,0.89049999999999995826,0.89049999999999995826
45,-127.5,0.97050000000000002931,0.97050000000000002931
46,-127.5,0.97960000000000002629,0.97960000000000002629
47,-127.5,0.91359999999999996767,0.91359999999999996767
48,-127.5,0.75470000000000003748,0.75470000000000003748
49,-127.5,0.42339999999999999858,0.42339999999999999858
50,-127.5,0.15929999999999999716,0.15929999999999999716
51,-127.5,0.105999999999999997,0.105999999999999997
52,-127.5,0.31149999999999999911,0.31149999999999999911
53,-127.5,0.67569999999999996732,0.67569999999999996732
54,-127.5,0.76459999999999994635,0.76459999999999994635
55,-127.5,0.98870000000000002327,0.98870000000000002327
56,-127.5,0.99699999999999999734,0.99699999999999999734
57,-127.5,0.96999999999999997335,0.96999999999999997335
58,-127.5,0.98270000000000001794,0.98270000000000001794
59,-127.5,0.9251000000000000334,0.9251000000000000334
60,-127.5,0.93799999999999994493,0.93799999999999994493
61,-127.5,0.99919999999999997708,0.99919999999999997708
62,-127.5,0.68999999999999994671,0.68999999999999994671
63,-127.5,0.94110000000000004761,0.94110000000000004761
64,-127.5,0.90829999999999999627,0.90829999999999999627
65,-127.5,0.38969999999999999085,0.38969999999999999085
66,-127.5,0.98070000000000001616,0.98070000000000001616
67,-127.5,0.80679999999999996163,0.80679999999999996163
68,-127.5,0.49499999999999999556,0.49499999999999999556
69,-127.5,0.66569999999999995843,0.66569999999999995843
70,-127.5,0.8811999999999999833,0.8811999999999999833
-69,-126.25,0.61690000000000000391,0.61690000000000000391
-68,-126.25,0.29849999999999998757,0.29849999999999998757
-67,-126.25,0.21049999999999999267,0.21049999999999999267
-66,-126.25,0.19589999999999999081,0.19589999999999999081
-65,-126.25,0.28199999999999997291,0.28199999999999997291
-64,-126.25,0.3418999999999999817,0.3418999999999999817
-63,-126.25,0.58169999999999999485,0.58169999999999999485
-62,-126.25,0.88409999999999999698,0.88409999999999999698
-61,-126.25,0.90700000000000002842,0.90700000000000002842
-60,-126.25,0.70840000000000002967,0.70840000000000002967
-59,-126.25,0.89490000000000002878,0.89490000000000002878
-58,-126.25,0.52659999999999995701,0.52659999999999995701
-57,-126.25,0.23649999999999998801,0.23649999999999998801
-56,-126.25,0.044400000000000001965,0.044400000000000001965
-55,-126.25,0.058299999999999997657,0.058299999999999997657
-54,-126.25,0.039699999999999999178,0.039699999999999999178
-53,-126.25,0.030099999999999998285,0.030099999999999998285
-52,-126.25,0.083099999999999993316,0.083099999999999993316
-51,-126.25,0.15640000000000001124,0.15640000000000001124
-50,-126.25,0.22090000000000001301,0.22090000000000001301
-49,-126.25,0.30520000000000002682,0.30520000000000002682
-48,-126.25,0.12139999999999999403,0.12139999999999999403
-47,-126.25,0.12489999999999999714,0.12489999999999999714
-46,-126.25,0.22420000000000001039,0.22420000000000001039
-45,-126.25,0.094100000000000003086,0.094100000000000003086
-44,-126.25,0.26419999999999999041,0.26419999999999999041
-43,-126.25,0.59199999999999997069,0.59199999999999997069
-42,-126.25,0.79959999999999997744,0.79959999999999997744
-41,-126.25,0.65939999999999998614,0.65939999999999998614
-40,-126.25,0.8329999999999999627,0.8329999999999999627
-39,-126.25,0.97580000000000000071,0.97580000000000000071
-38,-126.25,0.96730000000000004867,0.96730000000000004867
-37,-126.25,0.51839999999999997193,0.51839999999999997193
-36,-126.25,0.56569999999999998064,0.56569999999999998064
-35,-126.25,0.4777000000000000135,0.4777000000000000135
-34,-126.25,0.40060000000000001164,0.40060000000000001164
-33,-126.25,0.60229999999999994653,0.60229999999999994653
-32,-126.25,0.47349999999999997646,0.47349999999999997646
-31,-126.25,0.25390000000000001457,0.25390000000000001457
-30,-126.25,0.19719999999999998641,0.19719999999999998641
-29,-126.25,0.24219999999999999862,0.24219999999999999862
-28,-126.25,0.34799999999999997602,0.34799999999999997602
-27,-126.25,0.62160000000000004139,0.62160000000000004139
-26,-126.25,0.50300000000000000266,0.50300000000000000266
-25,-126.25,0.31730000000000002647,0.31730000000000002647
-24,-126.25,0.34220000000000000417,0.34220000000000000417
-23,-126.25,0.38579999999999997629,0.38579999999999997629
-22,-126.25,0.39460000000000000631,0.39460000000000000631
-21,-126.25,0.59960000000000002185,0.59960000000000002185
-20,-126.25,0.93500000000000005329,0.93500000000000005329
-19,-126.25,0.83279999999999998472,0.83279999999999998472
-18,-126.25,0.65300000000000002487,0.65300000000000002487
-17,-126.25,0.84979999999999999982,0.84979999999999999982
-16,-126.25,0.90790000000000004032,0.90790000000000004032
-15,-126.25,0.98689999999999999947,0.98689999999999999947
-14,-126.25,0.94169999999999998153,0.94169999999999998153
-13,-126.25,0.7920000000000000373,0.7920000000000000373
-12,-126.25,0.50490000000000001545,0.50490000000000001545
-11,-126.25,0.49159999999999998144,0.49159999999999998144
-10,-126.25,0.24790000000000000924,0.24790000000000000924
-9,-126.25,0.12870000000000000884,0.12870000000000000884
-8,-126.25,0.45229999999999997984,0.45229999999999997984
-7,-126.25,0.89829999999999998739,0.89829999999999998739
-6,-126.25,0.91649999999999998135,0.91649999999999998135
-5,-126.25,0.77539999999999997815,0.77539999999999997815
-4,-126.25,0.6813000000000000167,0.6813000000000000167
-3,-126.25,0.53729999999999999982,0.53729999999999999982
-2,-126.25,0.081799999999999997713,0.081799999999999997713
-1,-126.25,0.00010000000000000000479,0.00010000000000000000479
0,-126.25,0.00029999999999999997372,0.00029999999999999997372
1,-126.25,0.00020000000000000000958,0.00020000000000000000958
2,-126.25,0.00069999999999999999289,0.00069999999999999999289
3,-126.25,0.00089999999999999997537,0.00089999999999999997537
4,-126.25,0.00029999999999999997372,0.00029999999999999997372
5,-126.25,0.00029999999999999997372,0.00029999999999999997372
6,-126.25,0.00020000000000000000958,0.00020000000000000000958
7,-126.25,0.028400000000000001632,0.028400000000000001632
8,-126.25,0.54769999999999996465,0.54769999999999996465
9,-126.25,0.77559999999999995612,0.77559999999999995612
10,-126.25,0.71719999999999994866,0.71719999999999994866
11,-126.25,0.43540000000000000924,0.43540000000000000924
12,-126.25,0.59979999999999999982,0.59979999999999999982
13,-126.25,0.64410000000000000586,0.64410000000000000586
14,-126.25,0.56369999999999997886,0.56369999999999997886
15,-126.25,0.50739999999999996216,0.50739999999999996216
16,-126.25,0.27069999999999999618,0.27069999999999999618
17,-126.25,0.042000000000000002609,0.042000000000000002609
18,-126.25,0.0625,0.0625
19,-126.25,0.18770000000000000573,0.18770000000000000573
20,-126.25,0.14310000000000000497,0.14310000000000000497
21,-126.25,0.03250000000000000111,0.03250000000000000111
22,-126.25,0.072099999999999997424,0.072099999999999997424
23,-126.25,0.084500000000000005662,0.084500000000000005662
24,-126.25,0.12790000000000001368,0.12790000000000001368
25,-126.25,0.21599999999999999756,0.21599999999999999756
26,-126.25,0.24740000000000000879,0.24740000000000000879
27,-126.25,0.68610000000000004317,0.68610000000000004317
28,-126.25,0.87119999999999997442,0.87119999999999997442
29,-126.25,0.92300000000000004263,0.92300000000000004263
30,-126.25,0.95950000000000001954,0.95950000000000001954
31,-126.25,0.92979999999999995985,0.92979999999999995985
32,-126.25,0.98470000000000001972,0.98470000000000001972
33,-126.25,0.93879999999999996785,0.93879999999999996785
34,-126.25,0.84089999999999998082,0.84089999999999998082
35,-126.25,0.84550000000000002931,0.84550000000000002931
36,-126.25,0.9402000000000000357,0.9402000000000000357
37,-126.25,0.97519999999999995577,0.97519999999999995577
38,-126.25,0.96409999999999995701,0.96409999999999995701
39,-126.25,0.8650999999999999801,0.8650999999999999801
40,-126.25,0.7651999999999999913,0.7651999999999999913
41,-126.25,0.74839999999999995417,0.74839999999999995417
42,-126.25,0.84130000000000004778,0.84130000000000004778
43,-126.25,0.92540000000000000036,0.92540000000000000036
44,-126.25,0.94159999999999999254,0.94159999999999999254
45,-126.25,0.96050000000000002043,0.96050000000000002043
46,-126.25,0.9090000000000000302,0.9090000000000000302
47,-126.25,0.84060000000000001386,0.84060000000000001386
48,-126.25,0.68459999999999998632,0.68459999999999998632
49,-126.25,0.35499999999999998224,0.35499999999999998224
50,-126.25,0.23719999999999999418,0.23719999999999999418
51,-126.25,0.15240000000000000768,0.15240000000000000768
52,-126.25,0.21599999999999999756,0.21599999999999999756
53,-126.25,0.29299999999999998268,0.29299999999999998268
54,-126.25,0.56120000000000003215,0.56120000000000003215
55,-126.25,0.97179999999999999716,0.97179999999999999716
56,-126.25,0.76139999999999996572,0.76139999999999996572
57,-126.25,0.65049999999999996714,0.65049999999999996714
58,-126.25,0.89390000000000002789,0.89390000000000002789
59,-126.25,0.63639999999999996572,0.63639999999999996572
60,-126.25,0.95689999999999997282,0.95689999999999997282
61,-126.25,0.99690000000000000835,0.99690000000000000835
62,-126.25,0.97279999999999999805,0.97279999999999999805
63,-126.25,0.9891999999999999682,0.9891999999999999682
64,-126.25,0.80240000000000000213,0.80240000000000000213
65,-126.25,0.4045000000000000262,0.4045000000000000262
66,-126.25,0.9668999999999999817,0.9668999999999999817
67,-126.25,0.79059999999999996945,0.79059999999999996945
68,-126.25,0.44669999999999998597,0.44669999999999998597
69,-126.25,0.54630000000000000782,0.54630000000000000782
70,-126.25,0.80710000000000003961,0.80710000000000003961
-69,-125,0.60219999999999995755,0.60219999999999995755
-68,-125,0.33900000000000002354,0.33900000000000002354
-67,-125,0.27219999999999999751,0.27219999999999999751
-66,-125,0.20949999999999999178,0.20949999999999999178
-65,-125,0.26450000000000001288,0.26450000000000001288
-64,-125,0.31530000000000002469,0.31530000000000002469
-63,-125,0.70069999999999998952,0.70069999999999998952
-62,-125,0.96450000000000002398,0.96450000000000002398
-61,-125,0.91690000000000004832,0.91690000000000004832
-60,-125,0.80530000000000001581,0.80530000000000001581
-59,-125,0.91120000000000000995,0.91120000000000000995
-58,-125,0.61250000000000004441,0.61250000000000004441
-57,-125,0.27529999999999998916,0.27529999999999998916
-56,-125,0.048399999999999998579,0.048399999999999998579
-55,-125,0.044999999999999998335,0.044999999999999998335
-54,-125,0.020000000000000000416,0.020000000000000000416
-53,-125,0.017100000000000000616,0.017100000000000000616
-52,-125,0.062600000000000002864,0.062600000000000002864
-51,-125,0.10549999999999999656,0.10549999999999999656
-50,-125,0.2036000000000000032,0.2036000000000000032
-49,-125,0.30669999999999997264,0.30669999999999997264
-48,-125,0.17119999999999999107,0.17119999999999999107
-47,-125,0.25380000000000002558,0.25380000000000002558
-46,-125,0.24119999999999999774,0.24119999999999999774
-45,-125,0.11429999999999999882,0.11429999999999999882
-44,-125,0.34749999999999997558,0.34749999999999997558
-43,-125,0.76459999999999994635,0.76459999999999994635
-42,-125,0.80549999999999999378,0.80549999999999999378
-41,-125,0.96550000000000002487,0.96550000000000002487
-40,-125,0.89949999999999996625,0.89949999999999996625
-39,-125,0.99809999999999998721,0.99809999999999998721
-38,-125,0.89070000000000004725,0.89070000000000004725
-37,-125,0.5597999999999999643,0.5597999999999999643
-36,-125,0.53339999999999998526,0.53339999999999998526
-35,-125,0.46999999999999997335,0.46999999999999997335
-34,-125,0.4874999999999999889,0.4874999999999999889
-33,-125,0.71840000000000003855,0.71840000000000003855
-32,-125,0.59730000000000005311,0.59730000000000005311
-31,-125,0.31590000000000001412,0.31590000000000001412
-30,-125,0.36309999999999997833,0.36309999999999997833
-29,-125,0.58030000000000003801,0.58030000000000003801
-28,-125,0.61199999999999998845,0.61199999999999998845
-27,-125,0.85219999999999995755,0.85219999999999995755
-26,-125,0.64800000000000002043,0.64800000000000002043
-25,-125,0.41620000000000001439,0.41620000000000001439
-24,-125,0.44509999999999999565,0.44509999999999999565
-23,-125,0.44840000000000002078,0.44840000000000002078
-22,-125,0.61770000000000002682,0.61770000000000002682
-21,-125,0.86290000000000000036,0.86290000000000000036
-20,-125,0.8418999999999999817,0.8418999999999999817
-19,-125,0.78649999999999997691,0.78649999999999997691
-18,-125,0.58099999999999996092,0.58099999999999996092
-17,-125,0.75680000000000002824,0.75680000000000002824
-16,-125,0.98740000000000005542,0.98740000000000005542
-15,-125,0.9572000000000000508,0.9572000000000000508
-14,-125,0.91669999999999995932,0.91669999999999995932
-13,-125,0.57089999999999996305,0.57089999999999996305
-12,-125,0.46970000000000000639,0.46970000000000000639
-11,-125,0.44579999999999997407,0.44579999999999997407
-10,-125,0.26590000000000002522,0.26590000000000002522
-9,-125,0.13559999999999999831,0.13559999999999999831
-8,-125,0.50749999999999995115,0.50749999999999995115
-7,-125,0.91890000000000005009,0.91890000000000005009
-6,-125,0.93269999999999997353,0.93269999999999997353
-5,-125,0.72209999999999996412,0.72209999999999996412
-4,-125,0.63690000000000002167,0.63690000000000002167
-3,-125,0.51959999999999995079,0.51959999999999995079
-2,-125,0.079000000000000000777,0.079000000000000000777
-1,-125,0.00069999999999999999289,0.00069999999999999999289
0,-125,0.00040000000000000001917,0.00040000000000000001917
1,-125,0.00029999999999999997372,0.00029999999999999997372
2,-125,0.00059999999999999994744,0.00059999999999999994744
3,-125,0.00040000000000000001917,0.00040000000000000001917
4,-125,0,0
5,-125,0.00020000000000000000958,0.00020000000000000000958
6,-125,0.0011999999999999998949,0.0011999999999999998949
7,-125,0.029299999999999999656,0.029299999999999999656
8,-125,0.45939999999999997504,0.45939999999999997504
9,-125,0.65469999999999994866,0.65469999999999994866
10,-125,0.45129999999999997895,0.45129999999999997895
11,-125,0.63560000000000005382,0.63560000000000005382
12,-125,0.56810000000000004938,0.56810000000000004938
13,-125,0.76600000000000001421,0.76600000000000001421
14,-125,0.47160000000000001918,0.47160000000000001918
15,-125,0.35820000000000001839,0.35820000000000001839
16,-125,0.18129999999999998894,0.18129999999999998894
17,-125,0.033300000000000003209,0.033300000000000003209
18,-125,0.067299999999999998712,0.067299999999999998712
19,-125,0.22150000000000000244,0.22150000000000000244
20,-125,0.24720000000000000306,0.24720000000000000306
21,-125,0.10420000000000000095,0.10420000000000000095
22,-125,0.10539999999999999369,0.10539999999999999369
23,-125,0.078600000000000003197,0.078600000000000003197
24,-125,0.050099999999999998701,0.050099999999999998701
25,-125,0.085800000000000001266,0.085800000000000001266
26,-125,0.21529999999999999138,0.21529999999999999138
27,-125,0.57250000000000000888,0.57250000000000000888
28,-125,0.82509999999999994458,0.82509999999999994458
29,-125,0.91759999999999997122,0.91759999999999997122
30,-125,0.99550000000000005151,0.99550000000000005151
31,-125,0.91320000000000001172,0.91320000000000001172
32,-125,0.95150000000000001243,0.95150000000000001243
33,-125,0.98839999999999994529,0.98839999999999994529
34,-125,0.98419999999999996376,0.98419999999999996376
35,-125,0.98809999999999997833,0.98809999999999997833
36,-125,0.95479999999999998206,0.95479999999999998206
37,-125,0.95189999999999996838,0.95189999999999996838
38,-125,0.95950000000000001954,0.95950000000000001954
39,-125,0.89480000000000003979,0.89480000000000003979
40,-125,0.83899999999999996803,0.83899999999999996803
41,-125,0.87629999999999996785,0.87629999999999996785
42,-125,0.93579999999999996518,0.93579999999999996518
43,-125,0.90510000000000001563,0.90510000000000001563
44,-125,0.96350000000000002309,0.96350000000000002309
45,-125,0.93200000000000005063,0.93200000000000005063
46,-125,0.88800000000000001155,0.88800000000000001155
47,-125,0.776699999999999946,0.776699999999999946
48,-125,0.6596999999999999531,0.6596999999999999531
49,-125,0.50490000000000001545,0.50490000000000001545
50,-125,0.19389999999999998903,0.19389999999999998903
51,-125,0.15049999999999999489,0.15049999999999999489
52,-125,0.32129999999999997451,0.32129999999999997451
53,-125,0.32169999999999998597,0.32169999999999998597
54,-125,0.44409999999999999476,0.44409999999999999476
55,-125,0.71209999999999995524,0.71209999999999995524
56,-125,0.45029999999999997806,0.45029999999999997806
57,-125,0.76370000000000004547,0.76370000000000004547
58,-125,0.57169999999999998597,0.57169999999999998597
59,-125,0.54900000000000004352,0.54900000000000004352
60,-125,0.82359999999999999876,0.82359999999999999876
61,-125,0.96220000000000005524,0.96220000000000005524
62,-125,0.96789999999999998259,0.96789999999999998259
63,-125,0.83469999999999999751,0.83469999999999999751
64,-125,0.82320000000000004281,0.82320000000000004281
65,-125,0.45950000000000001954,0.45950000000000001954
66,-125,0.91679999999999994831,0.91679999999999994831
67,-125,0.71450000000000002398,0.71450000000000002398
68,-125,0.40310000000000001386,0.40310000000000001386
69,-125,0.42890000000000000346,0.42890000000000000346
70,-125,0.58369999999999999662,0.58369999999999999662
-69,-123.75,0.59750000000000003109,0.59750000000000003109
-68,-123.75,0.44050000000000000266,0.44050000000000000266
-67,-123.75,0.31559999999999999165,0.31559999999999999165
-66,-123.75,0.17219999999999999196,0.17219999999999999196
-65,-123.75,0.24379999999999998894,0.24379999999999998894
-64,-123.75,0.41589999999999999192,0.41589999999999999192
-63,-123.75,0.74419999999999997264,0.74419999999999997264
-62,-123.75,0.99550000000000005151,0.99550000000000005151
-61,-123.75,0.81510000000000004672,0.81510000000000004672
-60,-123.75,0.68669999999999997708,0.68669999999999997708
-59,-123.75,0.92359999999999997655,0.92359999999999997655
-58,-123.75,0.64129999999999998117,0.64129999999999998117
-57,-123.75,0.19589999999999999081,0.19589999999999999081
-56,-123.75,0.05360000000000000181,0.05360000000000000181
-55,-123.75,0.031399999999999997358,0.031399999999999997358
-54,-123.75,0.01170000000000000033,0.01170000000000000033
-53,-123.75,0.012200000000000000774,0.012200000000000000774
-52,-123.75,0.060999999999999998668,0.060999999999999998668
-51,-123.75,0.13250000000000000666,0.13250000000000000666
-50,-123.75,0.17299999999999998712,0.17299999999999998712
-49,-123.75,0.26040000000000002034,0.26040000000000002034
-48,-123.75,0.41909999999999997256,0.41909999999999997256
-47,-123.75,0.45829999999999998517,0.45829999999999998517
-46,-123.75,0.3009000000000000008,0.3009000000000000008
-45,-123.75,0.10979999999999999483,0.10979999999999999483
-44,-123.75,0.28029999999999999361,0.28029999999999999361
-43,-123.75,0.65510000000000001563,0.65510000000000001563
-42,-123.75,0.59289999999999998259,0.59289999999999998259
-41,-123.75,0.74050000000000004707,0.74050000000000004707
-40,-123.75,0.98150000000000003908,0.98150000000000003908
-39,-123.75,0.98880000000000001226,0.98880000000000001226
-38,-123.75,0.78830000000000000071,0.78830000000000000071
-37,-123.75,0.58930000000000004601,0.58930000000000004601
-36,-123.75,0.69550000000000000711,0.69550000000000000711
-35,-123.75,0.50449999999999994849,0.50449999999999994849
-34,-123.75,0.55569999999999997176,0.55569999999999997176
-33,-123.75,0.48720000000000002194,0.48720000000000002194
-32,-123.75,0.37480000000000002203,0.37480000000000002203
-31,-123.75,0.53849999999999997868,0.53849999999999997868
-30,-123.75,0.69359999999999999432,0.69359999999999999432
-29,-123.75,0.86809999999999998277,0.86809999999999998277
-28,-123.75,0.82989999999999997105,0.82989999999999997105
-27,-123.75,0.8418999999999999817,0.8418999999999999817
-26,-123.75,0.62539999999999995595,0.62539999999999995595
-25,-123.75,0.50519999999999998241,0.50519999999999998241
-24,-123.75,0.56149999999999999911,0.56149999999999999911
-23,-123.75,0.57259999999999999787,0.57259999999999999787
-22,-123.75,0.71240000000000003322,0.71240000000000003322
-21,-123.75,0.78049999999999997158,0.78049999999999997158
-20,-123.75,0.6856999999999999762,0.6856999999999999762
-19,-123.75,0.69389999999999996128,0.69389999999999996128
-18,-123.75,0.6179000000000000048,0.6179000000000000048
-17,-123.75,0.83909999999999995701,0.83909999999999995701
-16,-123.75,0.98790000000000000036,0.98790000000000000036
-15,-123.75,0.97360000000000002096,0.97360000000000002096
-14,-123.75,0.8063000000000000167,0.8063000000000000167
-13,-123.75,0.46200000000000002176,0.46200000000000002176
-12,-123.75,0.54010000000000002451,0.54010000000000002451
-11,-123.75,0.40829999999999999627,0.40829999999999999627
-10,-123.75,0.20930000000000001381,0.20930000000000001381
-9,-123.75,0.15070000000000000062,0.15070000000000000062
-8,-123.75,0.64210000000000000409,0.64210000000000000409
-7,-123.75,0.94179999999999997051,0.94179999999999997051
-6,-123.75,0.86709999999999998188,0.86709999999999998188
-5,-123.75,0.68189999999999995062,0.68189999999999995062
-4,-123.75,0.75590000000000001634,0.75590000000000001634
-3,-123.75,0.44300000000000000488,0.44300000000000000488
-2,-123.75,0.082900000000000001465,0.082900000000000001465
-1,-123.75,0.0010000000000000000208,0.0010000000000000000208
0,-123.75,0.00010000000000000000479,0.00010000000000000000479
1,-123.75,0.00029999999999999997372,0.00029999999999999997372
2,-123.75,0.00069999999999999999289,0.00069999999999999999289
3,-123.75,0.00029999999999999997372,0.00029999999999999997372
4,-123.75,0.00069999999999999999289,0.00069999999999999999289
5,-123.75,0.00050000000000000001041,0.00050000000000000001041
6,-123.75,0.0030999999999999998911,0.0030999999999999998911
7,-123.75,0.034799999999999997602,0.034799999999999997602
8,-123.75,0.37149999999999999689,0.37149999999999999689
9,-123.75,0.64980000000000004423,0.64980000000000004423
10,-123.75,0.35280000000000000249,0.35280000000000000249
11,-123.75,0.50360000000000004761,0.50360000000000004761
12,-123.75,0.72460000000000002185,0.72460000000000002185
13,-123.75,0.75190000000000001279,0.75190000000000001279
14,-123.75,0.66349999999999997868,0.66349999999999997868
15,-123.75,0.33010000000000000453,0.33010000000000000453
16,-123.75,0.13409999999999999698,0.13409999999999999698
17,-123.75,0.061800000000000000766,0.061800000000000000766
18,-123.75,0.088700000000000001066,0.088700000000000001066
19,-123.75,0.36830000000000001625,0.36830000000000001625
20,-123.75,0.50760000000000005116,0.50760000000000005116
21,-123.75,0.44280000000000002691,0.44280000000000002691
22,-123.75,0.19309999999999999387,0.19309999999999999387
23,-123.75,0.065199999999999994071,0.065199999999999994071
24,-123.75,0.065100000000000005085,0.065100000000000005085
25,-123.75,0.022300000000000000377,0.022300000000000000377
26,-123.75,0.071099999999999996536,0.071099999999999996536
27,-123.75,0.39960000000000001075,0.39960000000000001075
28,-123.75,0.794599999999999973,0.794599999999999973
29,-123.75,0.96889999999999998348,0.96889999999999998348
30,-123.75,0.97570000000000001172,0.97570000000000001172
31,-123.75,0.80949999999999999734,0.80949999999999999734
32,-123.75,0.86499999999999999112,0.86499999999999999112
33,-123.75,0.82709999999999994635,0.82709999999999994635
34,-123.75,0.76410000000000000142,0.76410000000000000142
35,-123.75,0.88339999999999996305,0.88339999999999996305
36,-123.75,0.98080000000000000515,0.98080000000000000515
37,-123.75,0.90069999999999994511,0.90069999999999994511
38,-123.75,0.9124999999999999778,0.9124999999999999778
39,-123.75,0.83250000000000001776,0.83250000000000001776
40,-123.75,0.83069999999999999396,0.83069999999999999396
41,-123.75,0.85609999999999997211,0.85609999999999997211
42,-123.75,0.93210000000000003961,0.93210000000000003961
43,-123.75,0.80510000000000003784,0.80510000000000003784
44,-123.75,0.73699999999999998845,0.73699999999999998845
45,-123.75,0.73060000000000002718,0.73060000000000002718
46,-123.75,0.66590000000000004743,0.66590000000000004743
47,-123.75,0.70050000000000001155,0.70050000000000001155
48,-123.75,0.58930000000000004601,0.58930000000000004601
49,-123.75,0.47470000000000001084,0.47470000000000001084
50,-123.75,0.28949999999999997957,0.28949999999999997957
51,-123.75,0.16259999999999999454,0.16259999999999999454
52,-123.75,0.4526999999999999913,0.4526999999999999913
53,-123.75,0.36549999999999999156,0.36549999999999999156
54,-123.75,0.38540000000000002034,0.38540000000000002034
55,-123.75,0.45479999999999998206,0.45479999999999998206
56,-123.75,0.1807999999999999885,0.1807999999999999885
57,-123.75,0.24779999999999999249,0.24779999999999999249
58,-123.75,0.34460000000000001741,0.34460000000000001741
59,-123.75,0.98870000000000002327,0.98870000000000002327
60,-123.75,0.99629999999999996341,0.99629999999999996341
61,-123.75,0.93240000000000000657,0.93240000000000000657
62,-123.75,0.66600000000000003642,0.66600000000000003642
63,-123.75,0.52419999999999999929,0.52419999999999999929
64,-123.75,0.64180000000000003713,0.64180000000000003713
65,-123.75,0.70060000000000000053,0.70060000000000000053
66,-123.75,0.84440000000000003944,0.84440000000000003944
67,-123.75,0.55510000000000003784,0.55510000000000003784
68,-123.75,0.32150000000000000799,0.32150000000000000799
69,-123.75,0.22659999999999999587,0.22659999999999999587
70,-123.75,0.41549999999999998046,0.41549999999999998046
-69,-122.5,0.61209999999999997744,0.61209999999999997744
-68,-122.5,0.54500000000000003997,0.54500000000000003997
-67,-122.5,0.38619999999999998774,0.38619999999999998774
-66,-122.5,0.16309999999999999498,0.16309999999999999498
-65,-122.5,0.18019999999999999907,0.18019999999999999907
-64,-122.5,0.49049999999999999156,0.49049999999999999156
-63,-122.5,0.83830000000000004512,0.83830000000000004512
-62,-122.5,0.97940000000000004832,0.97940000000000004832
-61,-122.5,0.70150000000000001243,0.70150000000000001243
-60,-122.5,0.70909999999999995257,0.70909999999999995257
-59,-122.5,0.79000000000000003553,0.79000000000000003553
-58,-122.5,0.61250000000000004441,0.61250000000000004441
-57,-122.5,0.17119999999999999107,0.17119999999999999107
-56,-122.5,0.12289999999999999536,0.12289999999999999536
-55,-122.5,0.022200000000000000983,0.022200000000000000983
-54,-122.5,0.013899999999999999162,0.013899999999999999162
-53,-122.5,0.022800000000000000822,0.022800000000000000822
-52,-122.5,0.049399999999999999467,0.049399999999999999467
-51,-122.5,0.16680000000000000382,0.16680000000000000382
-50,-122.5,0.17829999999999998628,0.17829999999999998628
-49,-122.5,0.29970000000000002194,0.29970000000000002194
-48,-122.5,0.40720000000000000639,0.40720000000000000639
-47,-122.5,0.41860000000000002762,0.41860000000000002762
-46,-122.5,0.27360000000000000986,0.27360000000000000986
-45,-122.5,0.19300000000000000488,0.19300000000000000488
-44,-122.5,0.32329999999999997629,0.32329999999999997629
-43,-122.5,0.64410000000000000586,0.64410000000000000586
-42,-122.5,0.37169999999999997486,0.37169999999999997486
-41,-122.5,0.67069999999999996287,0.67069999999999996287
-40,-122.5,0.91979999999999995097,0.91979999999999995097
-39,-122.5,0.98399999999999998579,0.98399999999999998579
-38,-122.5,0.87700000000000000178,0.87700000000000000178
-37,-122.5,0.82130000000000003002,0.82130000000000003002
-36,-122.5,0.6677999999999999492,0.6677999999999999492
-35,-122.5,0.45960000000000000853,0.45960000000000000853
-34,-122.5,0.3295000000000000151,0.3295000000000000151
-33,-122.5,0.26169999999999998819,0.26169999999999998819
-32,-122.5,0.4259000000000000008,0.4259000000000000008
-31,-122.5,0.74109999999999998099,0.74109999999999998099
-30,-122.5,0.85150000000000003464,0.85150000000000003464
-29,-122.5,0.90490000000000003766,0.90490000000000003766
-28,-122.5,0.92779999999999995808,0.92779999999999995808
-27,-122.5,0.79130000000000000338,0.79130000000000000338
-26,-122.5,0.85060000000000002274,0.85060000000000002274
-25,-122.5,0.77190000000000003055,0.77190000000000003055
-24,-122.5,0.7447000000000000286,0.7447000000000000286
-23,-122.5,0.85370000000000001439,0.85370000000000001439
-22,-122.5,0.89580000000000004068,0.89580000000000004068
-21,-122.5,0.85109999999999996767,0.85109999999999996767
-20,-122.5,0.74229999999999995985,0.74229999999999995985
-19,-122.5,0.54649999999999998579,0.54649999999999998579
-18,-122.5,0.67300000000000004263,0.67300000000000004263
-17,-122.5,0.66139999999999998792,0.66139999999999998792
-16,-122.5,0.84160000000000001474,0.84160000000000001474
-15,-122.5,0.99580000000000001847,0.99580000000000001847
-14,-122.5,0.89570000000000005169,0.89570000000000005169
-13,-122.5,0.330400000000000027,0.330400000000000027
-12,-122.5,0.67130000000000000782,0.67130000000000000782
-11,-122.5,0.30909999999999998588,0.30909999999999998588
-10,-122.5,0.15920000000000000817,0.15920000000000000817
-9,-122.5,0.149499999999999994,0.149499999999999994
-8,-122.5,0.63639999999999996572,0.63639999999999996572
-7,-122.5,0.94230000000000002647,0.94230000000000002647
-6,-122.5,0.81620000000000003659,0.81620000000000003659
-5,-122.5,0.68189999999999995062,0.68189999999999995062
-4,-122.5,0.85129999999999994564,0.85129999999999994564
-3,-122.5,0.53000000000000002665,0.53000000000000002665
-2,-122.5,0.12189999999999999447,0.12189999999999999447
-1,-122.5,0.0012999999999999999403,0.0012999999999999999403
0,-122.5,0,0
1,-122.5,0,0
2,-122.5,0.00080000000000000003834,0.00080000000000000003834
3,-122.5,0.00069999999999999999289,0.00069999999999999999289
4,-122.5,0.00029999999999999997372,0.00029999999999999997372
5,-122.5,0.00050000000000000001041,0.00050000000000000001041
6,-122.5,0.00069999999999999999289,0.00069999999999999999289
7,-122.5,0.036200000000000003009,0.036200000000000003009
8,-122.5,0.48870000000000002327,0.48870000000000002327
9,-122.5,0.61560000000000003606,0.61560000000000003606
10,-122.5,0.28170000000000000595,0.28170000000000000595
11,-122.5,0.33210000000000000631,0.33210000000000000631
12,-122.5,0.60689999999999999503,0.60689999999999999503
13,-122.5,0.68889999999999995683,0.68889999999999995683
14,-122.5,0.64359999999999994991,0.64359999999999994991
15,-122.5,0.38669999999999998819,0.38669999999999998819
16,-122.5,0.14660000000000000808,0.14660000000000000808
17,-122.5,0.095500000000000001554,0.095500000000000001554
18,-122.5,0.1076000000000000012,0.1076000000000000012
19,-122.5,0.35649999999999998357,0.35649999999999998357
20,-122.5,0.59770000000000000906,0.59770000000000000906
21,-122.5,0.53410000000000001918,0.53410000000000001918
22,-122.5,0.27870000000000000329,0.27870000000000000329
23,-122.5,0.06909999999999999476,0.06909999999999999476
24,-122.5,0.018900000000000000133,0.018900000000000000133
25,-122.5,0.0094000000000000003691,0.0094000000000000003691
26,-122.5,0.028099999999999999978,0.028099999999999999978
27,-122.5,0.20899999999999999134,0.20899999999999999134
28,-122.5,0.70660000000000000586,0.70660000000000000586
29,-122.5,0.9427999999999999714,0.9427999999999999714
30,-122.5,0.99880000000000002114,0.99880000000000002114
31,-122.5,0.96660000000000001474,0.96660000000000001474
32,-122.5,0.86960000000000003961,0.86960000000000003961
33,-122.5,0.86070000000000002061,0.86070000000000002061
34,-122.5,0.78830000000000000071,0.78830000000000000071
35,-122.5,0.7286000000000000254,0.7286000000000000254
36,-122.5,0.92530000000000001137,0.92530000000000001137
37,-122.5,0.96279999999999998916,0.96279999999999998916
38,-122.5,0.95089999999999996749,0.95089999999999996749
39,-122.5,0.94999999999999995559,0.94999999999999995559
40,-122.5,0.89329999999999998295,0.89329999999999998295
41,-122.5,0.84899999999999997691,0.84899999999999997691
42,-122.5,0.94059999999999999165,0.94059999999999999165
43,-122.5,0.80910000000000004139,0.80910000000000004139
44,-122.5,0.66390000000000004565,0.66390000000000004565
45,-122.5,0.61539999999999994706,0.61539999999999994706
46,-122.5,0.45850000000000001865,0.45850000000000001865
47,-122.5,0.61129999999999995453,0.61129999999999995453
48,-122.5,0.43080000000000001625,0.43080000000000001625
49,-122.5,0.40789999999999998481,0.40789999999999998481
50,-122.5,0.41870000000000001661,0.41870000000000001661
51,-122.5,0.30040000000000000036,0.30040000000000000036
52,-122.5,0.3302999999999999825,0.3302999999999999825
53,-122.5,0.23180000000000000604,0.23180000000000000604
54,-122.5,0.36049999999999998712,0.36049999999999998712
55,-122.5,0.17799999999999999156,0.17799999999999999156
56,-122.5,0.031899999999999997802,0.031899999999999997802
57,-122.5,0.1749999999999999889,0.1749999999999999889
58,-122.5,0.6757999999999999563,0.6757999999999999563
59,-122.5,0.99319999999999997176,0.99319999999999997176
60,-122.5,0.91510000000000002451,0.91510000000000002451
61,-122.5,0.70509999999999994902,0.70509999999999994902
62,-122.5,0.58120000000000004992,0.58120000000000004992
63,-122.5,0.41370000000000001217,0.41370000000000001217
64,-122.5,0.63249999999999995115,0.63249999999999995115
65,-122.5,0.64039999999999996927,0.64039999999999996927
66,-122.5,0.79230000000000000426,0.79230000000000000426
67,-122.5,0.52890000000000003677,0.52890000000000003677
68,-122.5,0.24579999999999999072,0.24579999999999999072
69,-122.5,0.21270000000000000018,0.21270000000000000018
70,-122.5,0.3981999999999999984,0.3981999999999999984
-69,-121.25,0.69859999999999999876,0.69859999999999999876
-68,-121.25,0.65839999999999998526,0.65839999999999998526
-67,-121.25,0.41939999999999999503,0.41939999999999999503
-66,-121.25,0.18779999999999999472,0.18779999999999999472
-65,-121.25,0.14339999999999999969,0.14339999999999999969
-64,-121.25,0.47189999999999998614,0.47189999999999998614
-63,-121.25,0.9186999999999999611,0.9186999999999999611
-62,-121.25,0.87450000000000005507,0.87450000000000005507
-61,-121.25,0.55249999999999999112,0.55249999999999999112
-60,-121.25,0.669599999999999973,0.669599999999999973
-59,-121.25,0.74580000000000001847,0.74580000000000001847
-58,-121.25,0.52419999999999999929,0.52419999999999999929
-57,-121.25,0.21360000000000001208,0.21360000000000001208
-56,-121.25,0.26660000000000000364,0.26660000000000000364
-55,-121.25,0.038399999999999996636,0.038399999999999996636
-54,-121.25,0.04179999999999999688,0.04179999999999999688
-53,-121.25,0.06210000000000000242,0.06210000000000000242
-52,-121.25,0.073200000000000001177,0.073200000000000001177
-51,-121.25,0.14919999999999999929,0.14919999999999999929
-50,-121.25,0.16139999999999998792,0.16139999999999998792
-49,-121.25,0.23569999999999999285,0.23569999999999999285
-48,-121.25,0.21749999999999999889,0.21749999999999999889
-47,-121.25,0.1710000000000000131,0.1710000000000000131
-46,-121.25,0.22950000000000000955,0.22950000000000000955
-45,-121.25,0.3499999999999999778,0.3499999999999999778
-44,-121.25,0.58099999999999996092,0.58099999999999996092
-43,-121.25,0.63609999999999999876,0.63609999999999999876
-42,-121.25,0.71220000000000005524,0.71220000000000005524
-41,-121.25,0.36320000000000002283,0.36320000000000002283
-40,-121.25,0.67130000000000000782,0.67130000000000000782
-39,-121.25,0.96109999999999995435,0.96109999999999995435
-38,-121.25,0.91479999999999994653,0.91479999999999994653
-37,-121.25,0.74050000000000004707,0.74050000000000004707
-36,-121.25,0.36720000000000002638,0.36720000000000002638
-35,-121.25,0.30990000000000000879,0.30990000000000000879
-34,-121.25,0.34039999999999998037,0.34039999999999998037
-33,-121.25,0.39090000000000002522,0.39090000000000002522
-32,-121.25,0.59979999999999999982,0.59979999999999999982
-31,-121.25,0.9418999999999999595,0.9418999999999999595
-30,-121.25,0.96350000000000002309,0.96350000000000002309
-29,-121.25,0.96289999999999997815,0.96289999999999997815
-28,-121.25,0.83520000000000005347,0.83520000000000005347
-27,-121.25,0.70840000000000002967,0.70840000000000002967
-26,-121.25,0.88800000000000001155,0.88800000000000001155
-25,-121.25,0.96899999999999997247,0.96899999999999997247
-24,-121.25,0.92840000000000000302,0.92840000000000000302
-23,-121.25,0.88319999999999998508,0.88319999999999998508
-22,-121.25,0.82379999999999997673,0.82379999999999997673
-21,-121.25,0.77190000000000003055,0.77190000000000003055
-20,-121.25,0.62129999999999996341,0.62129999999999996341
-19,-121.25,0.52380000000000004334,0.52380000000000004334
-18,-121.25,0.62039999999999995151,0.62039999999999995151
-17,-121.25,0.61080000000000000959,0.61080000000000000959
-16,-121.25,0.76129999999999997673,0.76129999999999997673
-15,-121.25,0.99870000000000003215,0.99870000000000003215
-14,-121.25,0.62390000000000001013,0.62390000000000001013
-13,-121.25,0.26090000000000002078,0.26090000000000002078
-12,-121.25,0.63419999999999998597,0.63419999999999998597
-11,-121.25,0.28320000000000000728,0.28320000000000000728
-10,-121.25,0.081699999999999994849,0.081699999999999994849
-9,-121.25,0.12030000000000000415,0.12030000000000000415
-8,-121.25,0.67630000000000001226,0.67630000000000001226
-7,-121.25,0.94720000000000004192,0.94720000000000004192
-6,-121.25,0.78049999999999997158,0.78049999999999997158
-5,-121.25,0.60650000000000003908,0.60650000000000003908
-4,-121.25,0.87199999999999999734,0.87199999999999999734
-3,-121.25,0.61109999999999997655,0.61109999999999997655
-2,-121.25,0.12230000000000000593,0.12230000000000000593
-1,-121.25,0.00010000000000000000479,0.00010000000000000000479
0,-121.25,0,0
1,-121.25,0.00020000000000000000958,0.00020000000000000000958
2,-121.25,0.00050000000000000001041,0.00050000000000000001041
3,-121.25,0.00080000000000000003834,0.00080000000000000003834
4,-121.25,0.00010000000000000000479,0.00010000000000000000479
5,-121.25,0.00040000000000000001917,0.00040000000000000001917
6,-121.25,0.0018999999999999999962,0.0018999999999999999962
7,-121.25,0.045499999999999998779,0.045499999999999998779
8,-121.25,0.58279999999999998472,0.58279999999999998472
9,-121.25,0.56299999999999994493,0.56299999999999994493
10,-121.25,0.33379999999999998561,0.33379999999999998561
11,-121.25,0.20680000000000001159,0.20680000000000001159
12,-121.25,0.32750000000000001332,0.32750000000000001332
13,-121.25,0.52749999999999996891,0.52749999999999996891
14,-121.25,0.46079999999999998739,0.46079999999999998739
15,-121.25,0.3714000000000000079,0.3714000000000000079
16,-121.25,0.17269999999999999241,0.17269999999999999241
17,-121.25,0.12429999999999999383,0.12429999999999999383
18,-121.25,0.16639999999999999236,0.16639999999999999236
19,-121.25,0.27789999999999998037,0.27789999999999998037
20,-121.25,0.55479999999999995985,0.55479999999999995985
21,-121.25,0.61109999999999997655,0.61109999999999997655
22,-121.25,0.20869999999999999662,0.20869999999999999662
23,-121.25,0.11880000000000000282,0.11880000000000000282
24,-121.25,0.021000000000000001305,0.021000000000000001305
25,-121.25,0.010899999999999999967,0.010899999999999999967
26,-121.25,0.021299999999999999489,0.021299999999999999489
27,-121.25,0.12540000000000001146,0.12540000000000001146
28,-121.25,0.27820000000000000284,0.27820000000000000284
29,-121.25,0.7311999999999999611,0.7311999999999999611
30,-121.25,0.95779999999999998472,0.95779999999999998472
31,-121.25,0.98450000000000004174,0.98450000000000004174
32,-121.25,0.83520000000000005347,0.83520000000000005347
33,-121.25,0.71619999999999994778,0.71619999999999994778
34,-121.25,0.78649999999999997691,0.78649999999999997691
35,-121.25,0.68230000000000001759,0.68230000000000001759
36,-121.25,0.7831000000000000183,0.7831000000000000183
37,-121.25,0.82299999999999995381,0.82299999999999995381
38,-121.25,0.80949999999999999734,0.80949999999999999734
39,-121.25,0.89559999999999995168,0.89559999999999995168
40,-121.25,0.94759999999999999787,0.94759999999999999787
41,-121.25,0.6500000000000000222,0.6500000000000000222
42,-121.25,0.92400000000000004352,0.92400000000000004352
43,-121.25,0.96540000000000003588,0.96540000000000003588
44,-121.25,0.82969999999999999307,0.82969999999999999307
45,-121.25,0.71679999999999999272,0.71679999999999999272
46,-121.25,0.81100000000000005418,0.81100000000000005418
47,-121.25,0.82310000000000005382,0.82310000000000005382
48,-121.25,0.49949999999999999956,0.49949999999999999956
49,-121.25,0.52310000000000000941,0.52310000000000000941
50,-121.25,0.6240999999999999881,0.6240999999999999881
51,-121.25,0.47020000000000000684,0.47020000000000000684
52,-121.25,0.20050000000000001155,0.20050000000000001155
53,-121.25,0.22129999999999999671,0.22129999999999999671
54,-121.25,0.20630000000000001115,0.20630000000000001115
55,-121.25,0.063100000000000003308,0.063100000000000003308
56,-121.25,0.071499999999999994116,0.071499999999999994116
57,-121.25,0.19959999999999999964,0.19959999999999999964
58,-121.25,0.88090000000000001634,0.88090000000000001634
59,-121.25,0.98240000000000005098,0.98240000000000005098
60,-121.25,0.71779999999999999361,0.71779999999999999361
61,-121.25,0.5909999999999999698,0.5909999999999999698
62,-121.25,0.57709999999999994635,0.57709999999999994635
63,-121.25,0.41839999999999999414,0.41839999999999999414
64,-121.25,0.75560000000000004938,0.75560000000000004938
65,-121.25,0.91200000000000003286,0.91200000000000003286
66,-121.25,0.92030000000000000693,0.92030000000000000693
67,-121.25,0.53020000000000000462,0.53020000000000000462
68,-121.25,0.27650000000000002354,0.27650000000000002354
69,-121.25,0.43319999999999997398,0.43319999999999997398
70,-121.25,0.46179999999999998828,0.46179999999999998828
-69,-120,0.75109999999999998987,0.75109999999999998987
-68,-120,0.69550000000000000711,0.69550000000000000711
-67,-120,0.37559999999999998943,0.37559999999999998943
-66,-120,0.1945999999999999952,0.1945999999999999952
-65,-120,0.15260000000000001341,0.15260000000000001341
-64,-120,0.42670000000000002371,0.42670000000000002371
-63,-120,0.97040000000000004032,0.97040000000000004032
-62,-120,0.74280000000000001581,0.74280000000000001581
-61,-120,0.45190000000000002389,0.45190000000000002389
-60,-120,0.62629999999999996785,0.62629999999999996785
-59,-120,0.77659999999999995701,0.77659999999999995701
-58,-120,0.36570000000000002505,0.36570000000000002505
-57,-120,0.42039999999999999591,0.42039999999999999591
-56,-120,0.32550000000000001155,0.32550000000000001155
-55,-120,0.093499999999999999778,0.093499999999999999778
-54,-120,0.1047000000000000014,0.1047000000000000014
-53,-120,0.16850000000000001088,0.16850000000000001088
-52,-120,0.14549999999999999045,0.14549999999999999045
-51,-120,0.11840000000000000524,0.11840000000000000524
-50,-120,0.17119999999999999107,0.17119999999999999107
-49,-120,0.13300000000000000711,0.13300000000000000711
-48,-120,0.15459999999999998743,0.15459999999999998743
-47,-120,0.12379999999999999338,0.12379999999999999338
-46,-120,0.27200000000000001954,0.27200000000000001954
-45,-120,0.37080000000000001847,0.37080000000000001847
-44,-120,0.39929999999999998828,0.39929999999999998828
-43,-120,0.50460000000000004849,0.50460000000000004849
-42,-120,0.52890000000000003677,0.52890000000000003677
-41,-120,0.55379999999999995897,0.55379999999999995897
-40,-120,0.42449999999999998845,0.42449999999999998845
-39,-120,0.73640000000000005453,0.73640000000000005453
-38,-120,0.92610000000000003428,0.92610000000000003428
-37,-120,0.3392999999999999905,0.3392999999999999905
-36,-120,0.2280999999999999972,0.2280999999999999972
-35,-120,0.37180000000000001936,0.37180000000000001936
-34,-120,0.62609999999999998987,0.62609999999999998987
-33,-120,0.68440000000000000835,0.68440000000000000835
-32,-120,0.94179999999999997051,0.94179999999999997051
-31,-120,0.86899999999999999467,0.86899999999999999467
-30,-120,0.95389999999999997016,0.95389999999999997016
-29,-120,0.93700000000000005507,0.93700000000000005507
-28,-120,0.7731999999999999984,0.7731999999999999984
-27,-120,0.79900000000000004352,0.79900000000000004352
-26,-120,0.91010000000000002007,0.91010000000000002007
-25,-120,0.91549999999999998046,0.91549999999999998046
-24,-120,0.93169999999999997264,0.93169999999999997264
-23,-120,0.75119999999999997886,0.75119999999999997886
-22,-120,0.66720000000000001528,0.66720000000000001528
-21,-120,0.6909999999999999476,0.6909999999999999476
-20,-120,0.59670000000000000817,0.59670000000000000817
-19,-120,0.45650000000000001688,0.45650000000000001688
-18,-120,0.41899999999999998357,0.41899999999999998357
-17,-120,0.45210000000000000187,0.45210000000000000187
-16,-120,0.60219999999999995755,0.60219999999999995755
-15,-120,0.9938000000000000167,0.9938000000000000167
-14,-120,0.61650000000000004796,0.61650000000000004796
-13,-120,0.48520000000000002016,0.48520000000000002016
-12,-120,0.51780000000000003801,0.51780000000000003801
-11,-120,0.17940000000000000391,0.17940000000000000391
-10,-120,0.065500000000000002665,0.065500000000000002665
-9,-120,0.11650000000000000633,0.11650000000000000633
-8,-120,0.57740000000000002434,0.57740000000000002434
-7,-120,0.83930000000000004601,0.83930000000000004601
-6,-120,0.43020000000000002682,0.43020000000000002682
-5,-120,0.46720000000000000417,0.46720000000000000417
-4,-120,0.73019999999999996021,0.73019999999999996021
-3,-120,0.74599999999999999645,0.74599999999999999645
-2,-120,0.13719999999999998863,0.13719999999999998863
-1,-120,0,0
0,-120,0.00020000000000000000958,0.00020000000000000000958
1,-120,0.00050000000000000001041,0.00050000000000000001041
2,-120,0.00040000000000000001917,0.00040000000000000001917
3,-120,0.0010000000000000000208,0.0010000000000000000208
4,-120,0.00089999999999999997537,0.00089999999999999997537
5,-120,0.00050000000000000001041,0.00050000000000000001041
6,-120,0.0051999999999999997613,0.0051999999999999997613
7,-120,0.066900000000000001132,0.066900000000000001132
8,-120,0.31199999999999999956,0.31199999999999999956
9,-120,0.44559999999999999609,0.44559999999999999609
10,-120,0.38350000000000000755,0.38350000000000000755
11,-120,0.20030000000000000582,0.20030000000000000582
12,-120,0.27839999999999998082,0.27839999999999998082
13,-120,0.51270000000000004459,0.51270000000000004459
14,-120,0.40520000000000000462,0.40520000000000000462
15,-120,0.36759999999999998233,0.36759999999999998233
16,-120,0.28660000000000002141,0.28660000000000002141
17,-120,0.22859999999999999765,0.22859999999999999765
18,-120,0.39000000000000001332,0.39000000000000001332
19,-120,0.41799999999999998268,0.41799999999999998268
20,-120,0.48899999999999999023,0.48899999999999999023
21,-120,0.46620000000000000329,0.46620000000000000329
22,-120,0.18870000000000000662,0.18870000000000000662
23,-120,0.10480000000000000426,0.10480000000000000426
24,-120,0.050799999999999997935,0.050799999999999997935
25,-120,0.03250000000000000111,0.03250000000000000111
26,-120,0.040500000000000001277,0.040500000000000001277
27,-120,0.082400000000000001021,0.082400000000000001021
28,-120,0.15260000000000001341,0.15260000000000001341
29,-120,0.56100000000000005418,0.56100000000000005418
30,-120,0.81440000000000001279,0.81440000000000001279
31,-120,0.96730000000000004867,0.96730000000000004867
32,-120,0.93730000000000002203,0.93730000000000002203
33,-120,0.73280000000000000693,0.73280000000000000693
34,-120,0.61040000000000005365,0.61040000000000005365
35,-120,0.81559999999999999165,0.81559999999999999165
36,-120,0.74080000000000001403,0.74080000000000001403
37,-120,0.9143000000000000016,0.9143000000000000016
38,-120,0.83560000000000000941,0.83560000000000000941
39,-120,0.74619999999999997442,0.74619999999999997442
40,-120,0.74839999999999995417,0.74839999999999995417
41,-120,0.74529999999999996252,0.74529999999999996252
42,-120,0.67469999999999996643,0.67469999999999996643
43,-120,0.88380000000000003002,0.88380000000000003002
44,-120,0.7651999999999999913,0.7651999999999999913
45,-120,0.4713999999999999857,0.4713999999999999857
46,-120,0.71179999999999998828,0.71179999999999998828
47,-120,0.90210000000000001297,0.90210000000000001297
48,-120,0.90190000000000003499,0.90190000000000003499
49,-120,0.75980000000000003091,0.75980000000000003091
50,-120,0.57279999999999997584,0.57279999999999997584
51,-120,0.38709999999999999964,0.38709999999999999964
52,-120,0.17979999999999998761,0.17979999999999998761
53,-120,0.17260000000000000342,0.17260000000000000342
54,-120,0.03889999999999999708,0.03889999999999999708
55,-120,0.059299999999999998546,0.059299999999999998546
56,-120,0.12900000000000000355,0.12900000000000000355
57,-120,0.31590000000000001412,0.31590000000000001412
58,-120,0.68879999999999996785,0.68879999999999996785
59,-120,0.69610000000000005205,0.69610000000000005205
60,-120,0.45410000000000000364,0.45410000000000000364
61,-120,0.57289999999999996483,0.57289999999999996483
62,-120,0.74160000000000003695,0.74160000000000003695
63,-120,0.46839999999999998304,0.46839999999999998304
64,-120,0.74509999999999998455,0.74509999999999998455
65,-120,0.72819999999999995843,0.72819999999999995843
66,-120,0.6463999999999999746,0.6463999999999999746
67,-120,0.33439999999999997504,0.33439999999999997504
68,-120,0.31580000000000002514,0.31580000000000002514
69,-120,0.5615999999999999881,0.5615999999999999881
70,-120,0.4124999999999999778,0.4124999999999999778
-69,-118.75,0.65480000000000004867,0.65480000000000004867
-68,-118.75,0.65600000000000002753,0.65600000000000002753
-67,-118.75,0.32890000000000002567,0.32890000000000002567
-66,-118.75,0.22239999999999998659,0.22239999999999998659
-65,-118.75,0.22869999999999998663,0.22869999999999998663
-64,-118.75,0.51009999999999999787,0.51009999999999999787
-63,-118.75,0.98809999999999997833,0.98809999999999997833
-62,-118.75,0.8901999999999999913,0.8901999999999999913
-61,-118.75,0.58789999999999997815,0.58789999999999997815
-60,-118.75,0.72030000000000005134,0.72030000000000005134
-59,-118.75,0.67849999999999999201,0.67849999999999999201
-58,-118.75,0.5724000000000000199,0.5724000000000000199
-57,-118.75,0.6027000000000000135,0.6027000000000000135
-56,-118.75,0.28949999999999997957,0.28949999999999997957
-55,-118.75,0.15020000000000000018,0.15020000000000000018
-54,-118.75,0.13039999999999998814,0.13039999999999998814
-53,-118.75,0.23919999999999999596,0.23919999999999999596
-52,-118.75,0.25069999999999997842,0.25069999999999997842
-51,-118.75,0.12249999999999999778,0.12249999999999999778
-50,-118.75,0.15020000000000000018,0.15020000000000000018
-49,-118.75,0.064299999999999996048,0.064299999999999996048
-48,-118.75,0.14449999999999998956,0.14449999999999998956
-47,-118.75,0.18890000000000001235,0.18890000000000001235
-46,-118.75,0.27889999999999998126,0.27889999999999998126
-45,-118.75,0.66149999999999997691,0.66149999999999997691
-44,-118.75,0.32140000000000001901,0.32140000000000001901
-43,-118.75,0.33700000000000002176,0.33700000000000002176
-42,-118.75,0.58260000000000000675,0.58260000000000000675
-41,-118.75,0.30070000000000002283,0.30070000000000002283
-40,-118.75,0.43180000000000001714,0.43180000000000001714
-39,-118.75,0.97880000000000000338,0.97880000000000000338
-38,-118.75,0.60170000000000001261,0.60170000000000001261
-37,-118.75,0.17219999999999999196,0.17219999999999999196
-36,-118.75,0.13450000000000000844,0.13450000000000000844
-35,-118.75,0.47999999999999998224,0.47999999999999998224
-34,-118.75,0.81020000000000003126,0.81020000000000003126
-33,-118.75,0.87509999999999998899,0.87509999999999998899
-32,-118.75,0.96460000000000001297,0.96460000000000001297
-31,-118.75,0.76529999999999998028,0.76529999999999998028
-30,-118.75,0.92420000000000002149,0.92420000000000002149
-29,-118.75,0.95240000000000002434,0.95240000000000002434
-28,-118.75,0.83460000000000000853,0.83460000000000000853
-27,-118.75,0.88090000000000001634,0.88090000000000001634
-26,-118.75,0.88519999999999998685,0.88519999999999998685
-25,-118.75,0.94469999999999998419,0.94469999999999998419
-24,-118.75,0.79269999999999996021,0.79269999999999996021
-23,-118.75,0.70669999999999999485,0.70669999999999999485
-22,-118.75,0.70460000000000000409,0.70460000000000000409
-21,-118.75,0.78849999999999997868,0.78849999999999997868
-20,-118.75,0.45590000000000002744,0.45590000000000002744
-19,-118.75,0.16900000000000001132,0.16900000000000001132
-18,-118.75,0.29620000000000001883,0.29620000000000001883
-17,-118.75,0.45789999999999997371,0.45789999999999997371
-16,-118.75,0.53569999999999995399,0.53569999999999995399
-15,-118.75,0.94379999999999997229,0.94379999999999997229
-14,-118.75,0.75209999999999999076,0.75209999999999999076
-13,-118.75,0.7447000000000000286,0.7447000000000000286
-12,-118.75,0.35280000000000000249,0.35280000000000000249
-11,-118.75,0.073300000000000004041,0.073300000000000004041
-10,-118.75,0.047100000000000002975,0.047100000000000002975
-9,-118.75,0.1018000000000000016,0.1018000000000000016
-8,-118.75,0.34329999999999999405,0.34329999999999999405
-7,-118.75,0.59140000000000003677,0.59140000000000003677
-6,-118.75,0.21690000000000000946,0.21690000000000000946
-5,-118.75,0.2857000000000000095,0.2857000000000000095
-4,-118.75,0.59960000000000002185,0.59960000000000002185
-3,-118.75,0.70860000000000000764,0.70860000000000000764
-2,-118.75,0.12740000000000001323,0.12740000000000001323
-1,-118.75,0.00029999999999999997372,0.00029999999999999997372
0,-118.75,0,0
1,-118.75,0.00089999999999999997537,0.00089999999999999997537
2,-118.75,0.0011000000000000000663,0.0011000000000000000663
3,-118.75,0.00050000000000000001041,0.00050000000000000001041
4,-118.75,0.0011999999999999998949,0.0011999999999999998949
5,-118.75,0.0020999999999999998702,0.0020999999999999998702
6,-118.75,0.008300000000000000086,0.008300000000000000086
7,-118.75,0.063600000000000003753,0.063600000000000003753
8,-118.75,0.22140000000000001346,0.22140000000000001346
9,-118.75,0.31080000000000002069,0.31080000000000002069
10,-118.75,0.23810000000000000608,0.23810000000000000608
11,-118.75,0.19709999999999999742,0.19709999999999999742
12,-118.75,0.26889999999999997238,0.26889999999999997238
13,-118.75,0.46500000000000002442,0.46500000000000002442
14,-118.75,0.4384000000000000119,0.4384000000000000119
15,-118.75,0.41689999999999999281,0.41689999999999999281
16,-118.75,0.33610000000000000986,0.33610000000000000986
17,-118.75,0.216499999999999998,0.216499999999999998
18,-118.75,0.49140000000000000346,0.49140000000000000346
19,-118.75,0.53449999999999997513,0.53449999999999997513
20,-118.75,0.39950000000000002176,0.39950000000000002176
21,-118.75,0.30009999999999997788,0.30009999999999997788
22,-118.75,0.16539999999999999147,0.16539999999999999147
23,-118.75,0.11029999999999999527,0.11029999999999999527
24,-118.75,0.083299999999999999045,0.083299999999999999045
25,-118.75,0.11799999999999999378,0.11799999999999999378
26,-118.75,0.089700000000000001954,0.089700000000000001954
27,-118.75,0.089999999999999996669,0.089999999999999996669
28,-118.75,0.17449999999999998845,0.17449999999999998845
29,-118.75,0.67810000000000003606,0.67810000000000003606
30,-118.75,0.91290000000000004476,0.91290000000000004476
31,-118.75,0.97970000000000001528,0.97970000000000001528
32,-118.75,0.98999999999999999112,0.98999999999999999112
33,-118.75,0.99670000000000003038,0.99670000000000003038
34,-118.75,0.70420000000000004814,0.70420000000000004814
35,-118.75,0.91839999999999999414,0.91839999999999999414
36,-118.75,0.68700000000000005507,0.68700000000000005507
37,-118.75,0.23499999999999998668,0.23499999999999998668
38,-118.75,0.16259999999999999454,0.16259999999999999454
39,-118.75,0.35539999999999999369,0.35539999999999999369
40,-118.75,0.89419999999999999485,0.89419999999999999485
41,-118.75,0.89780000000000004245,0.89780000000000004245
42,-118.75,0.82840000000000002522,0.82840000000000002522
43,-118.75,0.8090000000000000524,0.8090000000000000524
44,-118.75,0.74570000000000002949,0.74570000000000002949
45,-118.75,0.49969999999999997753,0.49969999999999997753
46,-118.75,0.419599999999999973,0.419599999999999973
47,-118.75,0.43090000000000000524,0.43090000000000000524
48,-118.75,0.64619999999999999662,0.64619999999999999662
49,-118.75,0.60209999999999996856,0.60209999999999996856
50,-118.75,0.35339999999999999192,0.35339999999999999192
51,-118.75,0.26850000000000001643,0.26850000000000001643
52,-118.75,0.14030000000000000804,0.14030000000000000804
53,-118.75,0.051999999999999997613,0.051999999999999997613
54,-118.75,0.053499999999999998945,0.053499999999999998945
55,-118.75,0.12650000000000000133,0.12650000000000000133
56,-118.75,0.37369999999999997664,0.37369999999999997664
57,-118.75,0.39489999999999997327,0.39489999999999997327
58,-118.75,0.7215000000000000302,0.7215000000000000302
59,-118.75,0.46279999999999998916,0.46279999999999998916
60,-118.75,0.4490999999999999992,0.4490999999999999992
61,-118.75,0.62700000000000000178,0.62700000000000000178
62,-118.75,0.75290000000000001368,0.75290000000000001368
63,-118.75,0.74129999999999995897,0.74129999999999995897
64,-118.75,0.88859999999999994547,0.88859999999999994547
65,-118.75,0.54700000000000004174,0.54700000000000004174
66,-118.75,0.35170000000000001261,0.35170000000000001261
67,-118.75,0.14760000000000000897,0.14760000000000000897
68,-118.75,0.26000000000000000888,0.26000000000000000888
69,-118.75,0.42509999999999997788,0.42509999999999997788
70,-118.75,0.32329999999999997629,0.32329999999999997629
-69,-117.5,0.5473000000000000087,0.5473000000000000087
-68,-117.5,0.60760000000000002895,0.60760000000000002895
-67,-117.5,0.36899999999999999467,0.36899999999999999467
-66,-117.5,0.30730000000000001759,0.30730000000000001759
-65,-117.5,0.35730000000000000648,0.35730000000000000648
-64,-117.5,0.61460000000000003517,0.61460000000000003517
-63,-117.5,0.93059999999999998277,0.93059999999999998277
-62,-117.5,0.99399999999999999467,0.99399999999999999467
-61,-117.5,0.77349999999999996536,0.77349999999999996536
-60,-117.5,0.75839999999999996305,0.75839999999999996305
-59,-117.5,0.67540000000000000036,0.67540000000000000036
-58,-117.5,0.73640000000000005453,0.73640000000000005453
-57,-117.5,0.72379999999999999893,0.72379999999999999893
-56,-117.5,0.27670000000000000151,0.27670000000000000151
-55,-117.5,0.27979999999999999316,0.27979999999999999316
-54,-117.5,0.26900000000000001688,0.26900000000000001688
-53,-117.5,0.35210000000000002407,0.35210000000000002407
-52,-117.5,0.32619999999999998996,0.32619999999999998996
-51,-117.5,0.18499999999999999778,0.18499999999999999778
-50,-117.5,0.11000000000000000056,0.11000000000000000056
-49,-117.5,0.078600000000000003197,0.078600000000000003197
-48,-117.5,0.15440000000000000946,0.15440000000000000946
-47,-117.5,0.30959999999999998632,0.30959999999999998632
-46,-117.5,0.45310000000000000275,0.45310000000000000275
-45,-117.5,0.69720000000000004192,0.69720000000000004192
-44,-117.5,0.27010000000000000675,0.27010000000000000675
-43,-117.5,0.33610000000000000986,0.33610000000000000986
-42,-117.5,0.62270000000000003126,0.62270000000000003126
-41,-117.5,0.3340000000000000191,0.3340000000000000191
-40,-117.5,0.78539999999999998703,0.78539999999999998703
-39,-117.5,0.88009999999999999343,0.88009999999999999343
-38,-117.5,0.33150000000000001688,0.33150000000000001688
-37,-117.5,0.092600000000000001754,0.092600000000000001754
-36,-117.5,0.25240000000000001323,0.25240000000000001323
-35,-117.5,0.83979999999999999094,0.83979999999999999094
-34,-117.5,0.94789999999999996483,0.94789999999999996483
-33,-117.5,0.85589999999999999414,0.85589999999999999414
-32,-117.5,0.79859999999999997655,0.79859999999999997655
-31,-117.5,0.64370000000000004992,0.64370000000000004992
-30,-117.5,0.91139999999999998792,0.91139999999999998792
-29,-117.5,0.94330000000000002736,0.94330000000000002736
-28,-117.5,0.83760000000000001119,0.83760000000000001119
-27,-117.5,0.82259999999999999787,0.82259999999999999787
-26,-117.5,0.95960000000000000853,0.95960000000000000853
-25,-117.5,0.86870000000000002771,0.86870000000000002771
-24,-117.5,0.88939999999999996838,0.88939999999999996838
-23,-117.5,0.9090000000000000302,0.9090000000000000302
-22,-117.5,0.71540000000000003588,0.71540000000000003588
-21,-117.5,0.67310000000000003162,0.67310000000000003162
-20,-117.5,0.24310000000000001052,0.24310000000000001052
-19,-117.5,0.099799999999999999822,0.099799999999999999822
-18,-117.5,0.32269999999999998685,0.32269999999999998685
-17,-117.5,0.37230000000000001981,0.37230000000000001981
-16,-117.5,0.52820000000000000284,0.52820000000000000284
-15,-117.5,0.75470000000000003748,0.75470000000000003748
-14,-117.5,0.68969999999999997975,0.68969999999999997975
-13,-117.5,0.69789999999999996483,0.69789999999999996483
-12,-117.5,0.31850000000000000533,0.31850000000000000533
-11,-117.5,0.047800000000000002209,0.047800000000000002209
-10,-117.5,0.029200000000000000261,0.029200000000000000261
-9,-117.5,0.12790000000000001368,0.12790000000000001368
-8,-117.5,0.29689999999999999725,0.29689999999999999725
-7,-117.5,0.41730000000000000426,0.41730000000000000426
-6,-117.5,0.19450000000000000622,0.19450000000000000622
-5,-117.5,0.2058000000000000107,0.2058000000000000107
-4,-117.5,0.45610000000000000542,0.45610000000000000542
-3,-117.5,0.71889999999999998348,0.71889999999999998348
-2,-117.5,0.092700000000000004619,0.092700000000000004619
-1,-117.5,0.00029999999999999997372,0.00029999999999999997372
0,-117.5,0.00010000000000000000479,0.00010000000000000000479
1,-117.5,0.00069999999999999999289,0.00069999999999999999289
2,-117.5,0.0017999999999999999507,0.0017999999999999999507
3,-117.5,0.0020999999999999998702,0.0020999999999999998702
4,-117.5,0.00050000000000000001041,0.00050000000000000001041
5,-117.5,0.0041000000000000003456,0.0041000000000000003456
6,-117.5,0.029000000000000001471,0.029000000000000001471
7,-117.5,0.061899999999999996692,0.061899999999999996692
8,-117.5,0.074099999999999999201,0.074099999999999999201
9,-117.5,0.35230000000000000204,0.35230000000000000204
10,-117.5,0.19889999999999999347,0.19889999999999999347
11,-117.5,0.16980000000000000648,0.16980000000000000648
12,-117.5,0.20539999999999999925,0.20539999999999999925
13,-117.5,0.34570000000000000728,0.34570000000000000728
14,-117.5,0.44990000000000002212,0.44990000000000002212
15,-117.5,0.580400000000000027,0.580400000000000027
16,-117.5,0.5856999999999999984,0.5856999999999999984
17,-117.5,0.4704999999999999738,0.4704999999999999738
18,-117.5,0.62160000000000004139,0.62160000000000004139
19,-117.5,0.31530000000000002469,0.31530000000000002469
20,-117.5,0.16869999999999998885,0.16869999999999998885
21,-117.5,0.23510000000000000342,0.23510000000000000342
22,-117.5,0.24940000000000001057,0.24940000000000001057
23,-117.5,0.30009999999999997788,0.30009999999999997788
24,-117.5,0.20910000000000000808,0.20910000000000000808
25,-117.5,0.21470000000000000195,0.21470000000000000195
26,-117.5,0.22270000000000000906,0.22270000000000000906
27,-117.5,0.22580000000000000071,0.22580000000000000071
28,-117.5,0.21370000000000000107,0.21370000000000000107
29,-117.5,0.54649999999999998579,0.54649999999999998579
30,-117.5,0.90200000000000002398,0.90200000000000002398
31,-117.5,0.93500000000000005329,0.93500000000000005329
32,-117.5,0.9536000000000000032,0.9536000000000000032
33,-117.5,0.75739999999999996216,0.75739999999999996216
34,-117.5,0.51290000000000002256,0.51290000000000002256
35,-117.5,0.86089999999999999858,0.86089999999999999858
36,-117.5,0.70930000000000004157,0.70930000000000004157
37,-117.5,0.54720000000000001972,0.54720000000000001972
38,-117.5,0.36780000000000001581,0.36780000000000001581
39,-117.5,0.35939999999999999725,0.35939999999999999725
40,-117.5,0.7391999999999999682,0.7391999999999999682
41,-117.5,0.91359999999999996767,0.91359999999999996767
42,-117.5,0.9161000000000000254,0.9161000000000000254
43,-117.5,0.89559999999999995168,0.89559999999999995168
44,-117.5,0.86109999999999997655,0.86109999999999997655
45,-117.5,0.64280000000000003801,0.64280000000000003801
46,-117.5,0.26640000000000002567,0.26640000000000002567
47,-117.5,0.1817000000000000004,0.1817000000000000004
48,-117.5,0.317000000000000004,0.317000000000000004
49,-117.5,0.37309999999999998721,0.37309999999999998721
50,-117.5,0.1923999999999999877,0.1923999999999999877
51,-117.5,0.097400000000000000466,0.097400000000000000466
52,-117.5,0.081000000000000002554,0.081000000000000002554
53,-117.5,0.11020000000000000628,0.11020000000000000628
54,-117.5,0.10009999999999999454,0.10009999999999999454
55,-117.5,0.24699999999999999734,0.24699999999999999734
56,-117.5,0.5866000000000000103,0.5866000000000000103
57,-117.5,0.3009000000000000008,0.3009000000000000008
58,-117.5,0.59699999999999997513,0.59699999999999997513
59,-117.5,0.41049999999999997602,0.41049999999999997602
60,-117.5,0.4670000000000000262,0.4670000000000000262
61,-117.5,0.62450000000000005507,0.62450000000000005507
62,-117.5,0.57730000000000003535,0.57730000000000003535
63,-117.5,0.61080000000000000959,0.61080000000000000959
64,-117.5,0.77800000000000002487,0.77800000000000002487
65,-117.5,0.45019999999999998908,0.45019999999999998908
66,-117.5,0.23869999999999999551,0.23869999999999999551
67,-117.5,0.12850000000000000311,0.12850000000000000311
68,-117.5,0.080000000000000001665,0.080000000000000001665
69,-117.5,0.23200000000000001177,0.23200000000000001177
70,-117.5,0.25959999999999999742,0.25959999999999999742
-69,-116.25,0.46310000000000001164,0.46310000000000001164
-68,-116.25,0.57830000000000003624,0.57830000000000003624
-67,-116.25,0.46729999999999999316,0.46729999999999999316
-66,-116.25,0.40060000000000001164,0.40060000000000001164
-65,-116.25,0.4152000000000000135,0.4152000000000000135
-64,-116.25,0.65359999999999995879,0.65359999999999995879
-63,-116.25,0.82020000000000004015,0.82020000000000004015
-62,-116.25,0.94040000000000001368,0.94040000000000001368
-61,-116.25,0.70969999999999999751,0.70969999999999999751
-60,-116.25,0.74660000000000004139,0.74660000000000004139
-59,-116.25,0.76119999999999998774,0.76119999999999998774
-58,-116.25,0.8081000000000000405,0.8081000000000000405
-57,-116.25,0.73740000000000005542,0.73740000000000005542
-56,-116.25,0.35909999999999997478,0.35909999999999997478
-55,-116.25,0.34300000000000002709,0.34300000000000002709
-54,-116.25,0.39419999999999999485,0.39419999999999999485
-53,-116.25,0.43790000000000001146,0.43790000000000001146
-52,-116.25,0.37330000000000002069,0.37330000000000002069
-51,-116.25,0.17669999999999999596,0.17669999999999999596
-50,-116.25,0.14169999999999999263,0.14169999999999999263
-49,-116.25,0.15929999999999999716,0.15929999999999999716
-48,-116.25,0.23219999999999998974,0.23219999999999998974
-47,-116.25,0.36320000000000002283,0.36320000000000002283
-46,-116.25,0.55379999999999995897,0.55379999999999995897
-45,-116.25,0.53890000000000004565,0.53890000000000004565
-44,-116.25,0.22020000000000000684,0.22020000000000000684
-43,-116.25,0.15779999999999999583,0.15779999999999999583
-42,-116.25,0.53039999999999998259,0.53039999999999998259
-41,-116.25,0.66830000000000000515,0.66830000000000000515
-40,-116.25,0.97399999999999997691,0.97399999999999997691
-39,-116.25,0.53069999999999994955,0.53069999999999994955
-38,-116.25,0.17269999999999999241,0.17269999999999999241
-37,-116.25,0.15529999999999999361,0.15529999999999999361
-36,-116.25,0.68440000000000000835,0.68440000000000000835
-35,-116.25,0.87580000000000002292,0.87580000000000002292
-34,-116.25,0.99060000000000003606,0.99060000000000003606
-33,-116.25,0.94820000000000004281,0.94820000000000004281
-32,-116.25,0.65669999999999995044,0.65669999999999995044
-31,-116.25,0.40879999999999999671,0.40879999999999999671
-30,-116.25,0.72340000000000004299,0.72340000000000004299
-29,-116.25,0.83970000000000000195,0.83970000000000000195
-28,-116.25,0.80179999999999995719,0.80179999999999995719
-27,-116.25,0.85319999999999995843,0.85319999999999995843
-26,-116.25,0.97729999999999994653,0.97729999999999994653
-25,-116.25,0.99509999999999998455,0.99509999999999998455
-24,-116.25,0.88409999999999999698,0.88409999999999999698
-23,-116.25,0.7382999999999999563,0.7382999999999999563
-22,-116.25,0.49690000000000000835,0.49690000000000000835
-21,-116.25,0.36020000000000002016,0.36020000000000002016
-20,-116.25,0.1527000000000000024,0.1527000000000000024
-19,-116.25,0.11550000000000000544,0.11550000000000000544
-18,-116.25,0.35410000000000002585,0.35410000000000002585
-17,-116.25,0.26090000000000002078,0.26090000000000002078
-16,-116.25,0.32169999999999998597,0.32169999999999998597
-15,-116.25,0.52859999999999995879,0.52859999999999995879
-14,-116.25,0.8579999999999999849,0.8579999999999999849
-13,-116.25,0.63560000000000005382,0.63560000000000005382
-12,-116.25,0.27810000000000001386,0.27810000000000001386
-11,-116.25,0.041500000000000002165,0.041500000000000002165
-10,-116.25,0.041300000000000003375,0.041300000000000003375
-9,-116.25,0.13739999999999999436,0.13739999999999999436
-8,-116.25,0.20069999999999998952,0.20069999999999998952
-7,-116.25,0.20549999999999998823,0.20549999999999998823
-6,-116.25,0.18029999999999998805,0.18029999999999998805
-5,-116.25,0.23089999999999999414,0.23089999999999999414
-4,-116.25,0.37149999999999999689,0.37149999999999999689
-3,-116.25,0.80759999999999998455,0.80759999999999998455
-2,-116.25,0.14390000000000000013,0.14390000000000000013
-1,-116.25,0.0010000000000000000208,0.0010000000000000000208
0,-116.25,0,0
1,-116.25,0.00029999999999999997372,0.00029999999999999997372
2,-116.25,0.00080000000000000003834,0.00080000000000000003834
3,-116.25,0.00059999999999999994744,0.00059999999999999994744
4,-116.25,0.00080000000000000003834,0.00080000000000000003834
5,-116.25,0.011199999999999999886,0.011199999999999999886
6,-116.25,0.094399999999999997802,0.094399999999999997802
7,-116.25,0.14999999999999999445,0.14999999999999999445
8,-116.25,0.11849999999999999423,0.11849999999999999423
9,-116.25,0.15079999999999998961,0.15079999999999998961
10,-116.25,0.26169999999999998819,0.26169999999999998819
11,-116.25,0.26100000000000000977,0.26100000000000000977
12,-116.25,0.25230000000000002425,0.25230000000000002425
13,-116.25,0.34960000000000002185,0.34960000000000002185
14,-116.25,0.46739999999999998215,0.46739999999999998215
15,-116.25,0.52119999999999999662,0.52119999999999999662
16,-116.25,0.59060000000000001386,0.59060000000000001386
17,-116.25,0.73129999999999995008,0.73129999999999995008
18,-116.25,0.70050000000000001155,0.70050000000000001155
19,-116.25,0.3222999999999999754,0.3222999999999999754
20,-116.25,0.093200000000000005063,0.093200000000000005063
21,-116.25,0.16910000000000000031,0.16910000000000000031
22,-116.25,0.30919999999999997486,0.30919999999999997486
23,-116.25,0.35759999999999997344,0.35759999999999997344
24,-116.25,0.38650000000000001021,0.38650000000000001021
25,-116.25,0.3231999999999999873,0.3231999999999999873
26,-116.25,0.34789999999999998703,0.34789999999999998703
27,-116.25,0.49919999999999997708,0.49919999999999997708
28,-116.25,0.57540000000000002256,0.57540000000000002256
29,-116.25,0.76300000000000001155,0.76300000000000001155
30,-116.25,0.54300000000000003819,0.54300000000000003819
31,-116.25,0.42299999999999998712,0.42299999999999998712
32,-116.25,0.24859999999999998765,0.24859999999999998765
33,-116.25,0.64010000000000000231,0.64010000000000000231
34,-116.25,0.67700000000000004619,0.67700000000000004619
35,-116.25,0.90020000000000000018,0.90020000000000000018
36,-116.25,0.83240000000000002878,0.83240000000000002878
37,-116.25,0.71389999999999997904,0.71389999999999997904
38,-116.25,0.75039999999999995595,0.75039999999999995595
39,-116.25,0.58109999999999994991,0.58109999999999994991
40,-116.25,0.88639999999999996572,0.88639999999999996572
41,-116.25,0.94030000000000002469,0.94030000000000002469
42,-116.25,0.95069999999999998952,0.95069999999999998952
43,-116.25,0.87660000000000004583,0.87660000000000004583
44,-116.25,0.67020000000000001794,0.67020000000000001794
45,-116.25,0.54220000000000001528,0.54220000000000001528
46,-116.25,0.3572000000000000175,0.3572000000000000175
47,-116.25,0.13910000000000000142,0.13910000000000000142
48,-116.25,0.17990000000000000435,0.17990000000000000435
49,-116.25,0.2258999999999999897,0.2258999999999999897
50,-116.25,0.12700000000000000178,0.12700000000000000178
51,-116.25,0.12670000000000000706,0.12670000000000000706
52,-116.25,0.21210000000000001075,0.21210000000000001075
53,-116.25,0.14060000000000000275,0.14060000000000000275
54,-116.25,0.1768000000000000127,0.1768000000000000127
55,-116.25,0.35849999999999998535,0.35849999999999998535
56,-116.25,0.38469999999999998641,0.38469999999999998641
57,-116.25,0.27179999999999998606,0.27179999999999998606
58,-116.25,0.42289999999999999813,0.42289999999999999813
59,-116.25,0.57599999999999995648,0.57599999999999995648
60,-116.25,0.54210000000000002629,0.54210000000000002629
61,-116.25,0.63270000000000004015,0.63270000000000004015
62,-116.25,0.37969999999999998197,0.37969999999999998197
63,-116.25,0.52800000000000002487,0.52800000000000002487
64,-116.25,0.64929999999999998828,0.64929999999999998828
65,-116.25,0.49330000000000001625,0.49330000000000001625
66,-116.25,0.50409999999999999254,0.50409999999999999254
67,-116.25,0.17260000000000000342,0.17260000000000000342
68,-116.25,0.064600000000000004641,0.064600000000000004641
69,-116.25,0.27920000000000000373,0.27920000000000000373
70,-116.25,0.32300000000000000933,0.32300000000000000933
-69,-115,0.46620000000000000329,0.46620000000000000329
-68,-115,0.56969999999999998419,0.56969999999999998419
-67,-115,0.55700000000000005063,0.55700000000000005063
-66,-115,0.50770000000000004015,0.50770000000000004015
-65,-115,0.49580000000000001847,0.49580000000000001847
-64,-115,0.69599999999999995204,0.69599999999999995204
-63,-115,0.82730000000000003535,0.82730000000000003535
-62,-115,0.96279999999999998916,0.96279999999999998916
-61,-115,0.78380000000000005222,0.78380000000000005222
-60,-115,0.67740000000000000213,0.67740000000000000213
-59,-115,0.71499999999999996891,0.71499999999999996891
-58,-115,0.71499999999999996891,0.71499999999999996891
-57,-115,0.79869999999999996554,0.79869999999999996554
-56,-115,0.47339999999999998748,0.47339999999999998748
-55,-115,0.38409999999999999698,0.38409999999999999698
-54,-115,0.47639999999999999014,0.47639999999999999014
-53,-115,0.53820000000000001172,0.53820000000000001172
-52,-115,0.47520000000000001128,0.47520000000000001128
-51,-115,0.19830000000000000404,0.19830000000000000404
-50,-115,0.20780000000000001248,0.20780000000000001248
-49,-115,0.21950000000000000067,0.21950000000000000067
-48,-115,0.21079999999999998739,0.21079999999999998739
-47,-115,0.20160000000000000142,0.20160000000000000142
-46,-115,0.5043999999999999595,0.5043999999999999595
-45,-115,0.49659999999999998588,0.49659999999999998588
-44,-115,0.10090000000000000357,0.10090000000000000357
-43,-115,0.21540000000000000813,0.21540000000000000813
-42,-115,0.51580000000000003624,0.51580000000000003624
-41,-115,0.96999999999999997335,0.96999999999999997335
-40,-115,0.61280000000000001137,0.61280000000000001137
-39,-115,0.25950000000000000844,0.25950000000000000844
-38,-115,0.20430000000000000937,0.20430000000000000937
-37,-115,0.30390000000000000346,0.30390000000000000346
-36,-115,0.71189999999999997726,0.71189999999999997726
-35,-115,0.90859999999999996323,0.90859999999999996323
-34,-115,0.95909999999999995257,0.95909999999999995257
-33,-115,0.84050000000000002487,0.84050000000000002487
-32,-115,0.34260000000000001563,0.34260000000000001563
-31,-115,0.2316999999999999893,0.2316999999999999893
-30,-115,0.4668999999999999817,0.4668999999999999817
-29,-115,0.43269999999999997353,0.43269999999999997353
-28,-115,0.57289999999999996483,0.57289999999999996483
-27,-115,0.63219999999999998419,0.63219999999999998419
-26,-115,0.89790000000000003144,0.89790000000000003144
-25,-115,0.77349999999999996536,0.77349999999999996536
-24,-115,0.79539999999999999591,0.79539999999999999591
-23,-115,0.7376000000000000334,0.7376000000000000334
-22,-115,0.29680000000000000826,0.29680000000000000826
-21,-115,0.27129999999999998561,0.27129999999999998561
-20,-115,0.15249999999999999667,0.15249999999999999667
-19,-115,0.10219999999999999918,0.10219999999999999918
-18,-115,0.24229999999999998761,0.24229999999999998761
-17,-115,0.10059999999999999498,0.10059999999999999498
-16,-115,0.21460000000000001297,0.21460000000000001297
-15,-115,0.89180000000000003713,0.89180000000000003713
-14,-115,0.94640000000000001901,0.94640000000000001901
-13,-115,0.76039999999999996483,0.76039999999999996483
-12,-115,0.20150000000000001243,0.20150000000000001243
-11,-115,0.040899999999999998856,0.040899999999999998856
-10,-115,0.055399999999999997857,0.055399999999999997857
-9,-115,0.13020000000000001017,0.13020000000000001017
-8,-115,0.16389999999999999014,0.16389999999999999014
-7,-115,0.16250000000000000555,0.16250000000000000555
-6,-115,0.20119999999999998996,0.20119999999999998996
-5,-115,0.26590000000000002522,0.26590000000000002522
-4,-115,0.43640000000000001013,0.43640000000000001013
-3,-115,0.95740000000000002878,0.95740000000000002878
-2,-115,0.23530000000000000915,0.23530000000000000915
-1,-115,0.0011999999999999998949,0.0011999999999999998949
0,-115,0.00020000000000000000958,0.00020000000000000000958
1,-115,0.00029999999999999997372,0.00029999999999999997372
2,-115,0.00010000000000000000479,0.00010000000000000000479
3,-115,0.00069999999999999999289,0.00069999999999999999289
4,-115,0.00089999999999999997537,0.00089999999999999997537
5,-115,0.011900000000000000855,0.011900000000000000855
6,-115,0.10839999999999999636,0.10839999999999999636
7,-115,0.14099999999999998646,0.14099999999999998646
8,-115,0.25440000000000001501,0.25440000000000001501
9,-115,0.24360000000000001097,0.24360000000000001097
10,-115,0.42930000000000001492,0.42930000000000001492
11,-115,0.42670000000000002371,0.42670000000000002371
12,-115,0.33110000000000000542,0.33110000000000000542
13,-115,0.4668999999999999817,0.4668999999999999817
14,-115,0.48709999999999997744,0.48709999999999997744
15,-115,0.46289999999999997815,0.46289999999999997815
16,-115,0.43009999999999998233,0.43009999999999998233
17,-115,0.61240000000000005542,0.61240000000000005542
18,-115,0.55520000000000002682,0.55520000000000002682
19,-115,0.20449999999999998734,0.20449999999999998734
20,-115,0.11600000000000000588,0.11600000000000000588
21,-115,0.14080000000000000848,0.14080000000000000848
22,-115,0.24399999999999999467,0.24399999999999999467
23,-115,0.35120000000000001217,0.35120000000000001217
24,-115,0.40610000000000001652,0.40610000000000001652
25,-115,0.36699999999999999289,0.36699999999999999289
26,-115,0.41470000000000001306,0.41470000000000001306
27,-115,0.69640000000000001901,0.69640000000000001901
28,-115,0.86560000000000003606,0.86560000000000003606
29,-115,0.3482000000000000095,0.3482000000000000095
30,-115,0.38950000000000001288,0.38950000000000001288
31,-115,0.66059999999999996501,0.66059999999999996501
32,-115,0.55140000000000000124,0.55140000000000000124
33,-115,0.50600000000000000533,0.50600000000000000533
34,-115,0.75509999999999999343,0.75509999999999999343
35,-115,0.88449999999999995293,0.88449999999999995293
36,-115,0.91559999999999996945,0.91559999999999996945
37,-115,0.82930000000000003713,0.82930000000000003713
38,-115,0.84670000000000000817,0.84670000000000000817
39,-115,0.89949999999999996625,0.89949999999999996625
40,-115,0.56210000000000004405,0.56210000000000004405
41,-115,0.96299999999999996714,0.96299999999999996714
42,-115,0.97829999999999994742,0.97829999999999994742
43,-115,0.8981999999999999984,0.8981999999999999984
44,-115,0.8356999999999999984,0.8356999999999999984
45,-115,0.59399999999999997247,0.59399999999999997247
46,-115,0.38009999999999999343,0.38009999999999999343
47,-115,0.13719999999999998863,0.13719999999999998863
48,-115,0.10670000000000000318,0.10670000000000000318
49,-115,0.115000000000000005,0.115000000000000005
50,-115,0.10459999999999999853,0.10459999999999999853
51,-115,0.1320999999999999952,0.1320999999999999952
52,-115,0.30130000000000001226,0.30130000000000001226
53,-115,0.28120000000000000551,0.28120000000000000551
54,-115,0.32419999999999998819,0.32419999999999998819
55,-115,0.43540000000000000924,0.43540000000000000924
56,-115,0.2615999999999999992,0.2615999999999999992
57,-115,0.26900000000000001688,0.26900000000000001688
58,-115,0.46150000000000002132,0.46150000000000002132
59,-115,0.54379999999999995008,0.54379999999999995008
60,-115,0.28079999999999999405,0.28079999999999999405
61,-115,0.43020000000000002682,0.43020000000000002682
62,-115,0.42659999999999997922,0.42659999999999997922
63,-115,0.51470000000000004636,0.51470000000000004636
64,-115,0.57989999999999997105,0.57989999999999997105
65,-115,0.52859999999999995879,0.52859999999999995879
66,-115,0.68649999999999999911,0.68649999999999999911
67,-115,0.13810000000000000053,0.13810000000000000053
68,-115,0.03250000000000000111,0.03250000000000000111
69,-115,0.32679999999999997939,0.32679999999999997939
70,-115,0.4661000000000000143,0.4661000000000000143
-69,-113.75,0.52790000000000003588,0.52790000000000003588
-68,-113.75,0.57599999999999995648,0.57599999999999995648
-67,-113.75,0.60640000000000005009,0.60640000000000005009
-66,-113.75,0.54600000000000004086,0.54600000000000004086
-65,-113.75,0.5018000000000000238,0.5018000000000000238
-64,-113.75,0.68969999999999997975,0.68969999999999997975
-63,-113.75,0.84850000000000003197,0.84850000000000003197
-62,-113.75,0.9597999999999999865,0.9597999999999999865
-61,-113.75,0.94799999999999995381,0.94799999999999995381
-60,-113.75,0.7617000000000000437,0.7617000000000000437
-59,-113.75,0.60599999999999998312,0.60599999999999998312
-58,-113.75,0.80800000000000005151,0.80800000000000005151
-57,-113.75,0.90580000000000004956,0.90580000000000004956
-56,-113.75,0.45219999999999999085,0.45219999999999999085
-55,-113.75,0.53390000000000004121,0.53390000000000004121
-54,-113.75,0.57940000000000002611,0.57940000000000002611
-53,-113.75,0.6098000000000000087,0.6098000000000000087
-52,-113.75,0.44559999999999999609,0.44559999999999999609
-51,-113.75,0.21210000000000001075,0.21210000000000001075
-50,-113.75,0.14280000000000001026,0.14280000000000001026
-49,-113.75,0.19620000000000001328,0.19620000000000001328
-48,-113.75,0.11680000000000000104,0.11680000000000000104
-47,-113.75,0.14960000000000001075,0.14960000000000001075
-46,-113.75,0.48459999999999997522,0.48459999999999997522
-45,-113.75,0.14710000000000000853,0.14710000000000000853
-44,-113.75,0.089499999999999996225,0.089499999999999996225
-43,-113.75,0.41449999999999997957,0.41449999999999997957
-42,-113.75,0.5123999999999999666,0.5123999999999999666
-41,-113.75,0.50639999999999996128,0.50639999999999996128
-40,-113.75,0.39379999999999998339,0.39379999999999998339
-39,-113.75,0.22189999999999998614,0.22189999999999998614
-38,-113.75,0.23769999999999999463,0.23769999999999999463
-37,-113.75,0.46450000000000002398,0.46450000000000002398
-36,-113.75,0.71540000000000003588,0.71540000000000003588
-35,-113.75,0.88170000000000003926,0.88170000000000003926
-34,-113.75,0.92720000000000002416,0.92720000000000002416
-33,-113.75,0.59550000000000002931,0.59550000000000002931
-32,-113.75,0.24410000000000001141,0.24410000000000001141
-31,-113.75,0.16850000000000001088,0.16850000000000001088
-30,-113.75,0.20110000000000000098,0.20110000000000000098
-29,-113.75,0.26490000000000002434,0.26490000000000002434
-28,-113.75,0.30109999999999997877,0.30109999999999997877
-27,-113.75,0.5427999999999999492,0.5427999999999999492
-26,-113.75,0.910800000000000054,0.910800000000000054
-25,-113.75,0.84689999999999998614,0.84689999999999998614
-24,-113.75,0.73129999999999995008,0.73129999999999995008
-23,-113.75,0.63829999999999997851,0.63829999999999997851
-22,-113.75,0.28129999999999999449,0.28129999999999999449
-21,-113.75,0.30170000000000002371,0.30170000000000002371
-20,-113.75,0.14000000000000001332,0.14000000000000001332
-19,-113.75,0.068199999999999996736,0.068199999999999996736
-18,-113.75,0.16270000000000001128,0.16270000000000001128
-17,-113.75,0.072400000000000006017,0.072400000000000006017
-16,-113.75,0.19480000000000000093,0.19480000000000000093
-15,-113.75,0.90600000000000002753,0.90600000000000002753
-14,-113.75,0.96199999999999996625,0.96199999999999996625
-13,-113.75,0.67100000000000004086,0.67100000000000004086
-12,-113.75,0.25879999999999997451,0.25879999999999997451
-11,-113.75,0.043700000000000002731,0.043700000000000002731
-10,-113.75,0.048700000000000000233,0.048700000000000000233
-9,-113.75,0.12449999999999999956,0.12449999999999999956
-8,-113.75,0.14769999999999999796,0.14769999999999999796
-7,-113.75,0.20419999999999999263,0.20419999999999999263
-6,-113.75,0.24129999999999998672,0.24129999999999998672
-5,-113.75,0.2200999999999999901,0.2200999999999999901
-4,-113.75,0.56630000000000002558,0.56630000000000002558
-3,-113.75,0.91059999999999996501,0.91059999999999996501
-2,-113.75,0.19309999999999999387,0.19309999999999999387
-1,-113.75,0.002500000000000000052,0.002500000000000000052
0,-113.75,0.00050000000000000001041,0.00050000000000000001041
1,-113.75,0.00040000000000000001917,0.00040000000000000001917
2,-113.75,0,0
3,-113.75,0.00029999999999999997372,0.00029999999999999997372
4,-113.75,0.00080000000000000003834,0.00080000000000000003834
5,-113.75,0.0035999999999999999015,0.0035999999999999999015
6,-113.75,0.11290000000000000036,0.11290000000000000036
7,-113.75,0.34239999999999998215,0.34239999999999998215
8,-113.75,0.47149999999999997469,0.47149999999999997469
9,-113.75,0.3518000000000000016,0.3518000000000000016
10,-113.75,0.24279999999999998805,0.24279999999999998805
11,-113.75,0.34310000000000001608,0.34310000000000001608
12,-113.75,0.32990000000000002656,0.32990000000000002656
13,-113.75,0.42039999999999999591,0.42039999999999999591
14,-113.75,0.55230000000000001315,0.55230000000000001315
15,-113.75,0.58340000000000002967,0.58340000000000002967
16,-113.75,0.47249999999999997558,0.47249999999999997558
17,-113.75,0.45850000000000001865,0.45850000000000001865
18,-113.75,0.46970000000000000639,0.46970000000000000639
19,-113.75,0.23660000000000000475,0.23660000000000000475
20,-113.75,0.10899999999999999967,0.10899999999999999967
21,-113.75,0.12929999999999999827,0.12929999999999999827
22,-113.75,0.20630000000000001115,0.20630000000000001115
23,-113.75,0.23769999999999999463,0.23769999999999999463
24,-113.75,0.3356999999999999984,0.3356999999999999984
25,-113.75,0.43890000000000001235,0.43890000000000001235
26,-113.75,0.49209999999999998188,0.49209999999999998188
27,-113.75,0.52569999999999994511,0.52569999999999994511
28,-113.75,0.51459999999999994635,0.51459999999999994635
29,-113.75,0.35659999999999997256,0.35659999999999997256
30,-113.75,0.16189999999999998836,0.16189999999999998836
31,-113.75,0.18850000000000000089,0.18850000000000000089
32,-113.75,0.23589999999999999858,0.23589999999999999858
33,-113.75,0.50370000000000003659,0.50370000000000003659
34,-113.75,0.98729999999999995541,0.98729999999999995541
35,-113.75,0.89610000000000000764,0.89610000000000000764
36,-113.75,0.95789999999999997371,0.95789999999999997371
37,-113.75,0.82259999999999999787,0.82259999999999999787
38,-113.75,0.85750000000000003997,0.85750000000000003997
39,-113.75,0.49869999999999997664,0.49869999999999997664
40,-113.75,0.87780000000000002469,0.87780000000000002469
41,-113.75,0.76849999999999996092,0.76849999999999996092
42,-113.75,0.78790000000000004476,0.78790000000000004476
43,-113.75,0.80689999999999995062,0.80689999999999995062
44,-113.75,0.98939999999999994618,0.98939999999999994618
45,-113.75,0.72819999999999995843,0.72819999999999995843
46,-113.75,0.47730000000000000204,0.47730000000000000204
47,-113.75,0.24749999999999999778,0.24749999999999999778
48,-113.75,0.2061999999999999944,0.2061999999999999944
49,-113.75,0.31669999999999998153,0.31669999999999998153
50,-113.75,0.30109999999999997877,0.30109999999999997877
51,-113.75,0.34070000000000000284,0.34070000000000000284
52,-113.75,0.70899999999999996358,0.70899999999999996358
53,-113.75,0.72650000000000003464,0.72650000000000003464
54,-113.75,0.70850000000000001865,0.70850000000000001865
55,-113.75,0.42540000000000000036,0.42540000000000000036
56,-113.75,0.21449999999999999623,0.21449999999999999623
57,-113.75,0.21240000000000000546,0.21240000000000000546
58,-113.75,0.4945999999999999841,0.4945999999999999841
59,-113.75,0.48430000000000000826,0.48430000000000000826
60,-113.75,0.27579999999999998961,0.27579999999999998961
61,-113.75,0.34779999999999999805,0.34779999999999999805
62,-113.75,0.46239999999999997771,0.46239999999999997771
63,-113.75,0.55300000000000004707,0.55300000000000004707
64,-113.75,0.57589999999999996749,0.57589999999999996749
65,-113.75,0.61150000000000004352,0.61150000000000004352
66,-113.75,0.67149999999999998579,0.67149999999999998579
67,-113.75,0.096900000000000000022,0.096900000000000000022
68,-113.75,0.010300000000000000128,0.010300000000000000128
69,-113.75,0.27670000000000000151,0.27670000000000000151
70,-113.75,0.49209999999999998188,0.49209999999999998188
-69,-112.5,0.53769999999999995577,0.53769999999999995577
-68,-112.5,0.53920000000000001261,0.53920000000000001261
-67,-112.5,0.56859999999999999432,0.56859999999999999432
-66,-112.5,0.50029999999999996696,0.50029999999999996696
-65,-112.5,0.46060000000000000941,0.46060000000000000941
-64,-112.5,0.6670000000000000373,0.6670000000000000373
-63,-112.5,0.82630000000000003446,0.82630000000000003446
-62,-112.5,0.83899999999999996803,0.83899999999999996803
-61,-112.5,0.93210000000000003961,0.93210000000000003961
-60,-112.5,0.70850000000000001865,0.70850000000000001865
-59,-112.5,0.5454999999999999849,0.5454999999999999849
-58,-112.5,0.97399999999999997691,0.97399999999999997691
-57,-112.5,0.95489999999999997105,0.95489999999999997105
-56,-112.5,0.47580000000000000071,0.47580000000000000071
-55,-112.5,0.6766999999999999682,0.6766999999999999682
-54,-112.5,0.72999999999999998224,0.72999999999999998224
-53,-112.5,0.61429999999999995719,0.61429999999999995719
-52,-112.5,0.47329999999999999849,0.47329999999999999849
-51,-112.5,0.2026999999999999913,0.2026999999999999913
-50,-112.5,0.13450000000000000844,0.13450000000000000844
-49,-112.5,0.20439999999999999836,0.20439999999999999836
-48,-112.5,0.26009999999999999787,0.26009999999999999787
-47,-112.5,0.37800000000000000266,0.37800000000000000266
-46,-112.5,0.41639999999999999236,0.41639999999999999236
-45,-112.5,0.064299999999999996048,0.064299999999999996048
-44,-112.5,0.048800000000000003098,0.048800000000000003098
-43,-112.5,0.22739999999999999103,0.22739999999999999103
-42,-112.5,0.55049999999999998934,0.55049999999999998934
-41,-112.5,0.34160000000000001474,0.34160000000000001474
-40,-112.5,0.31390000000000001235,0.31390000000000001235
-39,-112.5,0.39389999999999997238,0.39389999999999997238
-38,-112.5,0.50600000000000000533,0.50600000000000000533
-37,-112.5,0.92810000000000003606,0.92810000000000003606
-36,-112.5,0.92120000000000001883,0.92120000000000001883
-35,-112.5,0.88439999999999996394,0.88439999999999996394
-34,-112.5,0.98890000000000000124,0.98890000000000000124
-33,-112.5,0.47220000000000000862,0.47220000000000000862
-32,-112.5,0.18950000000000000178,0.18950000000000000178
-31,-112.5,0.17260000000000000342,0.17260000000000000342
-30,-112.5,0.25859999999999999654,0.25859999999999999654
-29,-112.5,0.38740000000000002212,0.38740000000000002212
-28,-112.5,0.55200000000000004619,0.55200000000000004619
-27,-112.5,0.71330000000000004512,0.71330000000000004512
-26,-112.5,0.7429000000000000048,0.7429000000000000048
-25,-112.5,0.35299999999999998046,0.35299999999999998046
-24,-112.5,0.68850000000000000089,0.68850000000000000089
-23,-112.5,0.67079999999999995186,0.67079999999999995186
-22,-112.5,0.48089999999999999414,0.48089999999999999414
-21,-112.5,0.39519999999999999574,0.39519999999999999574
-20,-112.5,0.18110000000000001097,0.18110000000000001097
-19,-112.5,0.15229999999999999094,0.15229999999999999094
-18,-112.5,0.14999999999999999445,0.14999999999999999445
-17,-112.5,0.14710000000000000853,0.14710000000000000853
-16,-112.5,0.32979999999999998206,0.32979999999999998206
-15,-112.5,0.88970000000000004636,0.88970000000000004636
-14,-112.5,0.98509999999999997566,0.98509999999999997566
-13,-112.5,0.61819999999999997176,0.61819999999999997176
-12,-112.5,0.17489999999999999991,0.17489999999999999991
-11,-112.5,0.0298000000000000001,0.0298000000000000001
-10,-112.5,0.050099999999999998701,0.050099999999999998701
-9,-112.5,0.097699999999999995182,0.097699999999999995182
-8,-112.5,0.11150000000000000189,0.11150000000000000189
-7,-112.5,0.20119999999999998996,0.20119999999999998996
-6,-112.5,0.2741000000000000103,0.2741000000000000103
-5,-112.5,0.28539999999999998703,0.28539999999999998703
-4,-112.5,0.55879999999999996341,0.55879999999999996341
-3,-112.5,0.62439999999999995506,0.62439999999999995506
-2,-112.5,0.091999999999999998446,0.091999999999999998446
-1,-112.5,0.0025999999999999998807,0.0025999999999999998807
0,-112.5,0.00059999999999999994744,0.00059999999999999994744
1,-112.5,0.00010000000000000000479,0.00010000000000000000479
2,-112.5,0.00040000000000000001917,0.00040000000000000001917
3,-112.5,0.00040000000000000001917,0.00040000000000000001917
4,-112.5,0.00020000000000000000958,0.00020000000000000000958
5,-112.5,0.0020999999999999998702,0.0020999999999999998702
6,-112.5,0.079899999999999998801,0.079899999999999998801
7,-112.5,0.37290000000000000924,0.37290000000000000924
8,-112.5,0.63719999999999998863,0.63719999999999998863
9,-112.5,0.39040000000000002478,0.39040000000000002478
10,-112.5,0.36720000000000002638,0.36720000000000002638
11,-112.5,0.31480000000000002425,0.31480000000000002425
12,-112.5,0.28220000000000000639,0.28220000000000000639
13,-112.5,0.29570000000000001839,0.29570000000000001839
14,-112.5,0.5724000000000000199,0.5724000000000000199
15,-112.5,0.55210000000000003517,0.55210000000000003517
16,-112.5,0.4500000000000000111,0.4500000000000000111
17,-112.5,0.53069999999999994955,0.53069999999999994955
18,-112.5,0.44319999999999998286,0.44319999999999998286
19,-112.5,0.2954999999999999849,0.2954999999999999849
20,-112.5,0.15229999999999999094,0.15229999999999999094
21,-112.5,0.16850000000000001088,0.16850000000000001088
22,-112.5,0.25050000000000000044,0.25050000000000000044
23,-112.5,0.21879999999999999449,0.21879999999999999449
24,-112.5,0.32350000000000000977,0.32350000000000000977
25,-112.5,0.78990000000000004654,0.78990000000000004654
26,-112.5,0.49599999999999999645,0.49599999999999999645
27,-112.5,0.46510000000000001341,0.46510000000000001341
28,-112.5,0.41310000000000002274,0.41310000000000002274
29,-112.5,0.22880000000000000338,0.22880000000000000338
30,-112.5,0.10199999999999999345,0.10199999999999999345
31,-112.5,0.087900000000000005906,0.087900000000000005906
32,-112.5,0.05650000000000000161,0.05650000000000000161
33,-112.5,0.22120000000000000773,0.22120000000000000773
34,-112.5,0.98089999999999999414,0.98089999999999999414
35,-112.5,0.99150000000000004796,0.99150000000000004796
36,-112.5,0.98890000000000000124,0.98890000000000000124
37,-112.5,0.99590000000000000746,0.99590000000000000746
38,-112.5,0.94640000000000001901,0.94640000000000001901
39,-112.5,0.59260000000000001563,0.59260000000000001563
40,-112.5,0.49399999999999999467,0.49399999999999999467
41,-112.5,0.6231999999999999762,0.6231999999999999762
42,-112.5,0.68589999999999995417,0.68589999999999995417
43,-112.5,0.41839999999999999414,0.41839999999999999414
44,-112.5,0.60670000000000001705,0.60670000000000001705
45,-112.5,0.63429999999999997495,0.63429999999999997495
46,-112.5,0.89449999999999996181,0.89449999999999996181
47,-112.5,0.54800000000000004263,0.54800000000000004263
48,-112.5,0.35339999999999999192,0.35339999999999999192
49,-112.5,0.83060000000000000497,0.83060000000000000497
50,-112.5,0.67920000000000002593,0.67920000000000002593
51,-112.5,0.794599999999999973,0.794599999999999973
52,-112.5,0.90980000000000005311,0.90980000000000005311
53,-112.5,0.74229999999999995985,0.74229999999999995985
54,-112.5,0.97729999999999994653,0.97729999999999994653
55,-112.5,0.49509999999999998455,0.49509999999999998455
56,-112.5,0.1688000000000000056,0.1688000000000000056
57,-112.5,0.36420000000000002371,0.36420000000000002371
58,-112.5,0.42420000000000002149,0.42420000000000002149
59,-112.5,0.44100000000000000311,0.44100000000000000311
60,-112.5,0.48339999999999999636,0.48339999999999999636
61,-112.5,0.42930000000000001492,0.42930000000000001492
62,-112.5,0.47720000000000001306,0.47720000000000001306
63,-112.5,0.47079999999999999627,0.47079999999999999627
64,-112.5,0.54630000000000000782,0.54630000000000000782
65,-112.5,0.68989999999999995772,0.68989999999999995772
66,-112.5,0.69069999999999998064,0.69069999999999998064
67,-112.5,0.11060000000000000386,0.11060000000000000386
68,-112.5,0.016099999999999999728,0.016099999999999999728
69,-112.5,0.22289999999999998703,0.22289999999999998703
70,-112.5,0.45629999999999998339,0.45629999999999998339
-69,-111.25,0.42909999999999998144,0.42909999999999998144
-68,-111.25,0.46169999999999999929,0.46169999999999999929
-67,-111.25,0.36370000000000002327,0.36370000000000002327
-66,-111.25,0.46039999999999997593,0.46039999999999997593
-65,-111.25,0.48759999999999997788,0.48759999999999997788
-64,-111.25,0.63009999999999999343,0.63009999999999999343
-63,-111.25,0.74519999999999997353,0.74519999999999997353
-62,-111.25,0.74180000000000001492,0.74180000000000001492
-61,-111.25,0.7883999999999999897,0.7883999999999999897
-60,-111.25,0.77190000000000003055,0.77190000000000003055
-59,-111.25,0.62199999999999999734,0.62199999999999999734
-58,-111.25,0.97340000000000004299,0.97340000000000004299
-57,-111.25,0.92439999999999999947,0.92439999999999999947
-56,-111.25,0.51470000000000004636,0.51470000000000004636
-55,-111.25,0.55859999999999998543,0.55859999999999998543
-54,-111.25,0.65629999999999999449,0.65629999999999999449
-53,-111.25,0.59450000000000002842,0.59450000000000002842
-52,-111.25,0.50160000000000004583,0.50160000000000004583
-51,-111.25,0.2406000000000000083,0.2406000000000000083
-50,-111.25,0.18940000000000001279,0.18940000000000001279
-49,-111.25,0.38600000000000000977,0.38600000000000000977
-48,-111.25,0.53800000000000003375,0.53800000000000003375
-47,-111.25,0.7447000000000000286,0.7447000000000000286
-46,-111.25,0.17910000000000000919,0.17910000000000000919
-45,-111.25,0.021899999999999999328,0.021899999999999999328
-44,-111.25,0.018499999999999999084,0.018499999999999999084
-43,-111.25,0.22470000000000001084,0.22470000000000001084
-42,-111.25,0.76929999999999998384,0.76929999999999998384
-41,-111.25,0.62039999999999995151,0.62039999999999995151
-40,-111.25,0.54000000000000003553,0.54000000000000003553
-39,-111.25,0.73589999999999999858,0.73589999999999999858
-38,-111.25,0.91439999999999999059,0.91439999999999999059
-37,-111.25,0.97370000000000000995,0.97370000000000000995
-36,-111.25,0.95609999999999994991,0.95609999999999994991
-35,-111.25,0.98729999999999995541,0.98729999999999995541
-34,-111.25,0.87549999999999994493,0.87549999999999994493
-33,-111.25,0.39190000000000002611,0.39190000000000002611
-32,-111.25,0.27720000000000000195,0.27720000000000000195
-31,-111.25,0.25340000000000001412,0.25340000000000001412
-30,-111.25,0.33560000000000000941,0.33560000000000000941
-29,-111.25,0.55089999999999994529,0.55089999999999994529
-28,-111.25,0.57940000000000002611,0.57940000000000002611
-27,-111.25,0.68869999999999997886,0.68869999999999997886
-26,-111.25,0.42620000000000002327,0.42620000000000002327
-25,-111.25,0.29120000000000001439,0.29120000000000001439
-24,-111.25,0.8867000000000000437,0.8867000000000000437
-23,-111.25,0.75890000000000001901,0.75890000000000001901
-22,-111.25,0.30999999999999999778,0.30999999999999999778
-21,-111.25,0.32829999999999998073,0.32829999999999998073
-20,-111.25,0.15520000000000000462,0.15520000000000000462
-19,-111.25,0.14929999999999998828,0.14929999999999998828
-18,-111.25,0.23849999999999998979,0.23849999999999998979
-17,-111.25,0.221000000000000002,0.221000000000000002
-16,-111.25,0.59040000000000003588,0.59040000000000003588
-15,-111.25,0.92200000000000004174,0.92200000000000004174
-14,-111.25,0.98419999999999996376,0.98419999999999996376
-13,-111.25,0.59919999999999995488,0.59919999999999995488
-12,-111.25,0.10390000000000000624,0.10390000000000000624
-11,-111.25,0.067000000000000003997,0.067000000000000003997
-10,-111.25,0.013700000000000000372,0.013700000000000000372
-9,-111.25,0.065199999999999994071,0.065199999999999994071
-8,-111.25,0.13589999999999999303,0.13589999999999999303
-7,-111.25,0.27189999999999997504,0.27189999999999997504
-6,-111.25,0.30349999999999999201,0.30349999999999999201
-5,-111.25,0.36139999999999999902,0.36139999999999999902
-4,-111.25,0.5070999999999999952,0.5070999999999999952
-3,-111.25,0.90149999999999996803,0.90149999999999996803
-2,-111.25,0.062199999999999998346,0.062199999999999998346
-1,-111.25,0.0068999999999999998834,0.0068999999999999998834
0,-111.25,0.0020999999999999998702,0.0020999999999999998702
1,-111.25,0.0011000000000000000663,0.0011000000000000000663
2,-111.25,0.00010000000000000000479,0.00010000000000000000479
3,-111.25,0.00040000000000000001917,0.00040000000000000001917
4,-111.25,0.00020000000000000000958,0.00020000000000000000958
5,-111.25,0.0013999999999999999858,0.0013999999999999999858
6,-111.25,0.049000000000000001887,0.049000000000000001887
7,-111.25,0.22800000000000000822,0.22800000000000000822
8,-111.25,0.294599999999999973,0.294599999999999973
9,-111.25,0.18310000000000001275,0.18310000000000001275
10,-111.25,0.45510000000000000453,0.45510000000000000453
11,-111.25,0.39469999999999999529,0.39469999999999999529
12,-111.25,0.35989999999999999769,0.35989999999999999769
13,-111.25,0.27760000000000001341,0.27760000000000001341
14,-111.25,0.27510000000000001119,0.27510000000000001119
15,-111.25,0.34499999999999997335,0.34499999999999997335
16,-111.25,0.38600000000000000977,0.38600000000000000977
17,-111.25,0.42030000000000000693,0.42030000000000000693
18,-111.25,0.25640000000000001679,0.25640000000000001679
19,-111.25,0.14999999999999999445,0.14999999999999999445
20,-111.25,0.14860000000000000986,0.14860000000000000986
21,-111.25,0.16659999999999999809,0.16659999999999999809
22,-111.25,0.14210000000000000409,0.14210000000000000409
23,-111.25,0.17860000000000000875,0.17860000000000000875
24,-111.25,0.36280000000000001137,0.36280000000000001137
25,-111.25,0.45100000000000001199,0.45100000000000001199
26,-111.25,0.40289999999999998037,0.40289999999999998037
27,-111.25,0.33679999999999998828,0.33679999999999998828
28,-111.25,0.29839999999999999858,0.29839999999999999858
29,-111.25,0.26669999999999999263,0.26669999999999999263
30,-111.25,0.1221000000000000002,0.1221000000000000002
31,-111.25,0.11559999999999999443,0.11559999999999999443
32,-111.25,0.23439999999999999725,0.23439999999999999725
33,-111.25,0.40170000000000000151,0.40170000000000000151
34,-111.25,0.73839999999999994529,0.73839999999999994529
35,-111.25,0.82999999999999996003,0.82999999999999996003
36,-111.25,0.93820000000000003393,0.93820000000000003393
37,-111.25,0.99880000000000002114,0.99880000000000002114
38,-111.25,0.88090000000000001634,0.88090000000000001634
39,-111.25,0.89280000000000003801,0.89280000000000003801
40,-111.25,0.80289999999999994706,0.80289999999999994706
41,-111.25,0.75170000000000003482,0.75170000000000003482
42,-111.25,0.58599999999999996536,0.58599999999999996536
43,-111.25,0.25119999999999997886,0.25119999999999997886
44,-111.25,0.14160000000000000364,0.14160000000000000364
45,-111.25,0.14940000000000000502,0.14940000000000000502
46,-111.25,0.43909999999999999032,0.43909999999999999032
47,-111.25,0.75690000000000001723,0.75690000000000001723
48,-111.25,0.52820000000000000284,0.52820000000000000284
49,-111.25,0.96560000000000001386,0.96560000000000001386
50,-111.25,0.95230000000000003535,0.95230000000000003535
51,-111.25,0.97519999999999995577,0.97519999999999995577
52,-111.25,0.723300000000000054,0.723300000000000054
53,-111.25,0.56850000000000000533,0.56850000000000000533
54,-111.25,0.94969999999999998863,0.94969999999999998863
55,-111.25,0.65729999999999999538,0.65729999999999999538
56,-111.25,0.16380000000000000115,0.16380000000000000115
57,-111.25,0.3454999999999999738,0.3454999999999999738
58,-111.25,0.41739999999999999325,0.41739999999999999325
59,-111.25,0.42080000000000000737,0.42080000000000000737
60,-111.25,0.59079999999999999183,0.59079999999999999183
61,-111.25,0.55989999999999995328,0.55989999999999995328
62,-111.25,0.46589999999999998082,0.46589999999999998082
63,-111.25,0.43709999999999998854,0.43709999999999998854
64,-111.25,0.55320000000000002505,0.55320000000000002505
65,-111.25,0.71789999999999998259,0.71789999999999998259
66,-111.25,0.68510000000000004228,0.68510000000000004228
67,-111.25,0.20339999999999999747,0.20339999999999999747
68,-111.25,0.041300000000000003375,0.041300000000000003375
69,-111.25,0.17690000000000000169,0.17690000000000000169
70,-111.25,0.30330000000000001403,0.30330000000000001403
-69,-110,0.33289999999999997371,0.33289999999999997371
-68,-110,0.31550000000000000266,0.31550000000000000266
-67,-110,0.20510000000000000453,0.20510000000000000453
-66,-110,0.34610000000000001874,0.34610000000000001874
-65,-110,0.44019999999999998019,0.44019999999999998019
-64,-110,0.59119999999999994778,0.59119999999999994778
-63,-110,0.75690000000000001723,0.75690000000000001723
-62,-110,0.67889999999999994795,0.67889999999999994795
-61,-110,0.68700000000000005507,0.68700000000000005507
-60,-110,0.85470000000000001528,0.85470000000000001528
-59,-110,0.80949999999999999734,0.80949999999999999734
-58,-110,0.95199999999999995737,0.95199999999999995737
-57,-110,0.8811999999999999833,0.8811999999999999833
-56,-110,0.52510000000000001119,0.52510000000000001119
-55,-110,0.38879999999999997895,0.38879999999999997895
-54,-110,0.58530000000000004245,0.58530000000000004245
-53,-110,0.57789999999999996927,0.57789999999999996927
-52,-110,0.52959999999999995968,0.52959999999999995968
-51,-110,0.25850000000000000755,0.25850000000000000755
-50,-110,0.28620000000000000995,0.28620000000000000995
-49,-110,0.49130000000000001448,0.49130000000000001448
-48,-110,0.69950000000000001066,0.69950000000000001066
-47,-110,0.56750000000000000444,0.56750000000000000444
-46,-110,0.070800000000000001821,0.070800000000000001821
-45,-110,0.01799999999999999864,0.01799999999999999864
-44,-110,0.031800000000000001876,0.031800000000000001876
-43,-110,0.5695999999999999952,0.5695999999999999952
-42,-110,0.92469999999999996643,0.92469999999999996643
-41,-110,0.8400999999999999579,0.8400999999999999579
-40,-110,0.58420000000000005258,0.58420000000000005258
-39,-110,0.76859999999999994991,0.76859999999999994991
-38,-110,0.98880000000000001226,0.98880000000000001226
-37,-110,0.96799999999999997158,0.96799999999999997158
-36,-110,0.98680000000000001048,0.98680000000000001048
-35,-110,0.88519999999999998685,0.88519999999999998685
-34,-110,0.88319999999999998508,0.88319999999999998508
-33,-110,0.71040000000000003144,0.71040000000000003144
-32,-110,0.61089999999999999858,0.61089999999999999858
-31,-110,0.4393000000000000238,0.4393000000000000238
-30,-110,0.58109999999999994991,0.58109999999999994991
-29,-110,0.61460000000000003517,0.61460000000000003517
-28,-110,0.50609999999999999432,0.50609999999999999432
-27,-110,0.60240000000000004654,0.60240000000000004654
-26,-110,0.46720000000000000417,0.46720000000000000417
-25,-110,0.54600000000000004086,0.54600000000000004086
-24,-110,0.99770000000000003126,0.99770000000000003126
-23,-110,0.81110000000000004317,0.81110000000000004317
-22,-110,0.41980000000000000648,0.41980000000000000648
-21,-110,0.39769999999999999796,0.39769999999999999796
-20,-110,0.10870000000000000495,0.10870000000000000495
-19,-110,0.20610000000000000542,0.20610000000000000542
-18,-110,0.4304000000000000048,0.4304000000000000048
-17,-110,0.48520000000000002016,0.48520000000000002016
-16,-110,0.95579999999999998295,0.95579999999999998295
-15,-110,0.98250000000000003997,0.98250000000000003997
-14,-110,0.94959999999999999964,0.94959999999999999964
-13,-110,0.64839999999999997637,0.64839999999999997637
-12,-110,0.10979999999999999483,0.10979999999999999483
-11,-110,0.063000000000000000444,0.063000000000000000444
-10,-110,0.013499999999999999847,0.013499999999999999847
-9,-110,0.066900000000000001132,0.066900000000000001132
-8,-110,0.17180000000000000826,0.17180000000000000826
-7,-110,0.30440000000000000391,0.30440000000000000391
-6,-110,0.29160000000000002585,0.29160000000000002585
-5,-110,0.28549999999999997602,0.28549999999999997602
-4,-110,0.49940000000000001057,0.49940000000000001057
-3,-110,0.98009999999999997122,0.98009999999999997122
-2,-110,0.034000000000000002442,0.034000000000000002442
-1,-110,0.0043000000000000000028,0.0043000000000000000028
0,-110,0.0030999999999999998911,0.0030999999999999998911
1,-110,0.0051999999999999997613,0.0051999999999999997613
2,-110,0.0016999999999999999053,0.0016999999999999999053
3,-110,0.0011000000000000000663,0.0011000000000000000663
4,-110,0.0017999999999999999507,0.0017999999999999999507
5,-110,0.0027000000000000001429,0.0027000000000000001429
6,-110,0.042799999999999997768,0.042799999999999997768
7,-110,0.1942000000000000115,0.1942000000000000115
8,-110,0.19880000000000000449,0.19880000000000000449
9,-110,0.44869999999999998774,0.44869999999999998774
10,-110,0.74699999999999999734,0.74699999999999999734
11,-110,0.61809999999999998277,0.61809999999999998277
12,-110,0.38279999999999997362,0.38279999999999997362
13,-110,0.16439999999999999059,0.16439999999999999059
14,-110,0.1233999999999999958,0.1233999999999999958
15,-110,0.18140000000000000568,0.18140000000000000568
16,-110,0.30099999999999998979,0.30099999999999998979
17,-110,0.33319999999999999618,0.33319999999999999618
18,-110,0.26860000000000000542,0.26860000000000000542
19,-110,0.12650000000000000133,0.12650000000000000133
20,-110,0.120499999999999996,0.120499999999999996
21,-110,0.14769999999999999796,0.14769999999999999796
22,-110,0.08920000000000000151,0.08920000000000000151
23,-110,0.081400000000000000133,0.081400000000000000133
24,-110,0.13800000000000001155,0.13800000000000001155
25,-110,0.18670000000000000484,0.18670000000000000484
26,-110,0.26640000000000002567,0.26640000000000002567
27,-110,0.24379999999999998894,0.24379999999999998894
28,-110,0.22609999999999999543,0.22609999999999999543
29,-110,0.22140000000000001346,0.22140000000000001346
30,-110,0.20480000000000000981,0.20480000000000000981
31,-110,0.25959999999999999742,0.25959999999999999742
32,-110,0.37159999999999998588,0.37159999999999998588
33,-110,0.52429999999999998828,0.52429999999999998828
34,-110,0.42099999999999998535,0.42099999999999998535
35,-110,0.69420000000000003926,0.69420000000000003926
36,-110,0.76980000000000003979,0.76980000000000003979
37,-110,0.95699999999999996181,0.95699999999999996181
38,-110,0.97230000000000005311,0.97230000000000005311
39,-110,0.87080000000000001847,0.87080000000000001847
40,-110,0.89590000000000002967,0.89590000000000002967
41,-110,0.81289999999999995595,0.81289999999999995595
42,-110,0.8858000000000000318,0.8858000000000000318
43,-110,0.37249999999999999778,0.37249999999999999778
44,-110,0.11139999999999999902,0.11139999999999999902
45,-110,0.1865999999999999881,0.1865999999999999881
46,-110,0.32679999999999997939,0.32679999999999997939
47,-110,0.89970000000000005524,0.89970000000000005524
48,-110,0.8186999999999999833,0.8186999999999999833
49,-110,0.90710000000000001741,0.90710000000000001741
50,-110,0.99629999999999996341,0.99629999999999996341
51,-110,0.94289999999999996039,0.94289999999999996039
52,-110,0.7456000000000000405,0.7456000000000000405
53,-110,0.70399999999999995914,0.70399999999999995914
54,-110,0.69999999999999995559,0.69999999999999995559
55,-110,0.51100000000000000977,0.51100000000000000977
56,-110,0.14719999999999999751,0.14719999999999999751
57,-110,0.25480000000000002647,0.25480000000000002647
58,-110,0.47339999999999998748,0.47339999999999998748
59,-110,0.64259999999999994902,0.64259999999999994902
60,-110,0.75949999999999995293,0.75949999999999995293
61,-110,0.6875,0.6875
62,-110,0.45190000000000002389,0.45190000000000002389
63,-110,0.37919999999999998153,0.37919999999999998153
64,-110,0.51729999999999998206,0.51729999999999998206
65,-110,0.66279999999999994476,0.66279999999999994476
66,-110,0.63929999999999997939,0.63929999999999997939
67,-110,0.48609999999999997655,0.48609999999999997655
68,-110,0.14089999999999999747,0.14089999999999999747
69,-110,0.16239999999999998881,0.16239999999999998881
70,-110,0.21169999999999999929,0.21169999999999999929
-69,-108.75,0.27639999999999997904,0.27639999999999997904
-68,-108.75,0.24470000000000000084,0.24470000000000000084
-67,-108.75,0.1710000000000000131,0.1710000000000000131
-66,-108.75,0.25019999999999997797,0.25019999999999997797
-65,-108.75,0.30849999999999999645,0.30849999999999999645
-64,-108.75,0.47020000000000000684,0.47020000000000000684
-63,-108.75,0.68649999999999999911,0.68649999999999999911
-62,-108.75,0.55200000000000004619,0.55200000000000004619
-61,-108.75,0.72409999999999996589,0.72409999999999996589
-60,-108.75,0.94320000000000003837,0.94320000000000003837
-59,-108.75,0.98699999999999998845,0.98699999999999998845
-58,-108.75,0.96650000000000002576,0.96650000000000002576
-57,-108.75,0.79530000000000000693,0.79530000000000000693
-56,-108.75,0.37900000000000000355,0.37900000000000000355
-55,-108.75,0.29170000000000001483,0.29170000000000001483
-54,-108.75,0.44019999999999998019,0.44019999999999998019
-53,-108.75,0.45279999999999998028,0.45279999999999998028
-52,-108.75,0.39560000000000000719,0.39560000000000000719
-51,-108.75,0.17669999999999999596,0.17669999999999999596
-50,-108.75,0.25829999999999997407,0.25829999999999997407
-49,-108.75,0.47339999999999998748,0.47339999999999998748
-48,-108.75,0.69450000000000000622,0.69450000000000000622
-47,-108.75,0.81540000000000001368,0.81540000000000001368
-46,-108.75,0.10680000000000000604,0.10680000000000000604
-45,-108.75,0.034400000000000000022,0.034400000000000000022
-44,-108.75,0.28320000000000000728,0.28320000000000000728
-43,-108.75,0.29709999999999997522,0.29709999999999997522
-42,-108.75,0.71470000000000000195,0.71470000000000000195
-41,-108.75,0.61629999999999995897,0.61629999999999995897
-40,-108.75,0.48309999999999997389,0.48309999999999997389
-39,-108.75,0.77170000000000005258,0.77170000000000005258
-38,-108.75,0.91180000000000005489,0.91180000000000005489
-37,-108.75,0.94199999999999994849,0.94199999999999994849
-36,-108.75,0.88270000000000004015,0.88270000000000004015
-35,-108.75,0.8081000000000000405,0.8081000000000000405
-34,-108.75,0.94950000000000001066,0.94950000000000001066
-33,-108.75,0.89080000000000003624,0.89080000000000003624
-32,-108.75,0.80359999999999998099,0.80359999999999998099
-31,-108.75,0.82120000000000004103,0.82120000000000004103
-30,-108.75,0.80330000000000001403,0.80330000000000001403
-29,-108.75,0.53520000000000000906,0.53520000000000000906
-28,-108.75,0.23949999999999999067,0.23949999999999999067
-27,-108.75,0.41280000000000000027,0.41280000000000000027
-26,-108.75,0.65790000000000004032,0.65790000000000004032
-25,-108.75,0.89070000000000004725,0.89070000000000004725
-24,-108.75,0.93330000000000001847,0.93330000000000001847
-23,-108.75,0.75939999999999996394,0.75939999999999996394
-22,-108.75,0.29870000000000002105,0.29870000000000002105
-21,-108.75,0.19400000000000000577,0.19400000000000000577
-20,-108.75,0.10639999999999999458,0.10639999999999999458
-19,-108.75,0.4561999999999999944,0.4561999999999999944
-18,-108.75,0.63759999999999994458,0.63759999999999994458
-17,-108.75,0.84350000000000002753,0.84350000000000002753
-16,-108.75,0.99299999999999999378,0.99299999999999999378
-15,-108.75,0.96479999999999999094,0.96479999999999999094
-14,-108.75,0.97560000000000002274,0.97560000000000002274
-13,-108.75,0.66900000000000003908,0.66900000000000003908
-12,-108.75,0.12829999999999999738,0.12829999999999999738
-11,-108.75,0.054199999999999998179,0.054199999999999998179
-10,-108.75,0.033399999999999999134,0.033399999999999999134
-9,-108.75,0.11880000000000000282,0.11880000000000000282
-8,-108.75,0.22370000000000000995,0.22370000000000000995
-7,-108.75,0.30559999999999998277,0.30559999999999998277
-6,-108.75,0.23980000000000001315,0.23980000000000001315
-5,-108.75,0.2883999999999999897,0.2883999999999999897
-4,-108.75,0.64210000000000000409,0.64210000000000000409
-3,-108.75,0.97899999999999998135,0.97899999999999998135
-2,-108.75,0.040599999999999997202,0.040599999999999997202
-1,-108.75,0.0074000000000000003275,0.0074000000000000003275
0,-108.75,0.0027999999999999999716,0.0027999999999999999716
1,-108.75,0.0088999999999999999251,0.0088999999999999999251
2,-108.75,0.0023999999999999997898,0.0023999999999999997898
3,-108.75,0.002500000000000000052,0.002500000000000000052
4,-108.75,0.0020000000000000000416,0.0020000000000000000416
5,-108.75,0.0071999999999999998029,0.0071999999999999998029
6,-108.75,0.076200000000000003841,0.076200000000000003841
7,-108.75,0.22439999999999998836,0.22439999999999998836
8,-108.75,0.26719999999999999307,0.26719999999999999307
9,-108.75,0.39660000000000000808,0.39660000000000000808
10,-108.75,0.75790000000000001812,0.75790000000000001812
11,-108.75,0.68320000000000002949,0.68320000000000002949
12,-108.75,0.41630000000000000338,0.41630000000000000338
13,-108.75,0.23210000000000000075,0.23210000000000000075
14,-108.75,0.13420000000000001372,0.13420000000000001372
15,-108.75,0.14649999999999999134,0.14649999999999999134
16,-108.75,0.25109999999999998987,0.25109999999999998987
17,-108.75,0.23109999999999999987,0.23109999999999999987
18,-108.75,0.16639999999999999236,0.16639999999999999236
19,-108.75,0.16850000000000001088,0.16850000000000001088
20,-108.75,0.120499999999999996,0.120499999999999996
21,-108.75,0.1121000000000000052,0.1121000000000000052
22,-108.75,0.086900000000000005018,0.086900000000000005018
23,-108.75,0.075899999999999995248,0.075899999999999995248
24,-108.75,0.077899999999999997025,0.077899999999999997025
25,-108.75,0.12039999999999999314,0.12039999999999999314
26,-108.75,0.31350000000000000089,0.31350000000000000089
27,-108.75,0.40400000000000002576,0.40400000000000002576
28,-108.75,0.38400000000000000799,0.38400000000000000799
29,-108.75,0.20990000000000000324,0.20990000000000000324
30,-108.75,0.24470000000000000084,0.24470000000000000084
31,-108.75,0.40929999999999999716,0.40929999999999999716
32,-108.75,0.45689999999999997282,0.45689999999999997282
33,-108.75,0.18090000000000000524,0.18090000000000000524
34,-108.75,0.16189999999999998836,0.16189999999999998836
35,-108.75,0.43070000000000002727,0.43070000000000002727
36,-108.75,0.61650000000000004796,0.61650000000000004796
37,-108.75,0.96099999999999996536,0.96099999999999996536
38,-108.75,0.91169999999999995488,0.91169999999999995488
39,-108.75,0.97409999999999996589,0.97409999999999996589
40,-108.75,0.9900999999999999801,0.9900999999999999801
41,-108.75,0.93730000000000002203,0.93730000000000002203
42,-108.75,0.93989999999999995772,0.93989999999999995772
43,-108.75,0.89339999999999997193,0.89339999999999997193
44,-108.75,0.34660000000000001918,0.34660000000000001918
45,-108.75,0.11999999999999999556,0.11999999999999999556
46,-108.75,0.3054000000000000048,0.3054000000000000048
47,-108.75,0.89800000000000002043,0.89800000000000002043
48,-108.75,0.848300000000000054,0.848300000000000054
49,-108.75,0.95089999999999996749,0.95089999999999996749
50,-108.75,0.97870000000000001439,0.97870000000000001439
51,-108.75,0.82340000000000002078,0.82340000000000002078
52,-108.75,0.61460000000000003517,0.61460000000000003517
53,-108.75,0.80620000000000002771,0.80620000000000002771
54,-108.75,0.28110000000000001652,0.28110000000000001652
55,-108.75,0.19229999999999999871,0.19229999999999999871
56,-108.75,0.17730000000000001315,0.17730000000000001315
57,-108.75,0.32890000000000002567,0.32890000000000002567
58,-108.75,0.61470000000000002416,0.61470000000000002416
59,-108.75,0.73660000000000003251,0.73660000000000003251
60,-108.75,0.72660000000000002363,0.72660000000000002363
61,-108.75,0.73650000000000004352,0.73650000000000004352
62,-108.75,0.58009999999999994902,0.58009999999999994902
63,-108.75,0.37380000000000002114,0.37380000000000002114
64,-108.75,0.45229999999999997984,0.45229999999999997984
65,-108.75,0.5241000000000000103,0.5241000000000000103
66,-108.75,0.62080000000000001847,0.62080000000000001847
67,-108.75,0.55000000000000004441,0.55000000000000004441
68,-108.75,0.28679999999999999938,0.28679999999999999938
69,-108.75,0.19550000000000000711,0.19550000000000000711
70,-108.75,0.2280999999999999972,0.2280999999999999972
-69,-107.5,0.28429999999999999716,0.28429999999999999716
-68,-107.5,0.24970000000000000528,0.24970000000000000528
-67,-107.5,0.2670000000000000151,0.2670000000000000151
-66,-107.5,0.23539999999999999813,0.23539999999999999813
-65,-107.5,0.25019999999999997797,0.25019999999999997797
-64,-107.5,0.40949999999999997513,0.40949999999999997513
-63,-107.5,0.58269999999999999574,0.58269999999999999574
-62,-107.5,0.48239999999999999547,0.48239999999999999547
-61,-107.5,0.74739999999999995328,0.74739999999999995328
-60,-107.5,0.98839999999999994529,0.98839999999999994529
-59,-107.5,1,1
-58,-107.5,0.99439999999999995062,0.99439999999999995062
-57,-107.5,0.66900000000000003908,0.66900000000000003908
-56,-107.5,0.39679999999999998606,0.39679999999999998606
-55,-107.5,0.2116000000000000103,0.2116000000000000103
-54,-107.5,0.22780000000000000249,0.22780000000000000249
-53,-107.5,0.38579999999999997629,0.38579999999999997629
-52,-107.5,0.39379999999999998339,0.39379999999999998339
-51,-107.5,0.21790000000000001035,0.21790000000000001035
-50,-107.5,0.23230000000000000648,0.23230000000000000648
-49,-107.5,0.4813000000000000056,0.4813000000000000056
-48,-107.5,0.59130000000000004778,0.59130000000000004778
-47,-107.5,0.79120000000000001439,0.79120000000000001439
-46,-107.5,0.21019999999999999796,0.21019999999999999796
-45,-107.5,0.24249999999999999334,0.24249999999999999334
-44,-107.5,0.10589999999999999414,0.10589999999999999414
-43,-107.5,0.069500000000000006217,0.069500000000000006217
-42,-107.5,0.76229999999999997762,0.76229999999999997762
-41,-107.5,0.79249999999999998224,0.79249999999999998224
-40,-107.5,0.5847999999999999865,0.5847999999999999865
-39,-107.5,0.93879999999999996785,0.93879999999999996785
-38,-107.5,0.97460000000000002185,0.97460000000000002185
-37,-107.5,0.98270000000000001794,0.98270000000000001794
-36,-107.5,0.88749999999999995559,0.88749999999999995559
-35,-107.5,0.91730000000000000426,0.91730000000000000426
-34,-107.5,0.91649999999999998135,0.91649999999999998135
-33,-107.5,0.60770000000000001794,0.60770000000000001794
-32,-107.5,0.85129999999999994564,0.85129999999999994564
-31,-107.5,0.94410000000000005027,0.94410000000000005027
-30,-107.5,0.82560000000000000053,0.82560000000000000053
-29,-107.5,0.24779999999999999249,0.24779999999999999249
-28,-107.5,0.28760000000000002229,0.28760000000000002229
-27,-107.5,0.68979999999999996874,0.68979999999999996874
-26,-107.5,0.89959999999999995524,0.89959999999999995524
-25,-107.5,0.95430000000000003713,0.95430000000000003713
-24,-107.5,0.79039999999999999147,0.79039999999999999147
-23,-107.5,0.48339999999999999636,0.48339999999999999636
-22,-107.5,0.1910999999999999921,0.1910999999999999921
-21,-107.5,0.14710000000000000853,0.14710000000000000853
-20,-107.5,0.31769999999999998241,0.31769999999999998241
-19,-107.5,0.70040000000000002256,0.70040000000000002256
-18,-107.5,0.96589999999999998082,0.96589999999999998082
-17,-107.5,0.99599999999999999645,0.99599999999999999645
-16,-107.5,0.99929999999999996607,0.99929999999999996607
-15,-107.5,0.97829999999999994742,0.97829999999999994742
-14,-107.5,0.99280000000000001581,0.99280000000000001581
-13,-107.5,0.84450000000000002842,0.84450000000000002842
-12,-107.5,0.18399999999999999689,0.18399999999999999689
-11,-107.5,0.05979999999999999899,0.05979999999999999899
-10,-107.5,0.091399999999999995137,0.091399999999999995137
-9,-107.5,0.17640000000000000124,0.17640000000000000124
-8,-107.5,0.34920000000000001039,0.34920000000000001039
-7,-107.5,0.18759999999999998899,0.18759999999999998899
-6,-107.5,0.19939999999999999392,0.19939999999999999392
-5,-107.5,0.40389999999999998126,0.40389999999999998126
-4,-107.5,0.90880000000000005222,0.90880000000000005222
-3,-107.5,0.90390000000000003677,0.90390000000000003677
-2,-107.5,0.062199999999999998346,0.062199999999999998346
-1,-107.5,0.0091000000000000004496,0.0091000000000000004496
0,-107.5,0.0057999999999999996003,0.0057999999999999996003
1,-107.5,0.009599999999999999159,0.009599999999999999159
2,-107.5,0.0028999999999999998002,0.0028999999999999998002
3,-107.5,0.0030999999999999998911,0.0030999999999999998911
4,-107.5,0.0051000000000000003664,0.0051000000000000003664
5,-107.5,0.0094999999999999997641,0.0094999999999999997641
6,-107.5,0.069599999999999995204,0.069599999999999995204
7,-107.5,0.20189999999999999614,0.20189999999999999614
8,-107.5,0.3375000000000000222,0.3375000000000000222
9,-107.5,0.41749999999999998224,0.41749999999999998224
10,-107.5,0.67959999999999998188,0.67959999999999998188
11,-107.5,0.70640000000000002789,0.70640000000000002789
12,-107.5,0.42709999999999997966,0.42709999999999997966
13,-107.5,0.19919999999999998819,0.19919999999999998819
14,-107.5,0.14269999999999999352,0.14269999999999999352
15,-107.5,0.11719999999999999862,0.11719999999999999862
16,-107.5,0.13330000000000000182,0.13330000000000000182
17,-107.5,0.17069999999999999063,0.17069999999999999063
18,-107.5,0.14189999999999999836,0.14189999999999999836
19,-107.5,0.12620000000000000662,0.12620000000000000662
20,-107.5,0.1117999999999999966,0.1117999999999999966
21,-107.5,0.071900000000000005573,0.071900000000000005573
22,-107.5,0.094600000000000003531,0.094600000000000003531
23,-107.5,0.13070000000000001061,0.13070000000000001061
24,-107.5,0.12600000000000000089,0.12600000000000000089
25,-107.5,0.26550000000000001377,0.26550000000000001377
26,-107.5,0.27970000000000000417,0.27970000000000000417
27,-107.5,0.29749999999999998668,0.29749999999999998668
28,-107.5,0.450900000000000023,0.450900000000000023
29,-107.5,0.34839999999999998748,0.34839999999999998748
30,-107.5,0.56559999999999999165,0.56559999999999999165
31,-107.5,0.64370000000000004992,0.64370000000000004992
32,-107.5,0.4848000000000000087,0.4848000000000000087
33,-107.5,0.1768000000000000127,0.1768000000000000127
34,-107.5,0.097500000000000003331,0.097500000000000003331
35,-107.5,0.12009999999999999842,0.12009999999999999842
36,-107.5,0.5590000000000000524,0.5590000000000000524
37,-107.5,0.92000000000000003997,0.92000000000000003997
38,-107.5,0.78090000000000003855,0.78090000000000003855
39,-107.5,0.87580000000000002292,0.87580000000000002292
40,-107.5,0.94510000000000005116,0.94510000000000005116
41,-107.5,0.89080000000000003624,0.89080000000000003624
42,-107.5,0.80759999999999998455,0.80759999999999998455
43,-107.5,0.74960000000000004405,0.74960000000000004405
44,-107.5,0.36399999999999999023,0.36399999999999999023
45,-107.5,0.21540000000000000813,0.21540000000000000813
46,-107.5,0.38150000000000000577,0.38150000000000000577
47,-107.5,0.90559999999999996056,0.90559999999999996056
48,-107.5,0.93359999999999998543,0.93359999999999998543
49,-107.5,0.77720000000000000195,0.77720000000000000195
50,-107.5,0.90239999999999997993,0.90239999999999997993
51,-107.5,0.70240000000000002434,0.70240000000000002434
52,-107.5,0.32159999999999999698,0.32159999999999999698
53,-107.5,0.60650000000000003908,0.60650000000000003908
54,-107.5,0.53349999999999997424,0.53349999999999997424
55,-107.5,0.2268000000000000016,0.2268000000000000016
56,-107.5,0.22209999999999999187,0.22209999999999999187
57,-107.5,0.36820000000000002727,0.36820000000000002727
58,-107.5,0.69169999999999998153,0.69169999999999998153
59,-107.5,0.67320000000000002061,0.67320000000000002061
60,-107.5,0.50770000000000004015,0.50770000000000004015
61,-107.5,0.52720000000000000195,0.52720000000000000195
62,-107.5,0.66220000000000001084,0.66220000000000001084
63,-107.5,0.43709999999999998854,0.43709999999999998854
64,-107.5,0.45110000000000000098,0.45110000000000000098
65,-107.5,0.45710000000000000631,0.45710000000000000631
66,-107.5,0.63519999999999998685,0.63519999999999998685
67,-107.5,0.5507999999999999563,0.5507999999999999563
68,-107.5,0.48199999999999998401,0.48199999999999998401
69,-107.5,0.29320000000000001616,0.29320000000000001616
70,-107.5,0.38030000000000002691,0.38030000000000002691
-69,-106.25,0.33189999999999997282,0.33189999999999997282
-68,-106.25,0.34150000000000002576,0.34150000000000002576
-67,-106.25,0.39419999999999999485,0.39419999999999999485
-66,-106.25,0.26140000000000002123,0.26140000000000002123
-65,-106.25,0.29030000000000000249,0.29030000000000000249
-64,-106.25,0.40100000000000002309,0.40100000000000002309
-63,-106.25,0.59579999999999999627,0.59579999999999999627
-62,-106.25,0.58760000000000001119,0.58760000000000001119
-61,-106.25,0.68000000000000004885,0.68000000000000004885
-60,-106.25,0.98770000000000002238,0.98770000000000002238
-59,-106.25,0.99219999999999997087,0.99219999999999997087
-58,-106.25,1,1
-57,-106.25,0.56969999999999998419,0.56969999999999998419
-56,-106.25,0.24240000000000000435,0.24240000000000000435
-55,-106.25,0.11859999999999999709,0.11859999999999999709
-54,-106.25,0.11849999999999999423,0.11849999999999999423
-53,-106.25,0.39510000000000000675,0.39510000000000000675
-52,-106.25,0.3759000000000000119,0.3759000000000000119
-51,-106.25,0.23919999999999999596,0.23919999999999999596
-50,-106.25,0.29749999999999998668,0.29749999999999998668
-49,-106.25,0.51890000000000002789,0.51890000000000002789
-48,-106.25,0.46470000000000000195,0.46470000000000000195
-47,-106.25,0.77249999999999996447,0.77249999999999996447
-46,-106.25,0.37390000000000001013,0.37390000000000001013
-45,-106.25,0.54579999999999995186,0.54579999999999995186
-44,-106.25,0.066299999999999997824,0.066299999999999997824
-43,-106.25,0.13769999999999998908,0.13769999999999998908
-42,-106.25,0.57879999999999998117,0.57879999999999998117
-41,-106.25,0.74360000000000003872,0.74360000000000003872
-40,-106.25,0.78059999999999996056,0.78059999999999996056
-39,-106.25,0.96770000000000000462,0.96770000000000000462
-38,-106.25,0.97819999999999995843,0.97819999999999995843
-37,-106.25,0.94559999999999999609,0.94559999999999999609
-36,-106.25,0.93159999999999998366,0.93159999999999998366
-35,-106.25,0.97709999999999996856,0.97709999999999996856
-34,-106.25,0.83089999999999997193,0.83089999999999997193
-33,-106.25,0.61670000000000002593,0.61670000000000002593
-32,-106.25,0.78349999999999997424,0.78349999999999997424
-31,-106.25,0.9213999999999999968,0.9213999999999999968
-30,-106.25,0.73199999999999998401,0.73199999999999998401
-29,-106.25,0.27550000000000002265,0.27550000000000002265
-28,-106.25,0.45179999999999997939,0.45179999999999997939
-27,-106.25,0.90190000000000003499,0.90190000000000003499
-26,-106.25,0.91410000000000002363,0.91410000000000002363
-25,-106.25,0.84789999999999998703,0.84789999999999998703
-24,-106.25,0.57869999999999999218,0.57869999999999999218
-23,-106.25,0.2838999999999999857,0.2838999999999999857
-22,-106.25,0.20819999999999999618,0.20819999999999999618
-21,-106.25,0.29630000000000000782,0.29630000000000000782
-20,-106.25,0.63049999999999994937,0.63049999999999994937
-19,-106.25,0.76380000000000003446,0.76380000000000003446
-18,-106.25,0.98229999999999995097,0.98229999999999995097
-17,-106.25,0.8706000000000000405,0.8706000000000000405
-16,-106.25,0.99919999999999997708,0.99919999999999997708
-15,-106.25,0.97789999999999999147,0.97789999999999999147
-14,-106.25,0.90749999999999997335,0.90749999999999997335
-13,-106.25,0.75519999999999998241,0.75519999999999998241
-12,-106.25,0.18119999999999999996,0.18119999999999999996
-11,-106.25,0.057399999999999999634,0.057399999999999999634
-10,-106.25,0.11680000000000000104,0.11680000000000000104
-9,-106.25,0.28939999999999999059,0.28939999999999999059
-8,-106.25,0.33710000000000001075,0.33710000000000001075
-7,-106.25,0.17540000000000000036,0.17540000000000000036
-6,-106.25,0.19980000000000000537,0.19980000000000000537
-5,-106.25,0.4713999999999999857,0.4713999999999999857
-4,-106.25,0.92520000000000002238,0.92520000000000002238
-3,-106.25,0.92220000000000001972,0.92220000000000001972
-2,-106.25,0.052100000000000000477,0.052100000000000000477
-1,-106.25,0.0058999999999999998626,0.0058999999999999998626
0,-106.25,0.0061000000000000003872,0.0061000000000000003872
1,-106.25,0.0094000000000000003691,0.0094000000000000003691
2,-106.25,0.0028999999999999998002,0.0028999999999999998002
3,-106.25,0.0051999999999999997613,0.0051999999999999997613
4,-106.25,0.0053000000000000000236,0.0053000000000000000236
5,-106.25,0.009599999999999999159,0.009599999999999999159
6,-106.25,0.026399999999999999856,0.026399999999999999856
7,-106.25,0.11300000000000000322,0.11300000000000000322
8,-106.25,0.38990000000000002434,0.38990000000000002434
9,-106.25,0.31659999999999999254,0.31659999999999999254
10,-106.25,0.40639999999999998348,0.40639999999999998348
11,-106.25,0.64059999999999994724,0.64059999999999994724
12,-106.25,0.41229999999999999982,0.41229999999999999982
13,-106.25,0.19489999999999998992,0.19489999999999998992
14,-106.25,0.15160000000000001252,0.15160000000000001252
15,-106.25,0.09869999999999999607,0.09869999999999999607
16,-106.25,0.10269999999999999962,0.10269999999999999962
17,-106.25,0.11110000000000000431,0.11110000000000000431
18,-106.25,0.093700000000000005507,0.093700000000000005507
19,-106.25,0.10730000000000000648,0.10730000000000000648
20,-106.25,0.23100000000000001088,0.23100000000000001088
21,-106.25,0.30059999999999997833,0.30059999999999997833
22,-106.25,0.23719999999999999418,0.23719999999999999418
23,-106.25,0.29970000000000002194,0.29970000000000002194
24,-106.25,0.61990000000000000657,0.61990000000000000657
25,-106.25,0.53449999999999997513,0.53449999999999997513
26,-106.25,0.48809999999999997833,0.48809999999999997833
27,-106.25,0.23330000000000000737,0.23330000000000000737
28,-106.25,0.33729999999999998872,0.33729999999999998872
29,-106.25,0.32529999999999997806,0.32529999999999997806
30,-106.25,0.37080000000000001847,0.37080000000000001847
31,-106.25,0.52820000000000000284,0.52820000000000000284
32,-106.25,0.42270000000000002016,0.42270000000000002016
33,-106.25,0.15390000000000000902,0.15390000000000000902
34,-106.25,0.1691999999999999893,0.1691999999999999893
35,-106.25,0.14099999999999998646,0.14099999999999998646
36,-106.25,0.28810000000000002274,0.28810000000000002274
37,-106.25,0.32650000000000001243,0.32650000000000001243
38,-106.25,0.66630000000000000338,0.66630000000000000338
39,-106.25,0.77129999999999998561,0.77129999999999998561
40,-106.25,0.71940000000000003944,0.71940000000000003944
41,-106.25,0.7883999999999999897,0.7883999999999999897
42,-106.25,0.56810000000000004938,0.56810000000000004938
43,-106.25,0.55249999999999999112,0.55249999999999999112
44,-106.25,0.45590000000000002744,0.45590000000000002744
45,-106.25,0.45800000000000001821,0.45800000000000001821
46,-106.25,0.73680000000000001048,0.73680000000000001048
47,-106.25,0.86070000000000002061,0.86070000000000002061
48,-106.25,0.83079999999999998295,0.83079999999999998295
49,-106.25,0.9000000000000000222,0.9000000000000000222
50,-106.25,0.97980000000000000426,0.97980000000000000426
51,-106.25,0.65959999999999996412,0.65959999999999996412
52,-106.25,0.22839999999999999192,0.22839999999999999192
53,-106.25,0.4893000000000000127,0.4893000000000000127
54,-106.25,0.97550000000000003375,0.97550000000000003375
55,-106.25,0.44940000000000002167,0.44940000000000002167
56,-106.25,0.20219999999999999085,0.20219999999999999085
57,-106.25,0.20860000000000000764,0.20860000000000000764
58,-106.25,0.3563000000000000056,0.3563000000000000056
59,-106.25,0.37159999999999998588,0.37159999999999998588
60,-106.25,0.46589999999999998082,0.46589999999999998082
61,-106.25,0.50429999999999997051,0.50429999999999997051
62,-106.25,0.5572000000000000286,0.5572000000000000286
63,-106.25,0.66210000000000002185,0.66210000000000002185
64,-106.25,0.54620000000000001883,0.54620000000000001883
65,-106.25,0.47610000000000002318,0.47610000000000002318
66,-106.25,0.42370000000000002105,0.42370000000000002105
67,-106.25,0.4822000000000000175,0.4822000000000000175
68,-106.25,0.68079999999999996074,0.68079999999999996074
69,-106.25,0.3688000000000000167,0.3688000000000000167
70,-106.25,0.68259999999999998455,0.68259999999999998455
-69,-105,0.38469999999999998641,0.38469999999999998641
-68,-105,0.42299999999999998712,0.42299999999999998712
-67,-105,0.52949999999999997069,0.52949999999999997069
-66,-105,0.34599999999999997424,0.34599999999999997424
-65,-105,0.42970000000000002638,0.42970000000000002638
-64,-105,0.4929000000000000048,0.4929000000000000048
-63,-105,0.71670000000000000373,0.71670000000000000373
-62,-105,0.66049999999999997602,0.66049999999999997602
-61,-105,0.53990000000000004654,0.53990000000000004654
-60,-105,0.88339999999999996305,0.88339999999999996305
-59,-105,0.98409999999999997478,0.98409999999999997478
-58,-105,1,1
-57,-105,0.37900000000000000355,0.37900000000000000355
-56,-105,0.078399999999999997469,0.078399999999999997469
-55,-105,0.068500000000000005329,0.068500000000000005329
-54,-105,0.11139999999999999902,0.11139999999999999902
-53,-105,0.37359999999999998765,0.37359999999999998765
-52,-105,0.3534999999999999809,0.3534999999999999809
-51,-105,0.34100000000000002531,0.34100000000000002531
-50,-105,0.33710000000000001075,0.33710000000000001075
-49,-105,0.49569999999999997398,0.49569999999999997398
-48,-105,0.47899999999999998135,0.47899999999999998135
-47,-105,0.68740000000000001101,0.68740000000000001101
-46,-105,0.55800000000000005151,0.55800000000000005151
-45,-105,0.43959999999999999076,0.43959999999999999076
-44,-105,0.192000000000000004,0.192000000000000004
-43,-105,0.056399999999999998745,0.056399999999999998745
-42,-105,0.38700000000000001066,0.38700000000000001066
-41,-105,0.53949999999999997957,0.53949999999999997957
-40,-105,0.55340000000000000302,0.55340000000000000302
-39,-105,0.88239999999999996216,0.88239999999999996216
-38,-105,0.94389999999999996128,0.94389999999999996128
-37,-105,0.86480000000000001315,0.86480000000000001315
-36,-105,0.97970000000000001528,0.97970000000000001528
-35,-105,0.97729999999999994653,0.97729999999999994653
-34,-105,0.95179999999999997939,0.95179999999999997939
-33,-105,0.81140000000000001013,0.81140000000000001013
-32,-105,0.93000000000000004885,0.93000000000000004885
-31,-105,0.9706000000000000183,0.9706000000000000183
-30,-105,0.75429999999999997051,0.75429999999999997051
-29,-105,0.49109999999999998099,0.49109999999999998099
-28,-105,0.73260000000000002895,0.73260000000000002895
-27,-105,0.80249999999999999112,0.80249999999999999112
-26,-105,0.75500000000000000444,0.75500000000000000444
-25,-105,0.71040000000000003144,0.71040000000000003144
-24,-105,0.61460000000000003517,0.61460000000000003517
-23,-105,0.31800000000000000488,0.31800000000000000488
-22,-105,0.28679999999999999938,0.28679999999999999938
-21,-105,0.63529999999999997584,0.63529999999999997584
-20,-105,0.9213999999999999968,0.9213999999999999968
-19,-105,0.92030000000000000693,0.92030000000000000693
-18,-105,0.76549999999999995826,0.76549999999999995826
-17,-105,0.7456000000000000405,0.7456000000000000405
-16,-105,0.99739999999999995328,0.99739999999999995328
-15,-105,0.99490000000000000657,0.99490000000000000657
-14,-105,0.91930000000000000604,0.91930000000000000604
-13,-105,0.58669999999999999929,0.58669999999999999929
-12,-105,0.10159999999999999587,0.10159999999999999587
-11,-105,0.068500000000000005329,0.068500000000000005329
-10,-105,0.16089999999999998748,0.16089999999999998748
-9,-105,0.32669999999999999041,0.32669999999999999041
-8,-105,0.17000000000000001221,0.17000000000000001221
-7,-105,0.13550000000000000933,0.13550000000000000933
-6,-105,0.19370000000000001106,0.19370000000000001106
-5,-105,0.42380000000000001004,0.42380000000000001004
-4,-105,0.93610000000000004317,0.93610000000000004317
-3,-105,0.92239999999999999769,0.92239999999999999769
-2,-105,0.033399999999999999134,0.033399999999999999134
-1,-105,0.0041999999999999997405,0.0041999999999999997405
0,-105,0.00449999999999999966,0.00449999999999999966
1,-105,0.0074000000000000003275,0.0074000000000000003275
2,-105,0.00449999999999999966,0.00449999999999999966
3,-105,0.0041000000000000003456,0.0041000000000000003456
4,-105,0.0041000000000000003456,0.0041000000000000003456
5,-105,0.010300000000000000128,0.010300000000000000128
6,-105,0.028299999999999998768,0.028299999999999998768
7,-105,0.10440000000000000668,0.10440000000000000668
8,-105,0.13939999999999999614,0.13939999999999999614
9,-105,0.11780000000000000193,0.11780000000000000193
10,-105,0.32710000000000000187,0.32710000000000000187
11,-105,0.45729999999999998428,0.45729999999999998428
12,-105,0.44359999999999999432,0.44359999999999999432
13,-105,0.24959999999999998854,0.24959999999999998854
14,-105,0.2232000000000000095,0.2232000000000000095
15,-105,0.20439999999999999836,0.20439999999999999836
16,-105,0.19939999999999999392,0.19939999999999999392
17,-105,0.11269999999999999463,0.11269999999999999463
18,-105,0.075700000000000003397,0.075700000000000003397
19,-105,0.048800000000000003098,0.048800000000000003098
20,-105,0.23739999999999999991,0.23739999999999999991
21,-105,0.43340000000000000746,0.43340000000000000746
22,-105,0.3731999999999999762,0.3731999999999999762
23,-105,0.52459999999999995524,0.52459999999999995524
24,-105,0.59419999999999995044,0.59419999999999995044
25,-105,0.32390000000000002123,0.32390000000000002123
26,-105,0.24970000000000000528,0.24970000000000000528
27,-105,0.21579999999999999183,0.21579999999999999183
28,-105,0.442000000000000004,0.442000000000000004
29,-105,0.5018000000000000238,0.5018000000000000238
30,-105,0.36170000000000002149,0.36170000000000002149
31,-105,0.34029999999999999138,0.34029999999999999138
32,-105,0.30990000000000000879,0.30990000000000000879
33,-105,0.1469000000000000028,0.1469000000000000028
34,-105,0.30749999999999999556,0.30749999999999999556
35,-105,0.15170000000000000151,0.15170000000000000151
36,-105,0.21540000000000000813,0.21540000000000000813
37,-105,0.22609999999999999543,0.22609999999999999543
38,-105,0.43199999999999999512,0.43199999999999999512
39,-105,0.39689999999999997504,0.39689999999999997504
40,-105,0.38850000000000001199,0.38850000000000001199
41,-105,0.72130000000000005222,0.72130000000000005222
42,-105,0.72789999999999999147,0.72789999999999999147
43,-105,0.58050000000000001599,0.58050000000000001599
44,-105,0.86160000000000003251,0.86160000000000003251
45,-105,0.68820000000000003393,0.68820000000000003393
46,-105,0.76710000000000000409,0.76710000000000000409
47,-105,0.7221999999999999531,0.7221999999999999531
48,-105,0.55910000000000004139,0.55910000000000004139
49,-105,0.86060000000000003162,0.86060000000000003162
50,-105,0.96189999999999997726,0.96189999999999997726
51,-105,0.68649999999999999911,0.68649999999999999911
52,-105,0.39319999999999999396,0.39319999999999999396
53,-105,0.44709999999999999742,0.44709999999999999742
54,-105,0.97829999999999994742,0.97829999999999994742
55,-105,0.24799999999999999822,0.24799999999999999822
56,-105,0.13489999999999999214,0.13489999999999999214
57,-105,0.1179000000000000048,0.1179000000000000048
58,-105,0.12489999999999999714,0.12489999999999999714
59,-105,0.20110000000000000098,0.20110000000000000098
60,-105,0.54859999999999997655,0.54859999999999997655
61,-105,0.58189999999999997282,0.58189999999999997282
62,-105,0.48139999999999999458,0.48139999999999999458
63,-105,0.86099999999999998757,0.86099999999999998757
64,-105,0.61089999999999999858,0.61089999999999999858
65,-105,0.4732000000000000095,0.4732000000000000095
66,-105,0.19500000000000000666,0.19500000000000000666
67,-105,0.24429999999999998939,0.24429999999999998939
68,-105,0.4706000000000000183,0.4706000000000000183
69,-105,0.43709999999999998854,0.43709999999999998854
70,-105,0.91590000000000004743,0.91590000000000004743
-69,-103.75,0.4777000000000000135,0.4777000000000000135
-68,-103.75,0.55030000000000001137,0.55030000000000001137
-67,-103.75,0.68899999999999994582,0.68899999999999994582
-66,-103.75,0.52170000000000005258,0.52170000000000005258
-65,-103.75,0.59699999999999997513,0.59699999999999997513
-64,-103.75,0.68020000000000002682,0.68020000000000002682
-63,-103.75,0.82169999999999998597,0.82169999999999998597
-62,-103.75,0.49899999999999999911,0.49899999999999999911
-61,-103.75,0.40999999999999997558,0.40999999999999997558
-60,-103.75,0.83909999999999995701,0.83909999999999995701
-59,-103.75,0.98770000000000002238,0.98770000000000002238
-58,-103.75,0.99599999999999999645,0.99599999999999999645
-57,-103.75,0.28880000000000000115,0.28880000000000000115
-56,-103.75,0.054499999999999999833,0.054499999999999999833
-55,-103.75,0.0355999999999999997,0.0355999999999999997
-54,-103.75,0.13250000000000000666,0.13250000000000000666
-53,-103.75,0.33500000000000001998,0.33500000000000001998
-52,-103.75,0.31040000000000000924,0.31040000000000000924
-51,-103.75,0.33879999999999999005,0.33879999999999999005
-50,-103.75,0.21140000000000000457,0.21140000000000000457
-49,-103.75,0.30070000000000002283,0.30070000000000002283
-48,-103.75,0.52510000000000001119,0.52510000000000001119
-47,-103.75,0.73619999999999996554,0.73619999999999996554
-46,-103.75,0.64129999999999998117,0.64129999999999998117
-45,-103.75,0.25629999999999997229,0.25629999999999997229
-44,-103.75,0.30409999999999998144,0.30409999999999998144
-43,-103.75,0.09909999999999999365,0.09909999999999999365
-42,-103.75,0.52649999999999996803,0.52649999999999996803
-41,-103.75,0.69679999999999997495,0.69679999999999997495
-40,-103.75,0.91990000000000005098,0.91990000000000005098
-39,-103.75,0.97570000000000001172,0.97570000000000001172
-38,-103.75,0.83970000000000000195,0.83970000000000000195
-37,-103.75,0.93230000000000001759,0.93230000000000001759
-36,-103.75,0.97660000000000002363,0.97660000000000002363
-35,-103.75,0.97999999999999998224,0.97999999999999998224
-34,-103.75,0.96740000000000003766,0.96740000000000003766
-33,-103.75,0.92679999999999995719,0.92679999999999995719
-32,-103.75,0.91379999999999994564,0.91379999999999994564
-31,-103.75,0.9885000000000000453,0.9885000000000000453
-30,-103.75,0.85460000000000002629,0.85460000000000002629
-29,-103.75,0.87090000000000000746,0.87090000000000000746
-28,-103.75,0.6197000000000000286,0.6197000000000000286
-27,-103.75,0.73470000000000001972,0.73470000000000001972
-26,-103.75,0.74309999999999998277,0.74309999999999998277
-25,-103.75,0.74139999999999994795,0.74139999999999994795
-24,-103.75,0.55410000000000003695,0.55410000000000003695
-23,-103.75,0.48549999999999998712,0.48549999999999998712
-22,-103.75,0.45910000000000000808,0.45910000000000000808
-21,-103.75,0.88170000000000003926,0.88170000000000003926
-20,-103.75,0.95060000000000000053,0.95060000000000000053
-19,-103.75,0.90029999999999998916,0.90029999999999998916
-18,-103.75,0.50980000000000003091,0.50980000000000003091
-17,-103.75,0.71650000000000002576,0.71650000000000002576
-16,-103.75,0.96540000000000003588,0.96540000000000003588
-15,-103.75,0.96679999999999999272,0.96679999999999999272
-14,-103.75,0.98229999999999995097,0.98229999999999995097
-13,-103.75,0.40910000000000001918,0.40910000000000001918
-12,-103.75,0.13159999999999999476,0.13159999999999999476
-11,-103.75,0.094399999999999997802,0.094399999999999997802
-10,-103.75,0.15020000000000000018,0.15020000000000000018
-9,-103.75,0.21399999999999999578,0.21399999999999999578
-8,-103.75,0.13769999999999998908,0.13769999999999998908
-7,-103.75,0.1317000000000000115,0.1317000000000000115
-6,-103.75,0.17519999999999999463,0.17519999999999999463
-5,-103.75,0.42859999999999998099,0.42859999999999998099
-4,-103.75,0.84070000000000000284,0.84070000000000000284
-3,-103.75,0.95140000000000002345,0.95140000000000002345
-2,-103.75,0.023500000000000000056,0.023500000000000000056
-1,-103.75,0.0088000000000000005301,0.0088000000000000005301
0,-103.75,0.016500000000000000777,0.016500000000000000777
1,-103.75,0.0099000000000000008132,0.0099000000000000008132
2,-103.75,0.0079000000000000007716,0.0079000000000000007716
3,-103.75,0.010899999999999999967,0.010899999999999999967
4,-103.75,0.012200000000000000774,0.012200000000000000774
5,-103.75,0.02359999999999999945,0.02359999999999999945
6,-103.75,0.05340000000000000302,0.05340000000000000302
7,-103.75,0.11580000000000000016,0.11580000000000000016
8,-103.75,0.044999999999999998335,0.044999999999999998335
9,-103.75,0.039100000000000002809,0.039100000000000002809
10,-103.75,0.25280000000000002469,0.25280000000000002469
11,-103.75,0.29239999999999999325,0.29239999999999999325
12,-103.75,0.38009999999999999343,0.38009999999999999343
13,-103.75,0.24269999999999999907,0.24269999999999999907
14,-103.75,0.26009999999999999787,0.26009999999999999787
15,-103.75,0.32690000000000002389,0.32690000000000002389
16,-103.75,0.33300000000000001821,0.33300000000000001821
17,-103.75,0.19659999999999999698,0.19659999999999999698
18,-103.75,0.082799999999999998601,0.082799999999999998601
19,-103.75,0.048000000000000000999,0.048000000000000000999
20,-103.75,0.30480000000000001537,0.30480000000000001537
21,-103.75,0.57540000000000002256,0.57540000000000002256
22,-103.75,0.70069999999999998952,0.70069999999999998952
23,-103.75,0.94169999999999998153,0.94169999999999998153
24,-103.75,0.57379999999999997673,0.57379999999999997673
25,-103.75,0.3563000000000000056,0.3563000000000000056
26,-103.75,0.26169999999999998819,0.26169999999999998819
27,-103.75,0.21659999999999998699,0.21659999999999998699
28,-103.75,0.32979999999999998206,0.32979999999999998206
29,-103.75,0.40289999999999998037,0.40289999999999998037
30,-103.75,0.44850000000000000977,0.44850000000000000977
31,-103.75,0.18329999999999999072,0.18329999999999999072
32,-103.75,0.20769999999999999574,0.20769999999999999574
33,-103.75,0.2026999999999999913,0.2026999999999999913
34,-103.75,0.30290000000000000258,0.30290000000000000258
35,-103.75,0.35920000000000001927,0.35920000000000001927
36,-103.75,0.51919999999999999485,0.51919999999999999485
37,-103.75,0.2338999999999999968,0.2338999999999999968
38,-103.75,0.25569999999999998286,0.25569999999999998286
39,-103.75,0.40610000000000001652,0.40610000000000001652
40,-103.75,0.57479999999999997762,0.57479999999999997762
41,-103.75,0.48739999999999999991,0.48739999999999999991
42,-103.75,0.66390000000000004565,0.66390000000000004565
43,-103.75,0.60680000000000000604,0.60680000000000000604
44,-103.75,0.93359999999999998543,0.93359999999999998543
45,-103.75,0.89790000000000003144,0.89790000000000003144
46,-103.75,0.75700000000000000622,0.75700000000000000622
47,-103.75,0.67610000000000003428,0.67610000000000003428
48,-103.75,0.58209999999999995079,0.58209999999999995079
49,-103.75,0.80910000000000004139,0.80910000000000004139
50,-103.75,0.98489999999999999769,0.98489999999999999769
51,-103.75,0.68740000000000001101,0.68740000000000001101
52,-103.75,0.48909999999999997922,0.48909999999999997922
53,-103.75,0.53349999999999997424,0.53349999999999997424
54,-103.75,0.98839999999999994529,0.98839999999999994529
55,-103.75,0.23799999999999998934,0.23799999999999998934
56,-103.75,0.085999999999999993117,0.085999999999999993117
57,-103.75,0.1121000000000000052,0.1121000000000000052
58,-103.75,0.2152000000000000024,0.2152000000000000024
59,-103.75,0.23719999999999999418,0.23719999999999999418
60,-103.75,0.54649999999999998579,0.54649999999999998579
61,-103.75,0.66279999999999994476,0.66279999999999994476
62,-103.75,0.60970000000000001972,0.60970000000000001972
63,-103.75,0.82340000000000002078,0.82340000000000002078
64,-103.75,0.76119999999999998774,0.76119999999999998774
65,-103.75,0.39219999999999999307,0.39219999999999999307
66,-103.75,0.08590000000000000413,0.08590000000000000413
67,-103.75,0.18699999999999999956,0.18699999999999999956
68,-103.75,0.36009999999999997566,0.36009999999999997566
69,-103.75,0.44319999999999998286,0.44319999999999998286
70,-103.75,0.96309999999999995612,0.96309999999999995612
-69,-102.5,0.61619999999999996998,0.61619999999999996998
-68,-102.5,0.72370000000000000995,0.72370000000000000995
-67,-102.5,0.84879999999999999893,0.84879999999999999893
-66,-102.5,0.73370000000000001883,0.73370000000000001883
-65,-102.5,0.68649999999999999911,0.68649999999999999911
-64,-102.5,0.86150000000000004352,0.86150000000000004352
-63,-102.5,0.87019999999999997353,0.87019999999999997353
-62,-102.5,0.49330000000000001625,0.49330000000000001625
-61,-102.5,0.6302999999999999714,0.6302999999999999714
-60,-102.5,0.85160000000000002363,0.85160000000000002363
-59,-102.5,0.99990000000000001101,0.99990000000000001101
-58,-102.5,0.93630000000000002114,0.93630000000000002114
-57,-102.5,0.28860000000000002318,0.28860000000000002318
-56,-102.5,0.041899999999999999745,0.041899999999999999745
-55,-102.5,0.023500000000000000056,0.023500000000000000056
-54,-102.5,0.12310000000000000109,0.12310000000000000109
-53,-102.5,0.26469999999999999085,0.26469999999999999085
-52,-102.5,0.21820000000000000506,0.21820000000000000506
-51,-102.5,0.24319999999999999951,0.24319999999999999951
-50,-102.5,0.12740000000000001323,0.12740000000000001323
-49,-102.5,0.22329999999999999849,0.22329999999999999849
-48,-102.5,0.33090000000000002744,0.33090000000000002744
-47,-102.5,0.73019999999999996021,0.73019999999999996021
-46,-102.5,0.47420000000000001039,0.47420000000000001039
-45,-102.5,0.29030000000000000249,0.29030000000000000249
-44,-102.5,0.34050000000000002487,0.34050000000000002487
-43,-102.5,0.45719999999999999529,0.45719999999999999529
-42,-102.5,0.53629999999999999893,0.53629999999999999893
-41,-102.5,0.54769999999999996465,0.54769999999999996465
-40,-102.5,0.5197000000000000508,0.5197000000000000508
-39,-102.5,0.5659999999999999476,0.5659999999999999476
-38,-102.5,0.89510000000000000675,0.89510000000000000675
-37,-102.5,0.97809999999999996945,0.97809999999999996945
-36,-102.5,0.9724000000000000421,0.9724000000000000421
-35,-102.5,0.97870000000000001439,0.97870000000000001439
-34,-102.5,0.87119999999999997442,0.87119999999999997442
-33,-102.5,0.79300000000000003819,0.79300000000000003819
-32,-102.5,0.86870000000000002771,0.86870000000000002771
-31,-102.5,0.94840000000000002078,0.94840000000000002078
-30,-102.5,0.87739999999999995772,0.87739999999999995772
-29,-102.5,0.486599999999999977,0.486599999999999977
-28,-102.5,0.35430000000000000382,0.35430000000000000382
-27,-102.5,0.67479999999999995541,0.67479999999999995541
-26,-102.5,0.7400999999999999801,0.7400999999999999801
-25,-102.5,0.64159999999999994813,0.64159999999999994813
-24,-102.5,0.63609999999999999876,0.63609999999999999876
-23,-102.5,0.55020000000000002238,0.55020000000000002238
-22,-102.5,0.90649999999999997247,0.90649999999999997247
-21,-102.5,0.98619999999999996554,0.98619999999999996554
-20,-102.5,0.78129999999999999449,0.78129999999999999449
-19,-102.5,0.69630000000000003002,0.69630000000000003002
-18,-102.5,0.56889999999999996128,0.56889999999999996128
-17,-102.5,0.79000000000000003553,0.79000000000000003553
-16,-102.5,0.97699999999999997957,0.97699999999999997957
-15,-102.5,0.94550000000000000711,0.94550000000000000711
-14,-102.5,0.92820000000000002505,0.92820000000000002505
-13,-102.5,0.37330000000000002069,0.37330000000000002069
-12,-102.5,0.13029999999999999916,0.13029999999999999916
-11,-102.5,0.15079999999999998961,0.15079999999999998961
-10,-102.5,0.16580000000000000293,0.16580000000000000293
-9,-102.5,0.15499999999999999889,0.15499999999999999889
-8,-102.5,0.120499999999999996,0.120499999999999996
-7,-102.5,0.093299999999999994049,0.093299999999999994049
-6,-102.5,0.17949999999999999289,0.17949999999999999289
-5,-102.5,0.41139999999999998792,0.41139999999999998792
-4,-102.5,0.70330000000000003624,0.70330000000000003624
-3,-102.5,0.82020000000000004015,0.82020000000000004015
-2,-102.5,0.015800000000000001543,0.015800000000000001543
-1,-102.5,0.031399999999999997358,0.031399999999999997358
0,-102.5,0.056199999999999999956,0.056199999999999999956
1,-102.5,0.026200000000000001066,0.026200000000000001066
2,-102.5,0.012399999999999999564,0.012399999999999999564
3,-102.5,0.014999999999999999445,0.014999999999999999445
4,-102.5,0.019300000000000001182,0.019300000000000001182
5,-102.5,0.034700000000000001676,0.034700000000000001676
6,-102.5,0.086499999999999993561,0.086499999999999993561
7,-102.5,0.14590000000000000191,0.14590000000000000191
8,-102.5,0.048000000000000000999,0.048000000000000000999
9,-102.5,0.035200000000000002121,0.035200000000000002121
10,-102.5,0.17780000000000001359,0.17780000000000001359
11,-102.5,0.38359999999999999654,0.38359999999999999654
12,-102.5,0.45250000000000001332,0.45250000000000001332
13,-102.5,0.27979999999999999316,0.27979999999999999316
14,-102.5,0.26710000000000000409,0.26710000000000000409
15,-102.5,0.46560000000000001386,0.46560000000000001386
16,-102.5,0.47870000000000001439,0.47870000000000001439
17,-102.5,0.41530000000000000249,0.41530000000000000249
18,-102.5,0.24110000000000000875,0.24110000000000000875
19,-102.5,0.16039999999999998703,0.16039999999999998703
20,-102.5,0.67689999999999994618,0.67689999999999994618
21,-102.5,0.60060000000000002274,0.60060000000000002274
22,-102.5,0.59050000000000002487,0.59050000000000002487
23,-102.5,0.58420000000000005258,0.58420000000000005258
24,-102.5,0.40960000000000001963,0.40960000000000001963
25,-102.5,0.31169999999999997708,0.31169999999999997708
26,-102.5,0.23660000000000000475,0.23660000000000000475
27,-102.5,0.26379999999999997895,0.26379999999999997895
28,-102.5,0.24399999999999999467,0.24399999999999999467
29,-102.5,0.14249999999999998779,0.14249999999999998779
30,-102.5,0.20880000000000001337,0.20880000000000001337
31,-102.5,0.17480000000000001092,0.17480000000000001092
32,-102.5,0.17740000000000000213,0.17740000000000000213
33,-102.5,0.15340000000000000857,0.15340000000000000857
34,-102.5,0.18629999999999999338,0.18629999999999999338
35,-102.5,0.47410000000000002141,0.47410000000000002141
36,-102.5,0.72550000000000003375,0.72550000000000003375
37,-102.5,0.52890000000000003677,0.52890000000000003677
38,-102.5,0.17790000000000000258,0.17790000000000000258
39,-102.5,0.1237000000000000044,0.1237000000000000044
40,-102.5,0.48509999999999997566,0.48509999999999997566
41,-102.5,0.62549999999999994493,0.62549999999999994493
42,-102.5,0.52529999999999998916,0.52529999999999998916
43,-102.5,0.6992000000000000437,0.6992000000000000437
44,-102.5,0.86619999999999996998,0.86619999999999996998
45,-102.5,0.84409999999999996145,0.84409999999999996145
46,-102.5,0.78000000000000002665,0.78000000000000002665
47,-102.5,0.8090000000000000524,0.8090000000000000524
48,-102.5,0.74080000000000001403,0.74080000000000001403
49,-102.5,0.86209999999999997744,0.86209999999999997744
50,-102.5,0.97440000000000004388,0.97440000000000004388
51,-102.5,0.77110000000000000764,0.77110000000000000764
52,-102.5,0.51359999999999994547,0.51359999999999994547
53,-102.5,0.60770000000000001794,0.60770000000000001794
54,-102.5,0.87700000000000000178,0.87700000000000000178
55,-102.5,0.39460000000000000631,0.39460000000000000631
56,-102.5,0.13189999999999998948,0.13189999999999998948
57,-102.5,0.087800000000000003042,0.087800000000000003042
58,-102.5,0.20150000000000001243,0.20150000000000001243
59,-102.5,0.35170000000000001261,0.35170000000000001261
60,-102.5,0.58030000000000003801,0.58030000000000003801
61,-102.5,0.71679999999999999272,0.71679999999999999272
62,-102.5,0.55349999999999999201,0.55349999999999999201
63,-102.5,0.9322000000000000286,0.9322000000000000286
64,-102.5,0.70079999999999997851,0.70079999999999997851
65,-102.5,0.36980000000000001759,0.36980000000000001759
66,-102.5,0.082699999999999995737,0.082699999999999995737
67,-102.5,0.2000000000000000111,0.2000000000000000111
68,-102.5,0.26269999999999998908,0.26269999999999998908
69,-102.5,0.4588999999999999746,0.4588999999999999746
70,-102.5,0.89049999999999995826,0.89049999999999995826
-69,-101.25,0.75870000000000004103,0.75870000000000004103
-68,-101.25,0.88090000000000001634,0.88090000000000001634
-67,-101.25,0.9043999999999999817,0.9043999999999999817
-66,-101.25,0.76449999999999995737,0.76449999999999995737
-65,-101.25,0.68700000000000005507,0.68700000000000005507
-64,-101.25,0.7963999999999999968,0.7963999999999999968
-63,-101.25,0.81220000000000003304,0.81220000000000003304
-62,-101.25,0.6302999999999999714,0.6302999999999999714
-61,-101.25,0.97699999999999997957,0.97699999999999997957
-60,-101.25,0.9786000000000000254,0.9786000000000000254
-59,-101.25,0.99980000000000002203,0.99980000000000002203
-58,-101.25,0.86319999999999996732,0.86319999999999996732
-57,-101.25,0.28810000000000002274,0.28810000000000002274
-56,-101.25,0.034700000000000001676,0.034700000000000001676
-55,-101.25,0.022499999999999999167,0.022499999999999999167
-54,-101.25,0.079100000000000003642,0.079100000000000003642
-53,-101.25,0.20690000000000000058,0.20690000000000000058
-52,-101.25,0.21219999999999999973,0.21219999999999999973
-51,-101.25,0.19609999999999999654,0.19609999999999999654
-50,-101.25,0.1378999999999999948,0.1378999999999999948
-49,-101.25,0.129500000000000004,0.129500000000000004
-48,-101.25,0.26079999999999997629,0.26079999999999997629
-47,-101.25,0.87460000000000004405,0.87460000000000004405
-46,-101.25,0.28260000000000001785,0.28260000000000001785
-45,-101.25,0.40470000000000000417,0.40470000000000000417
-44,-101.25,0.34979999999999999982,0.34979999999999999982
-43,-101.25,0.39219999999999999307,0.39219999999999999307
-42,-101.25,0.61089999999999999858,0.61089999999999999858
-41,-101.25,0.69269999999999998241,0.69269999999999998241
-40,-101.25,0.52700000000000002398,0.52700000000000002398
-39,-101.25,0.72729999999999994653,0.72729999999999994653
-38,-101.25,0.83760000000000001119,0.83760000000000001119
-37,-101.25,0.857099999999999973,0.857099999999999973
-36,-101.25,0.92689999999999994618,0.92689999999999994618
-35,-101.25,0.95940000000000003055,0.95940000000000003055
-34,-101.25,0.84530000000000005134,0.84530000000000005134
-33,-101.25,0.78500000000000003109,0.78500000000000003109
-32,-101.25,0.77659999999999995701,0.77659999999999995701
-31,-101.25,0.81240000000000001101,0.81240000000000001101
-30,-101.25,0.63429999999999997495,0.63429999999999997495
-29,-101.25,0.4365999999999999881,0.4365999999999999881
-28,-101.25,0.44759999999999999787,0.44759999999999999787
-27,-101.25,0.59419999999999995044,0.59419999999999995044
-26,-101.25,0.5340000000000000302,0.5340000000000000302
-25,-101.25,0.57850000000000001421,0.57850000000000001421
-24,-101.25,0.71819999999999994955,0.71819999999999994955
-23,-101.25,0.72189999999999998614,0.72189999999999998614
-22,-101.25,0.93340000000000000746,0.93340000000000000746
-21,-101.25,0.89900000000000002132,0.89900000000000002132
-20,-101.25,0.84460000000000001741,0.84460000000000001741
-19,-101.25,0.66710000000000002629,0.66710000000000002629
-18,-101.25,0.4661000000000000143,0.4661000000000000143
-17,-101.25,0.63800000000000001155,0.63800000000000001155
-16,-101.25,0.9563000000000000389,0.9563000000000000389
-15,-101.25,0.99239999999999994884,0.99239999999999994884
-14,-101.25,0.80889999999999995239,0.80889999999999995239
-13,-101.25,0.44840000000000002078,0.44840000000000002078
-12,-101.25,0.14510000000000000675,0.14510000000000000675
-11,-101.25,0.13239999999999998992,0.13239999999999998992
-10,-101.25,0.11709999999999999576,0.11709999999999999576
-9,-101.25,0.073400000000000006906,0.073400000000000006906
-8,-101.25,0.10649999999999999745,0.10649999999999999745
-7,-101.25,0.096900000000000000022,0.096900000000000000022
-6,-101.25,0.19639999999999999125,0.19639999999999999125
-5,-101.25,0.35439999999999999281,0.35439999999999999281
-4,-101.25,0.65829999999999999627,0.65829999999999999627
-3,-101.25,0.58809999999999995612,0.58809999999999995612
-2,-101.25,0.030099999999999998285,0.030099999999999998285
-1,-101.25,0.084800000000000000377,0.084800000000000000377
0,-101.25,0.13400000000000000799,0.13400000000000000799
1,-101.25,0.063799999999999995604,0.063799999999999995604
2,-101.25,0.032599999999999997036,0.032599999999999997036
3,-101.25,0.026300000000000000461,0.026300000000000000461
4,-101.25,0.03289999999999999869,0.03289999999999999869
5,-101.25,0.056800000000000003264,0.056800000000000003264
6,-101.25,0.088200000000000000622,0.088200000000000000622
7,-101.25,0.11550000000000000544,0.11550000000000000544
8,-101.25,0.023300000000000001266,0.023300000000000001266
9,-101.25,0.016799999999999998962,0.016799999999999998962
10,-101.25,0.1018000000000000016,0.1018000000000000016
11,-101.25,0.4945999999999999841,0.4945999999999999841
12,-101.25,0.57220000000000004192,0.57220000000000004192
13,-101.25,0.41179999999999999938,0.41179999999999999938
14,-101.25,0.4249999999999999889,0.4249999999999999889
15,-101.25,0.59960000000000002185,0.59960000000000002185
16,-101.25,0.52580000000000004512,0.52580000000000004512
17,-101.25,0.25969999999999998641,0.25969999999999998641
18,-101.25,0.45160000000000000142,0.45160000000000000142
19,-101.25,0.17180000000000000826,0.17180000000000000826
20,-101.25,0.4027000000000000024,0.4027000000000000024
21,-101.25,0.60670000000000001705,0.60670000000000001705
22,-101.25,0.39600000000000001865,0.39600000000000001865
23,-101.25,0.29859999999999997655,0.29859999999999997655
24,-101.25,0.221000000000000002,0.221000000000000002
25,-101.25,0.20990000000000000324,0.20990000000000000324
26,-101.25,0.25050000000000000044,0.25050000000000000044
27,-101.25,0.1723000000000000087,0.1723000000000000087
28,-101.25,0.14940000000000000502,0.14940000000000000502
29,-101.25,0.16179999999999999938,0.16179999999999999938
30,-101.25,0.18149999999999999467,0.18149999999999999467
31,-101.25,0.13869999999999998996,0.13869999999999998996
32,-101.25,0.082799999999999998601,0.082799999999999998601
33,-101.25,0.074099999999999999201,0.074099999999999999201
34,-101.25,0.10069999999999999785,0.10069999999999999785
35,-101.25,0.24040000000000000258,0.24040000000000000258
36,-101.25,0.60599999999999998312,0.60599999999999998312
37,-101.25,0.50719999999999998419,0.50719999999999998419
38,-101.25,0.21410000000000001252,0.21410000000000001252
39,-101.25,0.23269999999999999019,0.23269999999999999019
40,-101.25,0.38390000000000001901,0.38390000000000001901
41,-101.25,0.52029999999999998472,0.52029999999999998472
42,-101.25,0.63970000000000004636,0.63970000000000004636
43,-101.25,0.5838999999999999746,0.5838999999999999746
44,-101.25,0.76319999999999998952,0.76319999999999998952
45,-101.25,0.73099999999999998312,0.73099999999999998312
46,-101.25,0.63929999999999997939,0.63929999999999997939
47,-101.25,0.79930000000000001048,0.79930000000000001048
48,-101.25,0.79790000000000005365,0.79790000000000005365
49,-101.25,0.92369999999999996554,0.92369999999999996554
50,-101.25,0.99850000000000005418,0.99850000000000005418
51,-101.25,0.67910000000000003695,0.67910000000000003695
52,-101.25,0.74039999999999994706,0.74039999999999994706
53,-101.25,0.89749999999999996447,0.89749999999999996447
54,-101.25,0.58720000000000005524,0.58720000000000005524
55,-101.25,0.33500000000000001998,0.33500000000000001998
56,-101.25,0.13709999999999999964,0.13709999999999999964
57,-101.25,0.080399999999999999245,0.080399999999999999245
58,-101.25,0.13800000000000001155,0.13800000000000001155
59,-101.25,0.40210000000000001297,0.40210000000000001297
60,-101.25,0.62390000000000001013,0.62390000000000001013
61,-101.25,0.7509000000000000119,0.7509000000000000119
62,-101.25,0.73170000000000001705,0.73170000000000001705
63,-101.25,0.88600000000000000977,0.88600000000000000977
64,-101.25,0.71370000000000000107,0.71370000000000000107
65,-101.25,0.37149999999999999689,0.37149999999999999689
66,-101.25,0.090800000000000005707,0.090800000000000005707
67,-101.25,0.17990000000000000435,0.17990000000000000435
68,-101.25,0.26379999999999997895,0.26379999999999997895
69,-101.25,0.49959999999999998854,0.49959999999999998854
70,-101.25,0.86829999999999996074,0.86829999999999996074
-69,-100,0.81659999999999999254,0.81659999999999999254
-68,-100,0.93359999999999998543,0.93359999999999998543
-67,-100,0.9427999999999999714,0.9427999999999999714
-66,-100,0.74090000000000000302,0.74090000000000000302
-65,-100,0.6909999999999999476,0.6909999999999999476
-64,-100,0.65549999999999997158,0.65549999999999997158
-63,-100,0.67949999999999999289,0.67949999999999999289
-62,-100,0.74180000000000001492,0.74180000000000001492
-61,-100,0.99890000000000001013,0.99890000000000001013
-60,-100,0.97540000000000004476,0.97540000000000004476
-59,-100,0.96970000000000000639,0.96970000000000000639
-58,-100,0.88239999999999996216,0.88239999999999996216
-57,-100,0.26550000000000001377,0.26550000000000001377
-56,-100,0.048800000000000003098,0.048800000000000003098
-55,-100,0.028500000000000001027,0.028500000000000001027
-54,-100,0.094600000000000003531,0.094600000000000003531
-53,-100,0.29880000000000001004,0.29880000000000001004
-52,-100,0.23080000000000000515,0.23080000000000000515
-51,-100,0.19489999999999998992,0.19489999999999998992
-50,-100,0.19470000000000001195,0.19470000000000001195
-49,-100,0.21049999999999999267,0.21049999999999999267
-48,-100,0.29849999999999998757,0.29849999999999998757
-47,-100,0.78849999999999997868,0.78849999999999997868
-46,-100,0.61719999999999997087,0.61719999999999997087
-45,-100,0.42870000000000002549,0.42870000000000002549
-44,-100,0.53110000000000001652,0.53110000000000001652
-43,-100,0.5847999999999999865,0.5847999999999999865
-42,-100,0.62860000000000004761,0.62860000000000004761
-41,-100,0.65039999999999997815,0.65039999999999997815
-40,-100,0.71270000000000000018,0.71270000000000000018
-39,-100,0.7329999999999999849,0.7329999999999999849
-38,-100,0.83960000000000001297,0.83960000000000001297
-37,-100,0.9393000000000000238,0.9393000000000000238
-36,-100,0.97350000000000003197,0.97350000000000003197
-35,-100,0.96370000000000000107,0.96370000000000000107
-34,-100,0.93179999999999996163,0.93179999999999996163
-33,-100,0.95030000000000003357,0.95030000000000003357
-32,-100,0.73170000000000001705,0.73170000000000001705
-31,-100,0.75719999999999998419,0.75719999999999998419
-30,-100,0.59689999999999998614,0.59689999999999998614
-29,-100,0.47360000000000002096,0.47360000000000002096
-28,-100,0.45069999999999998952,0.45069999999999998952
-27,-100,0.47010000000000001785,0.47010000000000001785
-26,-100,0.49540000000000000702,0.49540000000000000702
-25,-100,0.51910000000000000586,0.51910000000000000586
-24,-100,0.74699999999999999734,0.74699999999999999734
-23,-100,0.83450000000000001954,0.83450000000000001954
-22,-100,0.88810000000000000053,0.88810000000000000053
-21,-100,0.94679999999999997495,0.94679999999999997495
-20,-100,0.8938000000000000389,0.8938000000000000389
-19,-100,0.45319999999999999174,0.45319999999999999174
-18,-100,0.32579999999999997851,0.32579999999999997851
-17,-100,0.52310000000000000941,0.52310000000000000941
-16,-100,0.86050000000000004263,0.86050000000000004263
-15,-100,0.99799999999999999822,0.99799999999999999822
-14,-100,0.669599999999999973,0.669599999999999973
-13,-100,0.4036000000000000143,0.4036000000000000143
-12,-100,0.19800000000000000933,0.19800000000000000933
-11,-100,0.10009999999999999454,0.10009999999999999454
-10,-100,0.051099999999999999589,0.051099999999999999589
-9,-100,0.044799999999999999545,0.044799999999999999545
-8,-100,0.11429999999999999882,0.11429999999999999882
-7,-100,0.14860000000000000986,0.14860000000000000986
-6,-100,0.20499999999999998779,0.20499999999999998779
-5,-100,0.41299999999999997824,0.41299999999999997824
-4,-100,0.8518000000000000016,0.8518000000000000016
-3,-100,0.14580000000000001292,0.14580000000000001292
-2,-100,0.048800000000000003098,0.048800000000000003098
-1,-100,0.28089999999999998304,0.28089999999999998304
0,-100,0.30520000000000002682,0.30520000000000002682
1,-100,0.12509999999999998899,0.12509999999999998899
2,-100,0.078700000000000006062,0.078700000000000006062
3,-100,0.072099999999999997424,0.072099999999999997424
4,-100,0.084199999999999997069,0.084199999999999997069
5,-100,0.10910000000000000253,0.10910000000000000253
6,-100,0.090700000000000002842,0.090700000000000002842
7,-100,0.10130000000000000115,0.10130000000000000115
8,-100,0.014000000000000000291,0.014000000000000000291
9,-100,0.012800000000000000613,0.012800000000000000613
10,-100,0.056099999999999997091,0.056099999999999997091
11,-100,0.19009999999999999121,0.19009999999999999121
12,-100,0.42320000000000002061,0.42320000000000002061
13,-100,0.55220000000000002416,0.55220000000000002416
14,-100,0.48199999999999998401,0.48199999999999998401
15,-100,0.70709999999999995079,0.70709999999999995079
16,-100,0.62790000000000001368,0.62790000000000001368
17,-100,0.48909999999999997922,0.48909999999999997922
18,-100,0.83060000000000000497,0.83060000000000000497
19,-100,0.49280000000000001581,0.49280000000000001581
20,-100,0.52600000000000002309,0.52600000000000002309
21,-100,0.63849999999999995648,0.63849999999999995648
22,-100,0.63009999999999999343,0.63009999999999999343
23,-100,0.38890000000000002345,0.38890000000000002345
24,-100,0.18920000000000000706,0.18920000000000000706
25,-100,0.149499999999999994,0.149499999999999994
26,-100,0.2731999999999999984,0.2731999999999999984
27,-100,0.29360000000000002762,0.29360000000000002762
28,-100,0.28010000000000001563,0.28010000000000001563
29,-100,0.36490000000000000213,0.36490000000000000213
30,-100,0.29349999999999998312,0.29349999999999998312
31,-100,0.20780000000000001248,0.20780000000000001248
32,-100,0.13330000000000000182,0.13330000000000000182
33,-100,0.058700000000000002176,0.058700000000000002176
34,-100,0.1034000000000000058,0.1034000000000000058
35,-100,0.16989999999999999547,0.16989999999999999547
36,-100,0.42189999999999999725,0.42189999999999999725
37,-100,0.68540000000000000924,0.68540000000000000924
38,-100,0.37890000000000001457,0.37890000000000001457
39,-100,0.16370000000000001217,0.16370000000000001217
40,-100,0.28560000000000002052,0.28560000000000002052
41,-100,0.32079999999999997407,0.32079999999999997407
42,-100,0.58799999999999996714,0.58799999999999996714
43,-100,0.79190000000000004832,0.79190000000000004832
44,-100,0.73270000000000001794,0.73270000000000001794
45,-100,0.73240000000000005098,0.73240000000000005098
46,-100,0.79249999999999998224,0.79249999999999998224
47,-100,0.76949999999999996181,0.76949999999999996181
48,-100,0.94759999999999999787,0.94759999999999999787
49,-100,0.98999999999999999112,0.98999999999999999112
50,-100,0.92630000000000001226,0.92630000000000001226
51,-100,0.49599999999999999645,0.49599999999999999645
52,-100,0.73040000000000004921,0.73040000000000004921
53,-100,0.81610000000000004761,0.81610000000000004761
54,-100,0.40220000000000000195,0.40220000000000000195
55,-100,0.18240000000000000657,0.18240000000000000657
56,-100,0.072200000000000000289,0.072200000000000000289
57,-100,0.13180000000000000049,0.13180000000000000049
58,-100,0.18920000000000000706,0.18920000000000000706
59,-100,0.54659999999999997478,0.54659999999999997478
60,-100,0.61819999999999997176,0.61819999999999997176
61,-100,0.79559999999999997389,0.79559999999999997389
62,-100,0.86560000000000003606,0.86560000000000003606
63,-100,0.8508999999999999897,0.8508999999999999897
64,-100,0.69089999999999995861,0.69089999999999995861
65,-100,0.29230000000000000426,0.29230000000000000426
66,-100,0.10979999999999999483,0.10979999999999999483
67,-100,0.17380000000000001004,0.17380000000000001004
68,-100,0.51759999999999994902,0.51759999999999994902
69,-100,0.61339999999999994529,0.61339999999999994529
70,-100,0.90490000000000003766,0.90490000000000003766
-69,-98.75,0.84209999999999995968,0.84209999999999995968
-68,-98.75,0.93349999999999999645,0.93349999999999999645
-67,-98.75,0.96209999999999995524,0.96209999999999995524
-66,-98.75,0.74170000000000002593,0.74170000000000002593
-65,-98.75,0.77390000000000003233,0.77390000000000003233
-64,-98.75,0.58260000000000000675,0.58260000000000000675
-63,-98.75,0.6581000000000000183,0.6581000000000000183
-62,-98.75,0.85150000000000003464,0.85150000000000003464
-61,-98.75,0.99460000000000003961,0.99460000000000003961
-60,-98.75,0.88719999999999998863,0.88719999999999998863
-59,-98.75,0.91439999999999999059,0.91439999999999999059
-58,-98.75,0.83650000000000002132,0.83650000000000002132
-57,-98.75,0.3356999999999999984,0.3356999999999999984
-56,-98.75,0.096500000000000002442,0.096500000000000002442
-55,-98.75,0.051700000000000002898,0.051700000000000002898
-54,-98.75,0.098100000000000006639,0.098100000000000006639
-53,-98.75,0.31919999999999998375,0.31919999999999998375
-52,-98.75,0.2039999999999999869,0.2039999999999999869
-51,-98.75,0.21870000000000000551,0.21870000000000000551
-50,-98.75,0.33589999999999997637,0.33589999999999997637
-49,-98.75,0.33090000000000002744,0.33090000000000002744
-48,-98.75,0.35589999999999999414,0.35589999999999999414
-47,-98.75,0.51729999999999998206,0.51729999999999998206
-46,-98.75,0.50339999999999995861,0.50339999999999995861
-45,-98.75,0.42199999999999998623,0.42199999999999998623
-44,-98.75,0.5170000000000000151,0.5170000000000000151
-43,-98.75,0.58830000000000004512,0.58830000000000004512
-42,-98.75,0.73399999999999998579,0.73399999999999998579
-41,-98.75,0.59089999999999998082,0.59089999999999998082
-40,-98.75,0.69879999999999997673,0.69879999999999997673
-39,-98.75,0.61089999999999999858,0.61089999999999999858
-38,-98.75,0.67620000000000002327,0.67620000000000002327
-37,-98.75,0.89929999999999998828,0.89929999999999998828
-36,-98.75,0.96709999999999995968,0.96709999999999995968
-35,-98.75,0.9938000000000000167,0.9938000000000000167
-34,-98.75,0.96099999999999996536,0.96099999999999996536
-33,-98.75,0.82379999999999997673,0.82379999999999997673
-32,-98.75,0.81310000000000004494,0.81310000000000004494
-31,-98.75,0.7224000000000000421,0.7224000000000000421
-30,-98.75,0.56810000000000004938,0.56810000000000004938
-29,-98.75,0.45739999999999997327,0.45739999999999997327
-28,-98.75,0.37930000000000002602,0.37930000000000002602
-27,-98.75,0.45700000000000001732,0.45700000000000001732
-26,-98.75,0.49599999999999999645,0.49599999999999999645
-25,-98.75,0.50949999999999995293,0.50949999999999995293
-24,-98.75,0.79879999999999995453,0.79879999999999995453
-23,-98.75,0.89139999999999997016,0.89139999999999997016
-22,-98.75,0.9498999999999999666,0.9498999999999999666
-21,-98.75,0.75519999999999998241,0.75519999999999998241
-20,-98.75,0.65420000000000000373,0.65420000000000000373
-19,-98.75,0.29509999999999997344,0.29509999999999997344
-18,-98.75,0.25309999999999999165,0.25309999999999999165
-17,-98.75,0.61750000000000004885,0.61750000000000004885
-16,-98.75,0.88970000000000004636,0.88970000000000004636
-15,-98.75,0.9724000000000000421,0.9724000000000000421
-14,-98.75,0.71240000000000003322,0.71240000000000003322
-13,-98.75,0.34760000000000002007,0.34760000000000002007
-12,-98.75,0.092899999999999996469,0.092899999999999996469
-11,-98.75,0.086099999999999995981,0.086099999999999995981
-10,-98.75,0.063600000000000003753,0.063600000000000003753
-9,-98.75,0.025399999999999998967,0.025399999999999998967
-8,-98.75,0.072999999999999995448,0.072999999999999995448
-7,-98.75,0.32000000000000000666,0.32000000000000000666
-6,-98.75,0.45079999999999997851,0.45079999999999997851
-5,-98.75,0.71660000000000001474,0.71660000000000001474
-4,-98.75,0.72050000000000002931,0.72050000000000002931
-3,-98.75,0.29149999999999998135,0.29149999999999998135
-2,-98.75,0.25059999999999998943,0.25059999999999998943
-1,-98.75,0.28770000000000001128,0.28770000000000001128
0,-98.75,0.37069999999999997398,0.37069999999999997398
1,-98.75,0.26590000000000002522,0.26590000000000002522
2,-98.75,0.11400000000000000411,0.11400000000000000411
3,-98.75,0.099400000000000002243,0.099400000000000002243
4,-98.75,0.097199999999999994738,0.097199999999999994738
5,-98.75,0.11029999999999999527,0.11029999999999999527
6,-98.75,0.090800000000000005707,0.090800000000000005707
7,-98.75,0.052699999999999996847,0.052699999999999996847
8,-98.75,0.043499999999999997002,0.043499999999999997002
9,-98.75,0.045699999999999997569,0.045699999999999997569
10,-98.75,0.056199999999999999956,0.056199999999999999956
11,-98.75,0.11899999999999999467,0.11899999999999999467
12,-98.75,0.23790000000000000036,0.23790000000000000036
13,-98.75,0.47120000000000000773,0.47120000000000000773
14,-98.75,0.59170000000000000373,0.59170000000000000373
15,-98.75,0.83199999999999996181,0.83199999999999996181
16,-98.75,0.80330000000000001403,0.80330000000000001403
17,-98.75,0.88409999999999999698,0.88409999999999999698
18,-98.75,0.90939999999999998614,0.90939999999999998614
19,-98.75,0.83030000000000003801,0.83030000000000003801
20,-98.75,0.57760000000000000231,0.57760000000000000231
21,-98.75,0.90120000000000000107,0.90120000000000000107
22,-98.75,0.87539999999999995595,0.87539999999999995595
23,-98.75,0.88139999999999996128,0.88139999999999996128
24,-98.75,0.4545000000000000151,0.4545000000000000151
25,-98.75,0.28179999999999999494,0.28179999999999999494
26,-98.75,0.26240000000000002212,0.26240000000000002212
27,-98.75,0.40460000000000001519,0.40460000000000001519
28,-98.75,0.48790000000000000036,0.48790000000000000036
29,-98.75,0.67300000000000004263,0.67300000000000004263
30,-98.75,0.4929000000000000048,0.4929000000000000048
31,-98.75,0.40600000000000002753,0.40600000000000002753
32,-98.75,0.22939999999999999281,0.22939999999999999281
33,-98.75,0.12540000000000001146,0.12540000000000001146
34,-98.75,0.15529999999999999361,0.15529999999999999361
35,-98.75,0.16170000000000001039,0.16170000000000001039
36,-98.75,0.31490000000000001323,0.31490000000000001323
37,-98.75,0.53610000000000002096,0.53610000000000002096
38,-98.75,0.48399999999999998579,0.48399999999999998579
39,-98.75,0.44579999999999997407,0.44579999999999997407
40,-98.75,0.45560000000000000497,0.45560000000000000497
41,-98.75,0.36309999999999997833,0.36309999999999997833
42,-98.75,0.42730000000000001315,0.42730000000000001315
43,-98.75,0.73780000000000001137,0.73780000000000001137
44,-98.75,0.8072000000000000286,0.8072000000000000286
45,-98.75,0.89300000000000001599,0.89300000000000001599
46,-98.75,0.78039999999999998259,0.78039999999999998259
47,-98.75,0.63600000000000000977,0.63600000000000000977
48,-98.75,0.98670000000000002149,0.98670000000000002149
49,-98.75,0.94859999999999999876,0.94859999999999999876
50,-98.75,0.71919999999999995044,0.71919999999999995044
51,-98.75,0.42609999999999997877,0.42609999999999997877
52,-98.75,0.51019999999999998685,0.51019999999999998685
53,-98.75,0.72780000000000000249,0.72780000000000000249
54,-98.75,0.20660000000000000586,0.20660000000000000586
55,-98.75,0.077499999999999999445,0.077499999999999999445
56,-98.75,0.032099999999999996592,0.032099999999999996592
57,-98.75,0.081000000000000002554,0.081000000000000002554
58,-98.75,0.17169999999999999152,0.17169999999999999152
59,-98.75,0.70579999999999998295,0.70579999999999998295
60,-98.75,0.71670000000000000373,0.71670000000000000373
61,-98.75,0.89510000000000000675,0.89510000000000000675
62,-98.75,0.80430000000000001492,0.80430000000000001492
63,-98.75,0.73980000000000001315,0.73980000000000001315
64,-98.75,0.61990000000000000657,0.61990000000000000657
65,-98.75,0.25469999999999998197,0.25469999999999998197
66,-98.75,0.15240000000000000768,0.15240000000000000768
67,-98.75,0.20799999999999999045,0.20799999999999999045
68,-98.75,0.58420000000000005258,0.58420000000000005258
69,-98.75,0.78900000000000003464,0.78900000000000003464
70,-98.75,0.90729999999999999538,0.90729999999999999538
-69,-97.5,0.80620000000000002771,0.80620000000000002771
-68,-97.5,0.87360000000000004317,0.87360000000000004317
-67,-97.5,0.93950000000000000178,0.93950000000000000178
-66,-97.5,0.82660000000000000142,0.82660000000000000142
-65,-97.5,0.8697000000000000286,0.8697000000000000286
-64,-97.5,0.64680000000000004157,0.64680000000000004157
-63,-97.5,0.57930000000000003713,0.57930000000000003713
-62,-97.5,0.72399999999999997691,0.72399999999999997691
-61,-97.5,0.90859999999999996323,0.90859999999999996323
-60,-97.5,0.8963999999999999746,0.8963999999999999746
-59,-97.5,0.77100000000000001865,0.77100000000000001865
-58,-97.5,0.77010000000000000675,0.77010000000000000675
-57,-97.5,0.34100000000000002531,0.34100000000000002531
-56,-97.5,0.12199999999999999734,0.12199999999999999734
-55,-97.5,0.05650000000000000161,0.05650000000000000161
-54,-97.5,0.082199999999999995293,0.082199999999999995293
-53,-97.5,0.25430000000000002602,0.25430000000000002602
-52,-97.5,0.19759999999999999787,0.19759999999999999787
-51,-97.5,0.32619999999999998996,0.32619999999999998996
-50,-97.5,0.4027000000000000024,0.4027000000000000024
-49,-97.5,0.27389999999999997682,0.27389999999999997682
-48,-97.5,0.27169999999999999707,0.27169999999999999707
-47,-97.5,0.56269999999999997797,0.56269999999999997797
-46,-97.5,0.56169999999999997708,0.56169999999999997708
-45,-97.5,0.47379999999999999893,0.47379999999999999893
-44,-97.5,0.57389999999999996572,0.57389999999999996572
-43,-97.5,0.63229999999999997318,0.63229999999999997318
-42,-97.5,0.75,0.75
-41,-97.5,0.60760000000000002895,0.60760000000000002895
-40,-97.5,0.62129999999999996341,0.62129999999999996341
-39,-97.5,0.53720000000000001084,0.53720000000000001084
-38,-97.5,0.52159999999999995257,0.52159999999999995257
-37,-97.5,0.88949999999999995737,0.88949999999999995737
-36,-97.5,0.94930000000000003268,0.94930000000000003268
-35,-97.5,0.89810000000000000941,0.89810000000000000941
-34,-97.5,0.92589999999999994529,0.92589999999999994529
-33,-97.5,0.83689999999999997726,0.83689999999999997726
-32,-97.5,0.53849999999999997868,0.53849999999999997868
-31,-97.5,0.44150000000000000355,0.44150000000000000355
-30,-97.5,0.39629999999999998561,0.39629999999999998561
-29,-97.5,0.54090000000000004743,0.54090000000000004743
-28,-97.5,0.49270000000000002682,0.49270000000000002682
-27,-97.5,0.45019999999999998908,0.45019999999999998908
-26,-97.5,0.52720000000000000195,0.52720000000000000195
-25,-97.5,0.66069999999999995399,0.66069999999999995399
-24,-97.5,0.81910000000000005027,0.81910000000000005027
-23,-97.5,0.94569999999999998508,0.94569999999999998508
-22,-97.5,0.81589999999999995861,0.81589999999999995861
-21,-97.5,0.71350000000000002309,0.71350000000000002309
-20,-97.5,0.52059999999999995168,0.52059999999999995168
-19,-97.5,0.30449999999999999289,0.30449999999999999289
-18,-97.5,0.31080000000000002069,0.31080000000000002069
-17,-97.5,0.63300000000000000711,0.63300000000000000711
-16,-97.5,0.83679999999999998828,0.83679999999999998828
-15,-97.5,0.9563000000000000389,0.9563000000000000389
-14,-97.5,0.68689999999999995506,0.68689999999999995506
-13,-97.5,0.37780000000000002469,0.37780000000000002469
-12,-97.5,0.14080000000000000848,0.14080000000000000848
-11,-97.5,0.077299999999999993716,0.077299999999999993716
-10,-97.5,0.025000000000000001388,0.025000000000000001388
-9,-97.5,0.015199999999999999969,0.015199999999999999969
-8,-97.5,0.037699999999999997402,0.037699999999999997402
-7,-97.5,0.18909999999999999032,0.18909999999999999032
-6,-97.5,0.42059999999999997389,0.42059999999999997389
-5,-97.5,0.50539999999999996039,0.50539999999999996039
-4,-97.5,0.58230000000000003979,0.58230000000000003979
-3,-97.5,0.20560000000000000497,0.20560000000000000497
-2,-97.5,0.33010000000000000453,0.33010000000000000453
-1,-97.5,0.17910000000000000919,0.17910000000000000919
0,-97.5,0.26919999999999999485,0.26919999999999999485
1,-97.5,0.36109999999999997655,0.36109999999999997655
2,-97.5,0.21420000000000000151,0.21420000000000000151
3,-97.5,0.099299999999999999378,0.099299999999999999378
4,-97.5,0.11640000000000000346,0.11640000000000000346
5,-97.5,0.13550000000000000933,0.13550000000000000933
6,-97.5,0.10549999999999999656,0.10549999999999999656
7,-97.5,0.0384999999999999995,0.0384999999999999995
8,-97.5,0.045199999999999997125,0.045199999999999997125
9,-97.5,0.067400000000000001577,0.067400000000000001577
10,-97.5,0.11479999999999999927,0.11479999999999999927
11,-97.5,0.13969999999999999085,0.13969999999999999085
12,-97.5,0.16400000000000000688,0.16400000000000000688
13,-97.5,0.39689999999999997504,0.39689999999999997504
14,-97.5,0.84599999999999997424,0.84599999999999997424
15,-97.5,0.84279999999999999361,0.84279999999999999361
16,-97.5,0.95160000000000000142,0.95160000000000000142
17,-97.5,0.83369999999999999662,0.83369999999999999662
18,-97.5,0.6088999999999999968,0.6088999999999999968
19,-97.5,0.61990000000000000657,0.61990000000000000657
20,-97.5,0.53610000000000002096,0.53610000000000002096
21,-97.5,0.98070000000000001616,0.98070000000000001616
22,-97.5,0.94489999999999996216,0.94489999999999996216
23,-97.5,0.98939999999999994618,0.98939999999999994618
24,-97.5,0.74170000000000002593,0.74170000000000002593
25,-97.5,0.54830000000000000959,0.54830000000000000959
26,-97.5,0.47899999999999998135,0.47899999999999998135
27,-97.5,0.62549999999999994493,0.62549999999999994493
28,-97.5,0.76200000000000001066,0.76200000000000001066
29,-97.5,0.6936999999999999833,0.6936999999999999833
30,-97.5,0.60780000000000000693,0.60780000000000000693
31,-97.5,0.72179999999999999716,0.72179999999999999716
32,-97.5,0.63959999999999994635,0.63959999999999994635
33,-97.5,0.36039999999999999813,0.36039999999999999813
34,-97.5,0.39250000000000001554,0.39250000000000001554
35,-97.5,0.35649999999999998357,0.35649999999999998357
36,-97.5,0.24699999999999999734,0.24699999999999999734
37,-97.5,0.36280000000000001137,0.36280000000000001137
38,-97.5,0.39610000000000000764,0.39610000000000000764
39,-97.5,0.39629999999999998561,0.39629999999999998561
40,-97.5,0.43149999999999999467,0.43149999999999999467
41,-97.5,0.40999999999999997558,0.40999999999999997558
42,-97.5,0.48470000000000001972,0.48470000000000001972
43,-97.5,0.75019999999999997797,0.75019999999999997797
44,-97.5,0.87780000000000002469,0.87780000000000002469
45,-97.5,0.84230000000000004867,0.84230000000000004867
46,-97.5,0.67920000000000002593,0.67920000000000002593
47,-97.5,0.59689999999999998614,0.59689999999999998614
48,-97.5,0.9545000000000000151,0.9545000000000000151
49,-97.5,0.90039999999999997815,0.90039999999999997815
50,-97.5,0.54339999999999999414,0.54339999999999999414
51,-97.5,0.42999999999999999334,0.42999999999999999334
52,-97.5,0.40189999999999997948,0.40189999999999997948
53,-97.5,0.79710000000000003073,0.79710000000000003073
54,-97.5,0.091999999999999998446,0.091999999999999998446
55,-97.5,0.027599999999999999534,0.027599999999999999534
56,-97.5,0.021399999999999998884,0.021399999999999998884
57,-97.5,0.096399999999999999578,0.096399999999999999578
58,-97.5,0.11980000000000000371,0.11980000000000000371
59,-97.5,0.59350000000000002753,0.59350000000000002753
60,-97.5,0.69869999999999998774,0.69869999999999998774
61,-97.5,0.91490000000000004654,0.91490000000000004654
62,-97.5,0.88429999999999997495,0.88429999999999997495
63,-97.5,0.64619999999999999662,0.64619999999999999662
64,-97.5,0.45810000000000000719,0.45810000000000000719
65,-97.5,0.20369999999999999218,0.20369999999999999218
66,-97.5,0.1549000000000000099,0.1549000000000000099
67,-97.5,0.19950000000000001066,0.19950000000000001066
68,-97.5,0.5454999999999999849,0.5454999999999999849
69,-97.5,0.80989999999999995328,0.80989999999999995328
70,-97.5,0.87090000000000000746,0.87090000000000000746
-69,-96.25,0.74399999999999999467,0.74399999999999999467
-68,-96.25,0.83650000000000002132,0.83650000000000002132
-67,-96.25,0.95250000000000001332,0.95250000000000001332
-66,-96.25,0.91239999999999998881,0.91239999999999998881
-65,-96.25,0.92390000000000005453,0.92390000000000005453
-64,-96.25,0.78879999999999994564,0.78879999999999994564
-63,-96.25,0.64390000000000002789,0.64390000000000002789
-62,-96.25,0.55359999999999998099,0.55359999999999998099
-61,-96.25,0.92220000000000001972,0.92220000000000001972
-60,-96.25,0.86690000000000000391,0.86690000000000000391
-59,-96.25,0.72450000000000003286,0.72450000000000003286
-58,-96.25,0.58469999999999999751,0.58469999999999999751
-57,-96.25,0.27850000000000002531,0.27850000000000002531
-56,-96.25,0.16700000000000000955,0.16700000000000000955
-55,-96.25,0.042099999999999998535,0.042099999999999998535
-54,-96.25,0.12320000000000000395,0.12320000000000000395
-53,-96.25,0.24599999999999999645,0.24599999999999999645
-52,-96.25,0.21599999999999999756,0.21599999999999999756
-51,-96.25,0.41580000000000000293,0.41580000000000000293
-50,-96.25,0.48639999999999999902,0.48639999999999999902
-49,-96.25,0.28949999999999997957,0.28949999999999997957
-48,-96.25,0.22179999999999999716,0.22179999999999999716
-47,-96.25,0.38559999999999999831,0.38559999999999999831
-46,-96.25,0.33339999999999997415,0.33339999999999997415
-45,-96.25,0.46979999999999999538,0.46979999999999999538
-44,-96.25,0.70809999999999995168,0.70809999999999995168
-43,-96.25,0.81830000000000002736,0.81830000000000002736
-42,-96.25,0.55440000000000000391,0.55440000000000000391
-41,-96.25,0.58409999999999995257,0.58409999999999995257
-40,-96.25,0.49259999999999998233,0.49259999999999998233
-39,-96.25,0.43869999999999997886,0.43869999999999997886
-38,-96.25,0.43530000000000002025,0.43530000000000002025
-37,-96.25,0.89570000000000005169,0.89570000000000005169
-36,-96.25,0.92479999999999995541,0.92479999999999995541
-35,-96.25,0.81999999999999995115,0.81999999999999995115
-34,-96.25,0.73170000000000001705,0.73170000000000001705
-33,-96.25,0.51300000000000001155,0.51300000000000001155
-32,-96.25,0.27189999999999997504,0.27189999999999997504
-31,-96.25,0.23360000000000000209,0.23360000000000000209
-30,-96.25,0.32929999999999998161,0.32929999999999998161
-29,-96.25,0.41999999999999998446,0.41999999999999998446
-28,-96.25,0.49040000000000000258,0.49040000000000000258
-27,-96.25,0.42520000000000002238,0.42520000000000002238
-26,-96.25,0.4929000000000000048,0.4929000000000000048
-25,-96.25,0.85189999999999999059,0.85189999999999999059
-24,-96.25,0.86309999999999997833,0.86309999999999997833
-23,-96.25,0.74060000000000003606,0.74060000000000003606
-22,-96.25,0.79179999999999994831,0.79179999999999994831
-21,-96.25,0.68259999999999998455,0.68259999999999998455
-20,-96.25,0.22489999999999998881,0.22489999999999998881
-19,-96.25,0.16759999999999999898,0.16759999999999999898
-18,-96.25,0.26360000000000000098,0.26360000000000000098
-17,-96.25,0.68530000000000002025,0.68530000000000002025
-16,-96.25,0.80420000000000002593,0.80420000000000002593
-15,-96.25,0.90920000000000000817,0.90920000000000000817
-14,-96.25,0.43590000000000000968,0.43590000000000000968
-13,-96.25,0.41920000000000001705,0.41920000000000001705
-12,-96.25,0.1401999999999999913,0.1401999999999999913
-11,-96.25,0.064799999999999996492,0.064799999999999996492
-10,-96.25,0.02050000000000000086,0.02050000000000000086
-9,-96.25,0.029399999999999999051,0.029399999999999999051
-8,-96.25,0.040500000000000001277,0.040500000000000001277
-7,-96.25,0.26040000000000002034,0.26040000000000002034
-6,-96.25,0.56079999999999996518,0.56079999999999996518
-5,-96.25,0.7623999999999999666,0.7623999999999999666
-4,-96.25,0.67800000000000004707,0.67800000000000004707
-3,-96.25,0.6302999999999999714,0.6302999999999999714
-2,-96.25,0.27600000000000002309,0.27600000000000002309
-1,-96.25,0.19359999999999999432,0.19359999999999999432
0,-96.25,0.30780000000000001803,0.30780000000000001803
1,-96.25,0.40689999999999998392,0.40689999999999998392
2,-96.25,0.20510000000000000453,0.20510000000000000453
3,-96.25,0.061600000000000001976,0.061600000000000001976
4,-96.25,0.084400000000000002798,0.084400000000000002798
5,-96.25,0.17000000000000001221,0.17000000000000001221
6,-96.25,0.11100000000000000144,0.11100000000000000144
7,-96.25,0.085800000000000001266,0.085800000000000001266
8,-96.25,0.030200000000000001149,0.030200000000000001149
9,-96.25,0.17260000000000000342,0.17260000000000000342
10,-96.25,0.35160000000000002363,0.35160000000000002363
11,-96.25,0.25819999999999998508,0.25819999999999998508
12,-96.25,0.19350000000000000533,0.19350000000000000533
13,-96.25,0.24970000000000000528,0.24970000000000000528
14,-96.25,0.84219999999999994866,0.84219999999999994866
15,-96.25,0.75770000000000004015,0.75770000000000004015
16,-96.25,0.79379999999999995008,0.79379999999999995008
17,-96.25,0.69059999999999999165,0.69059999999999999165
18,-96.25,0.74460000000000003961,0.74460000000000003961
19,-96.25,0.88709999999999999964,0.88709999999999999964
20,-96.25,0.98489999999999999769,0.98489999999999999769
21,-96.25,0.99970000000000003304,0.99970000000000003304
22,-96.25,0.99529999999999996252,0.99529999999999996252
23,-96.25,0.67689999999999994618,0.67689999999999994618
24,-96.25,0.41149999999999997691,0.41149999999999997691
25,-96.25,0.29820000000000002061,0.29820000000000002061
26,-96.25,0.47639999999999999014,0.47639999999999999014
27,-96.25,0.66159999999999996589,0.66159999999999996589
28,-96.25,0.62529999999999996696,0.62529999999999996696
29,-96.25,0.57899999999999995914,0.57899999999999995914
30,-96.25,0.60189999999999999059,0.60189999999999999059
31,-96.25,0.59360000000000001652,0.59360000000000001652
32,-96.25,0.74509999999999998455,0.74509999999999998455
33,-96.25,0.6983000000000000318,0.6983000000000000318
34,-96.25,0.71830000000000004956,0.71830000000000004956
35,-96.25,0.5383999999999999897,0.5383999999999999897
36,-96.25,0.45350000000000001421,0.45350000000000001421
37,-96.25,0.64029999999999998028,0.64029999999999998028
38,-96.25,0.61189999999999999947,0.61189999999999999947
39,-96.25,0.35949999999999998623,0.35949999999999998623
40,-96.25,0.37149999999999999689,0.37149999999999999689
41,-96.25,0.46410000000000001252,0.46410000000000001252
42,-96.25,0.46720000000000000417,0.46720000000000000417
43,-96.25,0.74039999999999994706,0.74039999999999994706
44,-96.25,0.75009999999999998899,0.75009999999999998899
45,-96.25,0.49509999999999998455,0.49509999999999998455
46,-96.25,0.43290000000000000702,0.43290000000000000702
47,-96.25,0.66420000000000001261,0.66420000000000001261
48,-96.25,0.90839999999999998526,0.90839999999999998526
49,-96.25,0.95689999999999997282,0.95689999999999997282
50,-96.25,0.55040000000000000036,0.55040000000000000036
51,-96.25,0.42749999999999999112,0.42749999999999999112
52,-96.25,0.41549999999999998046,0.41549999999999998046
53,-96.25,0.79169999999999995932,0.79169999999999995932
54,-96.25,0.18049999999999999378,0.18049999999999999378
55,-96.25,0.042599999999999998979,0.042599999999999998979
56,-96.25,0.038600000000000002365,0.038600000000000002365
57,-96.25,0.10409999999999999809,0.10409999999999999809
58,-96.25,0.16400000000000000688,0.16400000000000000688
59,-96.25,0.47220000000000000862,0.47220000000000000862
60,-96.25,0.67300000000000004263,0.67300000000000004263
61,-96.25,0.93149999999999999467,0.93149999999999999467
62,-96.25,0.9304000000000000048,0.9304000000000000048
63,-96.25,0.48420000000000001927,0.48420000000000001927
64,-96.25,0.25319999999999998064,0.25319999999999998064
65,-96.25,0.11650000000000000633,0.11650000000000000633
66,-96.25,0.15079999999999998961,0.15079999999999998961
67,-96.25,0.36599999999999999201,0.36599999999999999201
68,-96.25,0.55740000000000000657,0.55740000000000000657
69,-96.25,0.75790000000000001812,0.75790000000000001812
70,-96.25,0.8552999999999999492,0.8552999999999999492
-69,-95,0.67079999999999995186,0.67079999999999995186
-68,-95,0.84899999999999997691,0.84899999999999997691
-67,-95,0.93810000000000004494,0.93810000000000004494
-66,-95,0.93799999999999994493,0.93799999999999994493
-65,-95,0.9322000000000000286,0.9322000000000000286
-64,-95,0.92810000000000003606,0.92810000000000003606
-63,-95,0.96589999999999998082,0.96589999999999998082
-62,-95,0.91259999999999996678,0.91259999999999996678
-61,-95,0.99209999999999998188,0.99209999999999998188
-60,-95,0.73540000000000005365,0.73540000000000005365
-59,-95,0.76680000000000003713,0.76680000000000003713
-58,-95,0.34220000000000000417,0.34220000000000000417
-57,-95,0.22059999999999999054,0.22059999999999999054
-56,-95,0.24620000000000000218,0.24620000000000000218
-55,-95,0.067500000000000004441,0.067500000000000004441
-54,-95,0.19350000000000000533,0.19350000000000000533
-53,-95,0.32619999999999998996,0.32619999999999998996
-52,-95,0.30330000000000001403,0.30330000000000001403
-51,-95,0.36009999999999997566,0.36009999999999997566
-50,-95,0.37600000000000000089,0.37600000000000000089
-49,-95,0.26719999999999999307,0.26719999999999999307
-48,-95,0.21770000000000000462,0.21770000000000000462
-47,-95,0.31979999999999997318,0.31979999999999997318
-46,-95,0.24349999999999999423,0.24349999999999999423
-45,-95,0.57210000000000005294,0.57210000000000005294
-44,-95,0.92659999999999997922,0.92659999999999997922
-43,-95,0.79820000000000002061,0.79820000000000002061
-42,-95,0.51400000000000001243,0.51400000000000001243
-41,-95,0.45800000000000001821,0.45800000000000001821
-40,-95,0.55349999999999999201,0.55349999999999999201
-39,-95,0.29230000000000000426,0.29230000000000000426
-38,-95,0.45650000000000001688,0.45650000000000001688
-37,-95,0.9000000000000000222,0.9000000000000000222
-36,-95,0.8508999999999999897,0.8508999999999999897
-35,-95,0.58679999999999998828,0.58679999999999998828
-34,-95,0.46210000000000001075,0.46210000000000001075
-33,-95,0.37080000000000001847,0.37080000000000001847
-32,-95,0.33050000000000001599,0.33050000000000001599
-31,-95,0.22980000000000000426,0.22980000000000000426
-30,-95,0.2670000000000000151,0.2670000000000000151
-29,-95,0.23330000000000000737,0.23330000000000000737
-28,-95,0.43630000000000002114,0.43630000000000002114
-27,-95,0.36330000000000001181,0.36330000000000001181
-26,-95,0.80389999999999994795,0.80389999999999994795
-25,-95,0.98960000000000003517,0.98960000000000003517
-24,-95,0.93789999999999995595,0.93789999999999995595
-23,-95,0.76980000000000003979,0.76980000000000003979
-22,-95,0.61050000000000004263,0.61050000000000004263
-21,-95,0.29670000000000001927,0.29670000000000001927
-20,-95,0.059900000000000001854,0.059900000000000001854
-19,-95,0.10539999999999999369,0.10539999999999999369
-18,-95,0.17879999999999998672,0.17879999999999998672
-17,-95,0.55020000000000002238,0.55020000000000002238
-16,-95,0.77690000000000003499,0.77690000000000003499
-15,-95,0.89300000000000001599,0.89300000000000001599
-14,-95,0.5197000000000000508,0.5197000000000000508
-13,-95,0.24069999999999999729,0.24069999999999999729
-12,-95,0.14289999999999999925,0.14289999999999999925
-11,-95,0.049700000000000001121,0.049700000000000001121
-10,-95,0.026999999999999999695,0.026999999999999999695
-9,-95,0.047800000000000002209,0.047800000000000002209
-8,-95,0.046699999999999998457,0.046699999999999998457
-7,-95,0.16150000000000000466,0.16150000000000000466
-6,-95,0.32029999999999997362,0.32029999999999997362
-5,-95,0.48230000000000000648,0.48230000000000000648
-4,-95,0.4722999999999999976,0.4722999999999999976
-3,-95,0.45290000000000002478,0.45290000000000002478
-2,-95,0.3276999999999999913,0.3276999999999999913
-1,-95,0.23919999999999999596,0.23919999999999999596
0,-95,0.34350000000000002753,0.34350000000000002753
1,-95,0.4107000000000000095,0.4107000000000000095
2,-95,0.18490000000000000879,0.18490000000000000879
3,-95,0.047399999999999997691,0.047399999999999997691
4,-95,0.031500000000000000222,0.031500000000000000222
5,-95,0.09500000000000000111,0.09500000000000000111
6,-95,0.1092000000000000054,0.1092000000000000054
7,-95,0.084299999999999999933,0.084299999999999999933
8,-95,0.087999999999999994893,0.087999999999999994893
9,-95,0.16680000000000000382,0.16680000000000000382
10,-95,0.21829999999999999405,0.21829999999999999405
11,-95,0.42870000000000002549,0.42870000000000002549
12,-95,0.38950000000000001288,0.38950000000000001288
13,-95,0.47910000000000002585,0.47910000000000002585
14,-95,0.57809999999999994724,0.57809999999999994724
15,-95,0.84109999999999995879,0.84109999999999995879
16,-95,0.83260000000000000675,0.83260000000000000675
17,-95,0.99980000000000002203,0.99980000000000002203
18,-95,0.99390000000000000568,0.99390000000000000568
19,-95,0.99699999999999999734,0.99699999999999999734
20,-95,0.99190000000000000391,0.99190000000000000391
21,-95,0.95850000000000001865,0.95850000000000001865
22,-95,0.88470000000000004192,0.88470000000000004192
23,-95,0.66259999999999996678,0.66259999999999996678
24,-95,0.36840000000000000524,0.36840000000000000524
25,-95,0.25059999999999998943,0.25059999999999998943
26,-95,0.28760000000000002229,0.28760000000000002229
27,-95,0.42690000000000000169,0.42690000000000000169
28,-95,0.47420000000000001039,0.47420000000000001039
29,-95,0.55469999999999997087,0.55469999999999997087
30,-95,0.67710000000000003517,0.67710000000000003517
31,-95,0.40999999999999997558,0.40999999999999997558
32,-95,0.40829999999999999627,0.40829999999999999627
33,-95,0.54530000000000000693,0.54530000000000000693
34,-95,0.71850000000000002753,0.71850000000000002753
35,-95,0.48509999999999997566,0.48509999999999997566
36,-95,0.73960000000000003517,0.73960000000000003517
37,-95,0.71130000000000004334,0.71130000000000004334
38,-95,0.80779999999999996252,0.80779999999999996252
39,-95,0.63539999999999996483,0.63539999999999996483
40,-95,0.49309999999999998277,0.49309999999999998277
41,-95,0.54569999999999996287,0.54569999999999996287
42,-95,0.50880000000000003002,0.50880000000000003002
43,-95,0.70689999999999997282,0.70689999999999997282
44,-95,0.98819999999999996732,0.98819999999999996732
45,-95,0.50660000000000005027,0.50660000000000005027
46,-95,0.33810000000000001164,0.33810000000000001164
47,-95,0.59750000000000003109,0.59750000000000003109
48,-95,0.88500000000000000888,0.88500000000000000888
49,-95,0.9891999999999999682,0.9891999999999999682
50,-95,0.848300000000000054,0.848300000000000054
51,-95,0.69330000000000002736,0.69330000000000002736
52,-95,0.56469999999999997975,0.56469999999999997975
53,-95,0.56289999999999995595,0.56289999999999995595
54,-95,0.42059999999999997389,0.42059999999999997389
55,-95,0.16139999999999998792,0.16139999999999998792
56,-95,0.05940000000000000141,0.05940000000000000141
57,-95,0.082299999999999998157,0.082299999999999998157
58,-95,0.12139999999999999403,0.12139999999999999403
59,-95,0.37600000000000000089,0.37600000000000000089
60,-95,0.64319999999999999396,0.64319999999999999396
61,-95,0.83050000000000001599,0.83050000000000001599
62,-95,0.84160000000000001474,0.84160000000000001474
63,-95,0.46029999999999998694,0.46029999999999998694
64,-95,0.18900000000000000133,0.18900000000000000133
65,-95,0.078600000000000003197,0.078600000000000003197
66,-95,0.092399999999999996025,0.092399999999999996025
67,-95,0.60289999999999999147,0.60289999999999999147
68,-95,0.74199999999999999289,0.74199999999999999289
69,-95,0.8010000000000000453,0.8010000000000000453
70,-95,0.78249999999999997335,0.78249999999999997335
-69,-93.75,0.53729999999999999982,0.53729999999999999982
-68,-93.75,0.82850000000000001421,0.82850000000000001421
-67,-93.75,0.92159999999999997478,0.92159999999999997478
-66,-93.75,0.92849999999999999201,0.92849999999999999201
-65,-93.75,0.9811999999999999611,0.9811999999999999611
-64,-93.75,0.96430000000000004601,0.96430000000000004601
-63,-93.75,0.99939999999999995506,0.99939999999999995506
-62,-93.75,0.99229999999999995985,0.99229999999999995985
-61,-93.75,0.96460000000000001297,0.96460000000000001297
-60,-93.75,0.73370000000000001883,0.73370000000000001883
-59,-93.75,0.72699999999999997957,0.72699999999999997957
-58,-93.75,0.2793999999999999817,0.2793999999999999817
-57,-93.75,0.22339999999999998748,0.22339999999999998748
-56,-93.75,0.2152000000000000024,0.2152000000000000024
-55,-93.75,0.1047000000000000014,0.1047000000000000014
-54,-93.75,0.29420000000000001705,0.29420000000000001705
-53,-93.75,0.44959999999999999964,0.44959999999999999964
-52,-93.75,0.41110000000000002096,0.41110000000000002096
-51,-93.75,0.33950000000000002398,0.33950000000000002398
-50,-93.75,0.29949999999999998845,0.29949999999999998845
-49,-93.75,0.17769999999999999685,0.17769999999999999685
-48,-93.75,0.2393000000000000127,0.2393000000000000127
-47,-93.75,0.3375000000000000222,0.3375000000000000222
-46,-93.75,0.20830000000000001292,0.20830000000000001292
-45,-93.75,0.51680000000000003713,0.51680000000000003713
-44,-93.75,0.64959999999999995524,0.64959999999999995524
-43,-93.75,0.40579999999999999405,0.40579999999999999405
-42,-93.75,0.330400000000000027,0.330400000000000027
-41,-93.75,0.24740000000000000879,0.24740000000000000879
-40,-93.75,0.39939999999999997726,0.39939999999999997726
-39,-93.75,0.40239999999999997993,0.40239999999999997993
-38,-93.75,0.89710000000000000853,0.89710000000000000853
-37,-93.75,0.99019999999999996909,0.99019999999999996909
-36,-93.75,0.54269999999999996021,0.54269999999999996021
-35,-93.75,0.31400000000000000133,0.31400000000000000133
-34,-93.75,0.24210000000000000964,0.24210000000000000964
-33,-93.75,0.23810000000000000608,0.23810000000000000608
-32,-93.75,0.34320000000000000506,0.34320000000000000506
-31,-93.75,0.2393000000000000127,0.2393000000000000127
-30,-93.75,0.27100000000000001865,0.27100000000000001865
-29,-93.75,0.29070000000000001394,0.29070000000000001394
-28,-93.75,0.3875000000000000111,0.3875000000000000111
-27,-93.75,0.56089999999999995417,0.56089999999999995417
-26,-93.75,0.99580000000000001847,0.99580000000000001847
-25,-93.75,0.97940000000000004832,0.97940000000000004832
-24,-93.75,0.83689999999999997726,0.83689999999999997726
-23,-93.75,0.47730000000000000204,0.47730000000000000204
-22,-93.75,0.25559999999999999387,0.25559999999999999387
-21,-93.75,0.093299999999999994049,0.093299999999999994049
-20,-93.75,0.10030000000000000027,0.10030000000000000027
-19,-93.75,0.13950000000000001288,0.13950000000000001288
-18,-93.75,0.2084999999999999909,0.2084999999999999909
-17,-93.75,0.48430000000000000826,0.48430000000000000826
-16,-93.75,0.60940000000000005276,0.60940000000000005276
-15,-93.75,0.5999999999999999778,0.5999999999999999778
-14,-93.75,0.53059999999999996056,0.53059999999999996056
-13,-93.75,0.21099999999999999312,0.21099999999999999312
-12,-93.75,0.1298999999999999877,0.1298999999999999877
-11,-93.75,0.019199999999999998318,0.019199999999999998318
-10,-93.75,0.011499999999999999806,0.011499999999999999806
-9,-93.75,0.031800000000000001876,0.031800000000000001876
-8,-93.75,0.048599999999999997369,0.048599999999999997369
-7,-93.75,0.1472999999999999865,0.1472999999999999865
-6,-93.75,0.23569999999999999285,0.23569999999999999285
-5,-93.75,0.42470000000000002194,0.42470000000000002194
-4,-93.75,0.70320000000000004725,0.70320000000000004725
-3,-93.75,0.48559999999999997611,0.48559999999999997611
-2,-93.75,0.32050000000000000711,0.32050000000000000711
-1,-93.75,0.2677999999999999825,0.2677999999999999825
0,-93.75,0.31199999999999999956,0.31199999999999999956
1,-93.75,0.41239999999999998881,0.41239999999999998881
2,-93.75,0.14540000000000000147,0.14540000000000000147
3,-93.75,0.019099999999999998923,0.019099999999999998923
4,-93.75,0.0044000000000000002651,0.0044000000000000002651
5,-93.75,0.037499999999999998612,0.037499999999999998612
6,-93.75,0.10230000000000000204,0.10230000000000000204
7,-93.75,0.12230000000000000593,0.12230000000000000593
8,-93.75,0.11990000000000000657,0.11990000000000000657
9,-93.75,0.10910000000000000253,0.10910000000000000253
10,-93.75,0.11029999999999999527,0.11029999999999999527
11,-93.75,0.40779999999999999583,0.40779999999999999583
12,-93.75,0.62129999999999996341,0.62129999999999996341
13,-93.75,0.80440000000000000391,0.80440000000000000391
14,-93.75,0.83340000000000002967,0.83340000000000002967
15,-93.75,0.67010000000000002895,0.67010000000000002895
16,-93.75,0.99950000000000005507,0.99950000000000005507
17,-93.75,0.97119999999999995222,0.97119999999999995222
18,-93.75,0.68049999999999999378,0.68049999999999999378
19,-93.75,0.67090000000000005187,0.67090000000000005187
20,-93.75,0.81859999999999999432,0.81859999999999999432
21,-93.75,0.86099999999999998757,0.86099999999999998757
22,-93.75,0.86560000000000003606,0.86560000000000003606
23,-93.75,0.81010000000000004228,0.81010000000000004228
24,-93.75,0.48589999999999999858,0.48589999999999999858
25,-93.75,0.25519999999999998241,0.25519999999999998241
26,-93.75,0.22070000000000000728,0.22070000000000000728
27,-93.75,0.21699999999999999845,0.21699999999999999845
28,-93.75,0.17360000000000000431,0.17360000000000000431
29,-93.75,0.25200000000000000178,0.25200000000000000178
30,-93.75,0.33250000000000001776,0.33250000000000001776
31,-93.75,0.41330000000000000071,0.41330000000000000071
32,-93.75,0.44159999999999999254,0.44159999999999999254
33,-93.75,0.50570000000000003837,0.50570000000000003837
34,-93.75,0.6599000000000000421,0.6599000000000000421
35,-93.75,0.59689999999999998614,0.59689999999999998614
36,-93.75,0.69550000000000000711,0.69550000000000000711
37,-93.75,0.49809999999999998721,0.49809999999999998721
38,-93.75,0.6215000000000000524,0.6215000000000000524
39,-93.75,0.65780000000000005134,0.65780000000000005134
40,-93.75,0.57250000000000000888,0.57250000000000000888
41,-93.75,0.46450000000000002398,0.46450000000000002398
42,-93.75,0.75690000000000001723,0.75690000000000001723
43,-93.75,0.85229999999999994653,0.85229999999999994653
44,-93.75,0.9848000000000000087,0.9848000000000000087
45,-93.75,0.848300000000000054,0.848300000000000054
46,-93.75,0.64580000000000004068,0.64580000000000004068
47,-93.75,0.73129999999999995008,0.73129999999999995008
48,-93.75,0.79790000000000005365,0.79790000000000005365
49,-93.75,0.99309999999999998277,0.99309999999999998277
50,-93.75,0.91139999999999998792,0.91139999999999998792
51,-93.75,0.69259999999999999343,0.69259999999999999343
52,-93.75,0.37180000000000001936,0.37180000000000001936
53,-93.75,0.45310000000000000275,0.45310000000000000275
54,-93.75,0.46770000000000000462,0.46770000000000000462
55,-93.75,0.19789999999999999258,0.19789999999999999258
56,-93.75,0.049799999999999997047,0.049799999999999997047
57,-93.75,0.047899999999999998135,0.047899999999999998135
58,-93.75,0.064299999999999996048,0.064299999999999996048
59,-93.75,0.24820000000000000395,0.24820000000000000395
60,-93.75,0.40470000000000000417,0.40470000000000000417
61,-93.75,0.43369999999999997442,0.43369999999999997442
62,-93.75,0.49120000000000002549,0.49120000000000002549
63,-93.75,0.33939999999999997948,0.33939999999999997948
64,-93.75,0.17630000000000001226,0.17630000000000001226
65,-93.75,0.061400000000000003186,0.061400000000000003186
66,-93.75,0.063000000000000000444,0.063000000000000000444
67,-93.75,0.357099999999999973,0.357099999999999973
68,-93.75,0.90849999999999997424,0.90849999999999997424
69,-93.75,0.98140000000000005009,0.98140000000000005009
70,-93.75,0.66679999999999994831,0.66679999999999994831
-69,-92.5,0.36830000000000001625,0.36830000000000001625
-68,-92.5,0.69159999999999999254,0.69159999999999999254
-67,-92.5,0.89449999999999996181,0.89449999999999996181
-66,-92.5,0.9786000000000000254,0.9786000000000000254
-65,-92.5,0.99739999999999995328,0.99739999999999995328
-64,-92.5,0.88500000000000000888,0.88500000000000000888
-63,-92.5,0.93510000000000004228,0.93510000000000004228
-62,-92.5,0.99080000000000001403,0.99080000000000001403
-61,-92.5,0.99070000000000002505,0.99070000000000002505
-60,-92.5,0.79969999999999996643,0.79969999999999996643
-59,-92.5,0.44059999999999999165,0.44059999999999999165
-58,-92.5,0.23719999999999999418,0.23719999999999999418
-57,-92.5,0.24299999999999999378,0.24299999999999999378
-56,-92.5,0.11749999999999999334,0.11749999999999999334
-55,-92.5,0.24679999999999999161,0.24679999999999999161
-54,-92.5,0.44000000000000000222,0.44000000000000000222
-53,-92.5,0.50409999999999999254,0.50409999999999999254
-52,-92.5,0.36130000000000001004,0.36130000000000001004
-51,-92.5,0.26910000000000000586,0.26910000000000000586
-50,-92.5,0.22730000000000000204,0.22730000000000000204
-49,-92.5,0.13960000000000000187,0.13960000000000000187
-48,-92.5,0.21529999999999999138,0.21529999999999999138
-47,-92.5,0.31669999999999998153,0.31669999999999998153
-46,-92.5,0.2464000000000000079,0.2464000000000000079
-45,-92.5,0.39929999999999998828,0.39929999999999998828
-44,-92.5,0.25290000000000001368,0.25290000000000001368
-43,-92.5,0.21179999999999998828,0.21179999999999998828
-42,-92.5,0.28120000000000000551,0.28120000000000000551
-41,-92.5,0.20930000000000001381,0.20930000000000001381
-40,-92.5,0.21840000000000001079,0.21840000000000001079
-39,-92.5,0.58199999999999996181,0.58199999999999996181
-38,-92.5,0.99229999999999995985,0.99229999999999995985
-37,-92.5,0.7731999999999999984,0.7731999999999999984
-36,-92.5,0.42709999999999997966,0.42709999999999997966
-35,-92.5,0.18420000000000000262,0.18420000000000000262
-34,-92.5,0.10320000000000000007,0.10320000000000000007
-33,-92.5,0.20480000000000000981,0.20480000000000000981
-32,-92.5,0.35730000000000000648,0.35730000000000000648
-31,-92.5,0.33960000000000001297,0.33960000000000001297
-30,-92.5,0.34179999999999999272,0.34179999999999999272
-29,-92.5,0.33960000000000001297,0.33960000000000001297
-28,-92.5,0.38509999999999999787,0.38509999999999999787
-27,-92.5,0.76639999999999997016,0.76639999999999997016
-26,-92.5,0.99419999999999997264,0.99419999999999997264
-25,-92.5,0.63409999999999999698,0.63409999999999999698
-24,-92.5,0.35239999999999999103,0.35239999999999999103
-23,-92.5,0.15040000000000000591,0.15040000000000000591
-22,-92.5,0.088599999999999998201,0.088599999999999998201
-21,-92.5,0.032800000000000002764,0.032800000000000002764
-20,-92.5,0.11509999999999999398,0.11509999999999999398
-19,-92.5,0.23519999999999999241,0.23519999999999999241
-18,-92.5,0.23680000000000001048,0.23680000000000001048
-17,-92.5,0.5231999999999999984,0.5231999999999999984
-16,-92.5,0.49919999999999997708,0.49919999999999997708
-15,-92.5,0.36849999999999999423,0.36849999999999999423
-14,-92.5,0.40820000000000000728,0.40820000000000000728
-13,-92.5,0.33019999999999999352,0.33019999999999999352
-12,-92.5,0.084400000000000002798,0.084400000000000002798
-11,-92.5,0.010000000000000000208,0.010000000000000000208
-10,-92.5,0.0048999999999999998418,0.0048999999999999998418
-9,-92.5,0.022100000000000001588,0.022100000000000001588
-8,-92.5,0.059499999999999997335,0.059499999999999997335
-7,-92.5,0.10520000000000000184,0.10520000000000000184
-6,-92.5,0.2326000000000000012,0.2326000000000000012
-5,-92.5,0.52419999999999999929,0.52419999999999999929
-4,-92.5,0.62949999999999994849,0.62949999999999994849
-3,-92.5,0.68899999999999994582,0.68899999999999994582
-2,-92.5,0.20119999999999998996,0.20119999999999998996
-1,-92.5,0.26429999999999997939,0.26429999999999997939
0,-92.5,0.40070000000000000062,0.40070000000000000062
1,-92.5,0.27739999999999997993,0.27739999999999997993
2,-92.5,0.078899999999999997913,0.078899999999999997913
3,-92.5,0.017299999999999999406,0.017299999999999999406
4,-92.5,0.0022000000000000001325,0.0022000000000000001325
5,-92.5,0.01799999999999999864,0.01799999999999999864
6,-92.5,0.11229999999999999705,0.11229999999999999705
7,-92.5,0.11310000000000000608,0.11310000000000000608
8,-92.5,0.13650000000000001021,0.13650000000000001021
9,-92.5,0.13689999999999999392,0.13689999999999999392
10,-92.5,0.08300000000000000433,0.08300000000000000433
11,-92.5,0.15750000000000000111,0.15750000000000000111
12,-92.5,0.51349999999999995648,0.51349999999999995648
13,-92.5,0.91469999999999995755,0.91469999999999995755
14,-92.5,0.8097999999999999643,0.8097999999999999643
15,-92.5,0.79430000000000000604,0.79430000000000000604
16,-92.5,0.95350000000000001421,0.95350000000000001421
17,-92.5,0.61660000000000003695,0.61660000000000003695
18,-92.5,0.36189999999999999947,0.36189999999999999947
19,-92.5,0.41580000000000000293,0.41580000000000000293
20,-92.5,0.49969999999999997753,0.49969999999999997753
21,-92.5,0.61680000000000001492,0.61680000000000001492
22,-92.5,0.7026999999999999913,0.7026999999999999913
23,-92.5,0.71040000000000003144,0.71040000000000003144
24,-92.5,0.62039999999999995151,0.62039999999999995151
25,-92.5,0.47520000000000001128,0.47520000000000001128
26,-92.5,0.23910000000000000697,0.23910000000000000697
27,-92.5,0.13450000000000000844,0.13450000000000000844
28,-92.5,0.13880000000000000671,0.13880000000000000671
29,-92.5,0.13309999999999999609,0.13309999999999999609
30,-92.5,0.17210000000000000298,0.17210000000000000298
31,-92.5,0.26059999999999999831,0.26059999999999999831
32,-92.5,0.41060000000000002052,0.41060000000000002052
33,-92.5,0.49719999999999997531,0.49719999999999997531
34,-92.5,0.66469999999999995755,0.66469999999999995755
35,-92.5,0.60309999999999996945,0.60309999999999996945
36,-92.5,0.49430000000000001714,0.49430000000000001714
37,-92.5,0.45019999999999998908,0.45019999999999998908
38,-92.5,0.30830000000000001847,0.30830000000000001847
39,-92.5,0.38650000000000001021,0.38650000000000001021
40,-92.5,0.36940000000000000613,0.36940000000000000613
41,-92.5,0.51029999999999997584,0.51029999999999997584
42,-92.5,0.910800000000000054,0.910800000000000054
43,-92.5,0.97709999999999996856,0.97709999999999996856
44,-92.5,0.98529999999999995364,0.98529999999999995364
45,-92.5,0.98790000000000000036,0.98790000000000000036
46,-92.5,0.9659999999999999698,0.9659999999999999698
47,-92.5,0.73129999999999995008,0.73129999999999995008
48,-92.5,0.77459999999999995524,0.77459999999999995524
49,-92.5,0.82979999999999998206,0.82979999999999998206
50,-92.5,0.91029999999999999805,0.91029999999999999805
51,-92.5,0.7206000000000000183,0.7206000000000000183
52,-92.5,0.28810000000000002274,0.28810000000000002274
53,-92.5,0.47470000000000001084,0.47470000000000001084
54,-92.5,0.49980000000000002203,0.49980000000000002203
55,-92.5,0.158500000000000002,0.158500000000000002
56,-92.5,0.046100000000000002087,0.046100000000000002087
57,-92.5,0.030800000000000000988,0.030800000000000000988
58,-92.5,0.046300000000000000877,0.046300000000000000877
59,-92.5,0.14710000000000000853,0.14710000000000000853
60,-92.5,0.34949999999999997735,0.34949999999999997735
61,-92.5,0.19889999999999999347,0.19889999999999999347
62,-92.5,0.1691999999999999893,0.1691999999999999893
63,-92.5,0.18950000000000000178,0.18950000000000000178
64,-92.5,0.15440000000000000946,0.15440000000000000946
65,-92.5,0.053199999999999997291,0.053199999999999997291
66,-92.5,0.048899999999999999023,0.048899999999999999023
67,-92.5,0.19409999999999999476,0.19409999999999999476
68,-92.5,0.83250000000000001776,0.83250000000000001776
69,-92.5,0.99970000000000003304,0.99970000000000003304
70,-92.5,0.73140000000000005009,0.73140000000000005009
-69,-91.25,0.4081000000000000183,0.4081000000000000183
-68,-91.25,0.49509999999999998455,0.49509999999999998455
-67,-91.25,0.86399999999999999023,0.86399999999999999023
-66,-91.25,0.99790000000000000924,0.99790000000000000924
-65,-91.25,0.98429999999999995275,0.98429999999999995275
-64,-91.25,0.96389999999999997904,0.96389999999999997904
-63,-91.25,0.87909999999999999254,0.87909999999999999254
-62,-91.25,0.98399999999999998579,0.98399999999999998579
-61,-91.25,0.99390000000000000568,0.99390000000000000568
-60,-91.25,0.7036000000000000032,0.7036000000000000032
-59,-91.25,0.3160999999999999921,0.3160999999999999921
-58,-91.25,0.27639999999999997904,0.27639999999999997904
-57,-91.25,0.16539999999999999147,0.16539999999999999147
-56,-91.25,0.10009999999999999454,0.10009999999999999454
-55,-91.25,0.263400000000000023,0.263400000000000023
-54,-91.25,0.52270000000000005347,0.52270000000000005347
-53,-91.25,0.43969999999999997975,0.43969999999999997975
-52,-91.25,0.34889999999999998792,0.34889999999999998792
-51,-91.25,0.2847999999999999976,0.2847999999999999976
-50,-91.25,0.3643000000000000127,0.3643000000000000127
-49,-91.25,0.16689999999999999281,0.16689999999999999281
-48,-91.25,0.23239999999999999547,0.23239999999999999547
-47,-91.25,0.41289999999999998925,0.41289999999999998925
-46,-91.25,0.32369999999999998774,0.32369999999999998774
-45,-91.25,0.30880000000000001892,0.30880000000000001892
-44,-91.25,0.15190000000000000724,0.15190000000000000724
-43,-91.25,0.22339999999999998748,0.22339999999999998748
-42,-91.25,0.37159999999999998588,0.37159999999999998588
-41,-91.25,0.19339999999999998859,0.19339999999999998859
-40,-91.25,0.18529999999999999249,0.18529999999999999249
-39,-91.25,0.82569999999999998952,0.82569999999999998952
-38,-91.25,0.9848000000000000087,0.9848000000000000087
-37,-91.25,0.73999999999999999112,0.73999999999999999112
-36,-91.25,0.54820000000000002061,0.54820000000000002061
-35,-91.25,0.34449999999999997291,0.34449999999999997291
-34,-91.25,0.31090000000000000968,0.31090000000000000968
-33,-91.25,0.28910000000000002363,0.28910000000000002363
-32,-91.25,0.4088999999999999857,0.4088999999999999857
-31,-91.25,0.41860000000000002762,0.41860000000000002762
-30,-91.25,0.4813000000000000056,0.4813000000000000056
-29,-91.25,0.58309999999999995168,0.58309999999999995168
-28,-91.25,0.80430000000000001492,0.80430000000000001492
-27,-91.25,0.99360000000000003872,0.99360000000000003872
-26,-91.25,0.96230000000000004423,0.96230000000000004423
-25,-91.25,0.46039999999999997593,0.46039999999999997593
-24,-91.25,0.11089999999999999858,0.11089999999999999858
-23,-91.25,0.14669999999999999707,0.14669999999999999707
-22,-91.25,0.064199999999999993183,0.064199999999999993183
-21,-91.25,0.13120000000000001106,0.13120000000000001106
-20,-91.25,0.18149999999999999467,0.18149999999999999467
-19,-91.25,0.29049999999999998046,0.29049999999999998046
-18,-91.25,0.46949999999999997291,0.46949999999999997291
-17,-91.25,0.5739999999999999547,0.5739999999999999547
-16,-91.25,0.50109999999999998987,0.50109999999999998987
-15,-91.25,0.40379999999999999227,0.40379999999999999227
-14,-91.25,0.30049999999999998934,0.30049999999999998934
-13,-91.25,0.13059999999999999387,0.13059999999999999387
-12,-91.25,0.0596000000000000002,0.0596000000000000002
-11,-91.25,0.0051000000000000003664,0.0051000000000000003664
-10,-91.25,0.0020000000000000000416,0.0020000000000000000416
-9,-91.25,0.034299999999999997158,0.034299999999999997158
-8,-91.25,0.080600000000000004974,0.080600000000000004974
-7,-91.25,0.11970000000000000084,0.11970000000000000084
-6,-91.25,0.25779999999999997362,0.25779999999999997362
-5,-91.25,0.63129999999999997229,0.63129999999999997229
-4,-91.25,0.5742000000000000437,0.5742000000000000437
-3,-91.25,0.74099999999999999201,0.74099999999999999201
-2,-91.25,0.19600000000000000755,0.19600000000000000755
-1,-91.25,0.25800000000000000711,0.25800000000000000711
0,-91.25,0.10409999999999999809,0.10409999999999999809
1,-91.25,0.43140000000000000568,0.43140000000000000568
2,-91.25,0.095699999999999993405,0.095699999999999993405
3,-91.25,0.027400000000000000744,0.027400000000000000744
4,-91.25,0.0067999999999999996211,0.0067999999999999996211
5,-91.25,0.027900000000000001188,0.027900000000000001188
6,-91.25,0.066900000000000001132,0.066900000000000001132
7,-91.25,0.15590000000000001079,0.15590000000000001079
8,-91.25,0.16960000000000000075,0.16960000000000000075
9,-91.25,0.21470000000000000195,0.21470000000000000195
10,-91.25,0.14269999999999999352,0.14269999999999999352
11,-91.25,0.18290000000000000702,0.18290000000000000702
12,-91.25,0.46899999999999997247,0.46899999999999997247
13,-91.25,0.85789999999999999591,0.85789999999999999591
14,-91.25,0.91180000000000005489,0.91180000000000005489
15,-91.25,0.80559999999999998277,0.80559999999999998277
16,-91.25,0.64039999999999996927,0.64039999999999996927
17,-91.25,0.54939999999999999947,0.54939999999999999947
18,-91.25,0.61029999999999995364,0.61029999999999995364
19,-91.25,0.65890000000000004121,0.65890000000000004121
20,-91.25,0.44550000000000000711,0.44550000000000000711
21,-91.25,0.48239999999999999547,0.48239999999999999547
22,-91.25,0.6141999999999999682,0.6141999999999999682
23,-91.25,0.61399999999999999023,0.61399999999999999023
24,-91.25,0.51109999999999999876,0.51109999999999999876
25,-91.25,0.47799999999999998046,0.47799999999999998046
26,-91.25,0.41989999999999999547,0.41989999999999999547
27,-91.25,0.26829999999999998295,0.26829999999999998295
28,-91.25,0.1804000000000000048,0.1804000000000000048
29,-91.25,0.14740000000000000324,0.14740000000000000324
30,-91.25,0.17660000000000000697,0.17660000000000000697
31,-91.25,0.27870000000000000329,0.27870000000000000329
32,-91.25,0.52629999999999999005,0.52629999999999999005
33,-91.25,0.54579999999999995186,0.54579999999999995186
34,-91.25,0.57630000000000003446,0.57630000000000003446
35,-91.25,0.83150000000000001688,0.83150000000000001688
36,-91.25,0.50660000000000005027,0.50660000000000005027
37,-91.25,0.48549999999999998712,0.48549999999999998712
38,-91.25,0.39969999999999999973,0.39969999999999999973
39,-91.25,0.33489999999999997549,0.33489999999999997549
40,-91.25,0.33970000000000000195,0.33970000000000000195
41,-91.25,0.54500000000000003997,0.54500000000000003997
42,-91.25,0.90610000000000001652,0.90610000000000001652
43,-91.25,0.91359999999999996767,0.91359999999999996767
44,-91.25,0.99829999999999996518,0.99829999999999996518
45,-91.25,0.98219999999999996199,0.98219999999999996199
46,-91.25,0.99680000000000001936,0.99680000000000001936
47,-91.25,0.75170000000000003482,0.75170000000000003482
48,-91.25,0.33789999999999997815,0.33789999999999997815
49,-91.25,0.49590000000000000746,0.49590000000000000746
50,-91.25,0.51890000000000002789,0.51890000000000002789
51,-91.25,0.60140000000000004565,0.60140000000000004565
52,-91.25,0.37830000000000002514,0.37830000000000002514
53,-91.25,0.59230000000000004867,0.59230000000000004867
54,-91.25,0.6713999999999999968,0.6713999999999999968
55,-91.25,0.14560000000000000719,0.14560000000000000719
56,-91.25,0.096399999999999999578,0.096399999999999999578
57,-91.25,0.071400000000000005129,0.071400000000000005129
58,-91.25,0.066900000000000001132,0.066900000000000001132
59,-91.25,0.22239999999999998659,0.22239999999999998659
60,-91.25,0.56240000000000001101,0.56240000000000001101
61,-91.25,0.22500000000000000555,0.22500000000000000555
62,-91.25,0.050000000000000002776,0.050000000000000002776
63,-91.25,0.059499999999999997335,0.059499999999999997335
64,-91.25,0.11089999999999999858,0.11089999999999999858
65,-91.25,0.061999999999999999556,0.061999999999999999556
66,-91.25,0.045299999999999999989,0.045299999999999999989
67,-91.25,0.26040000000000002034,0.26040000000000002034
68,-91.25,0.89500000000000001776,0.89500000000000001776
69,-91.25,0.99029999999999995808,0.99029999999999995808
70,-91.25,0.86360000000000003428,0.86360000000000003428
-69,-90,0.55910000000000004139,0.55910000000000004139
-68,-90,0.45169999999999999041,0.45169999999999999041
-67,-90,0.77800000000000002487,0.77800000000000002487
-66,-90,0.98340000000000005187,0.98340000000000005187
-65,-90,0.88800000000000001155,0.88800000000000001155
-64,-90,0.92090000000000005187,0.92090000000000005187
-63,-90,0.98699999999999998845,0.98699999999999998845
-62,-90,0.98950000000000004619,0.98950000000000004619
-61,-90,0.94699999999999995293,0.94699999999999995293
-60,-90,0.69230000000000002647,0.69230000000000002647
-59,-90,0.39090000000000002522,0.39090000000000002522
-58,-90,0.24440000000000000613,0.24440000000000000613
-57,-90,0.16439999999999999059,0.16439999999999999059
-56,-90,0.21579999999999999183,0.21579999999999999183
-55,-90,0.32309999999999999831,0.32309999999999999831
-54,-90,0.52710000000000001297,0.52710000000000001297
-53,-90,0.44300000000000000488,0.44300000000000000488
-52,-90,0.31480000000000002425,0.31480000000000002425
-51,-90,0.19769999999999998685,0.19769999999999998685
-50,-90,0.35759999999999997344,0.35759999999999997344
-49,-90,0.23860000000000000653,0.23860000000000000653
-48,-90,0.29199999999999998179,0.29199999999999998179
-47,-90,0.52380000000000004334,0.52380000000000004334
-46,-90,0.22659999999999999587,0.22659999999999999587
-45,-90,0.16309999999999999498,0.16309999999999999498
-44,-90,0.16259999999999999454,0.16259999999999999454
-43,-90,0.21490000000000000768,0.21490000000000000768
-42,-90,0.34120000000000000329,0.34120000000000000329
-41,-90,0.20019999999999998908,0.20019999999999998908
-40,-90,0.26360000000000000098,0.26360000000000000098
-39,-90,0.89949999999999996625,0.89949999999999996625
-38,-90,0.9251000000000000334,0.9251000000000000334
-37,-90,0.78129999999999999449,0.78129999999999999449
-36,-90,0.61860000000000003872,0.61860000000000003872
-35,-90,0.61309999999999997833,0.61309999999999997833
-34,-90,0.43559999999999998721,0.43559999999999998721
-33,-90,0.26929999999999998384,0.26929999999999998384
-32,-90,0.34849999999999997646,0.34849999999999997646
-31,-90,0.51900000000000001688,0.51900000000000001688
-30,-90,0.57140000000000001901,0.57140000000000001901
-29,-90,0.85229999999999994653,0.85229999999999994653
-28,-90,0.99539999999999995151,0.99539999999999995151
-27,-90,0.78990000000000004654,0.78990000000000004654
-26,-90,0.56710000000000004849,0.56710000000000004849
-25,-90,0.24319999999999999951,0.24319999999999999951
-24,-90,0.13689999999999999392,0.13689999999999999392
-23,-90,0.11859999999999999709,0.11859999999999999709
-22,-90,0.15020000000000000018,0.15020000000000000018
-21,-90,0.16170000000000001039,0.16170000000000001039
-20,-90,0.3160999999999999921,0.3160999999999999921
-19,-90,0.29299999999999998268,0.29299999999999998268
-18,-90,0.50139999999999995683,0.50139999999999995683
-17,-90,0.51219999999999998863,0.51219999999999998863
-16,-90,0.46379999999999999005,0.46379999999999999005
-15,-90,0.33710000000000001075,0.33710000000000001075
-14,-90,0.21099999999999999312,0.21099999999999999312
-13,-90,0.096199999999999993849,0.096199999999999993849
-12,-90,0.040700000000000000067,0.040700000000000000067
-11,-90,0.003299999999999999982,0.003299999999999999982
-10,-90,0.011400000000000000411,0.011400000000000000411
-9,-90,0.035700000000000002565,0.035700000000000002565
-8,-90,0.064500000000000001776,0.064500000000000001776
-7,-90,0.11569999999999999729,0.11569999999999999729
-6,-90,0.32579999999999997851,0.32579999999999997851
-5,-90,0.69999999999999995559,0.69999999999999995559
-4,-90,0.48189999999999999503,0.48189999999999999503
-3,-90,0.53769999999999995577,0.53769999999999995577
-2,-90,0.1887999999999999956,0.1887999999999999956
-1,-90,0.099799999999999999822,0.099799999999999999822
0,-90,0.094600000000000003531,0.094600000000000003531
1,-90,0.28579999999999999849,0.28579999999999999849
2,-90,0.25929999999999997495,0.25929999999999997495
3,-90,0.078299999999999994604,0.078299999999999994604
4,-90,0.036100000000000000144,0.036100000000000000144
5,-90,0.039800000000000002043,0.039800000000000002043
6,-90,0.081799999999999997713,0.081799999999999997713
7,-90,0.10970000000000000584,0.10970000000000000584
8,-90,0.11119999999999999329,0.11119999999999999329
9,-90,0.19919999999999998819,0.19919999999999998819
10,-90,0.37040000000000000702,0.37040000000000000702
11,-90,0.47839999999999999192,0.47839999999999999192
12,-90,0.69289999999999996039,0.69289999999999996039
13,-90,0.90659999999999996145,0.90659999999999996145
14,-90,0.79900000000000004352,0.79900000000000004352
15,-90,0.62270000000000003126,0.62270000000000003126
16,-90,0.76410000000000000142,0.76410000000000000142
17,-90,0.42959999999999998188,0.42959999999999998188
18,-90,0.41199999999999997735,0.41199999999999997735
19,-90,0.57469999999999998863,0.57469999999999998863
20,-90,0.5170000000000000151,0.5170000000000000151
21,-90,0.42530000000000001137,0.42530000000000001137
22,-90,0.51690000000000002611,0.51690000000000002611
23,-90,0.72450000000000003286,0.72450000000000003286
24,-90,0.65059999999999995612,0.65059999999999995612
25,-90,0.68689999999999995506,0.68689999999999995506
26,-90,0.57779999999999998028,0.57779999999999998028
27,-90,0.35260000000000002451,0.35260000000000002451
28,-90,0.25300000000000000266,0.25300000000000000266
29,-90,0.19159999999999999254,0.19159999999999999254
30,-90,0.1481999999999999984,0.1481999999999999984
31,-90,0.17660000000000000697,0.17660000000000000697
32,-90,0.49830000000000002069,0.49830000000000002069
33,-90,0.72160000000000001918,0.72160000000000001918
34,-90,0.55400000000000004796,0.55400000000000004796
35,-90,0.80459999999999998188,0.80459999999999998188
36,-90,0.90029999999999998916,0.90029999999999998916
37,-90,0.63829999999999997851,0.63829999999999997851
38,-90,0.60650000000000003908,0.60650000000000003908
39,-90,0.55510000000000003784,0.55510000000000003784
40,-90,0.46189999999999997726,0.46189999999999997726
41,-90,0.57869999999999999218,0.57869999999999999218
42,-90,0.92020000000000001794,0.92020000000000001794
43,-90,0.92390000000000005453,0.92390000000000005453
44,-90,0.93549999999999999822,0.93549999999999999822
45,-90,0.9956000000000000405,0.9956000000000000405
46,-90,0.86119999999999996554,0.86119999999999996554
47,-90,0.74350000000000004974,0.74350000000000004974
48,-90,0.38619999999999998774,0.38619999999999998774
49,-90,0.40239999999999997993,0.40239999999999997993
50,-90,0.5563000000000000167,0.5563000000000000167
51,-90,0.53480000000000005311,0.53480000000000005311
52,-90,0.43459999999999998632,0.43459999999999998632
53,-90,0.71220000000000005524,0.71220000000000005524
54,-90,0.7465000000000000524,0.7465000000000000524
55,-90,0.2963999999999999968,0.2963999999999999968
56,-90,0.1839000000000000079,0.1839000000000000079
57,-90,0.26009999999999999787,0.26009999999999999787
58,-90,0.19439999999999998948,0.19439999999999998948
59,-90,0.45700000000000001732,0.45700000000000001732
60,-90,0.64680000000000004157,0.64680000000000004157
61,-90,0.32009999999999999565,0.32009999999999999565
62,-90,0.035499999999999996836,0.035499999999999996836
63,-90,0.012500000000000000694,0.012500000000000000694
64,-90,0.074999999999999997224,0.074999999999999997224
65,-90,0.11819999999999999951,0.11819999999999999951
66,-90,0.082299999999999998157,0.082299999999999998157
67,-90,0.45729999999999998428,0.45729999999999998428
68,-90,0.9786000000000000254,0.9786000000000000254
69,-90,0.94859999999999999876,0.94859999999999999876
70,-90,0.94579999999999997407,0.94579999999999997407
-69,-88.75,0.69479999999999997318,0.69479999999999997318
-68,-88.75,0.54990000000000005542,0.54990000000000005542
-67,-88.75,0.71370000000000000107,0.71370000000000000107
-66,-88.75,0.96860000000000001652,0.96860000000000001652
-65,-88.75,0.85119999999999995666,0.85119999999999995666
-64,-88.75,0.84470000000000000639,0.84470000000000000639
-63,-88.75,0.99619999999999997442,0.99619999999999997442
-62,-88.75,0.98270000000000001794,0.98270000000000001794
-61,-88.75,0.94359999999999999432,0.94359999999999999432
-60,-88.75,0.59430000000000005045,0.59430000000000005045
-59,-88.75,0.31450000000000000178,0.31450000000000000178
-58,-88.75,0.20999999999999999223,0.20999999999999999223
-57,-88.75,0.29980000000000001092,0.29980000000000001092
-56,-88.75,0.44100000000000000311,0.44100000000000000311
-55,-88.75,0.49099999999999999201,0.49099999999999999201
-54,-88.75,0.63680000000000003268,0.63680000000000003268
-53,-88.75,0.61099999999999998757,0.61099999999999998757
-52,-88.75,0.42309999999999997611,0.42309999999999997611
-51,-88.75,0.25480000000000002647,0.25480000000000002647
-50,-88.75,0.31630000000000002558,0.31630000000000002558
-49,-88.75,0.24490000000000000657,0.24490000000000000657
-48,-88.75,0.4652000000000000024,0.4652000000000000024
-47,-88.75,0.57279999999999997584,0.57279999999999997584
-46,-88.75,0.18129999999999998894,0.18129999999999998894
-45,-88.75,0.18599999999999999867,0.18599999999999999867
-44,-88.75,0.21049999999999999267,0.21049999999999999267
-43,-88.75,0.26219999999999998863,0.26219999999999998863
-42,-88.75,0.28870000000000001217,0.28870000000000001217
-41,-88.75,0.13089999999999998859,0.13089999999999998859
-40,-88.75,0.26679999999999998161,0.26679999999999998161
-39,-88.75,0.80969999999999997531,0.80969999999999997531
-38,-88.75,0.98640000000000005453,0.98640000000000005453
-37,-88.75,0.70879999999999998561,0.70879999999999998561
-36,-88.75,0.49390000000000000568,0.49390000000000000568
-35,-88.75,0.51049999999999995381,0.51049999999999995381
-34,-88.75,0.31530000000000002469,0.31530000000000002469
-33,-88.75,0.26939999999999997282,0.26939999999999997282
-32,-88.75,0.32300000000000000933,0.32300000000000000933
-31,-88.75,0.44140000000000001457,0.44140000000000001457
-30,-88.75,0.62760000000000004672,0.62760000000000004672
-29,-88.75,0.95660000000000000586,0.95660000000000000586
-28,-88.75,0.97989999999999999325,0.97989999999999999325
-27,-88.75,0.87919999999999998153,0.87919999999999998153
-26,-88.75,0.30859999999999998543,0.30859999999999998543
-25,-88.75,0.13619999999999998774,0.13619999999999998774
-24,-88.75,0.082799999999999998601,0.082799999999999998601
-23,-88.75,0.11819999999999999951,0.11819999999999999951
-22,-88.75,0.21249999999999999445,0.21249999999999999445
-21,-88.75,0.32179999999999997495,0.32179999999999997495
-20,-88.75,0.26029999999999997584,0.26029999999999997584
-19,-88.75,0.55640000000000000568,0.55640000000000000568
-18,-88.75,0.57820000000000004725,0.57820000000000004725
-17,-88.75,0.5420000000000000373,0.5420000000000000373
-16,-88.75,0.24160000000000000919,0.24160000000000000919
-15,-88.75,0.17069999999999999063,0.17069999999999999063
-14,-88.75,0.14849999999999999312,0.14849999999999999312
-13,-88.75,0.17690000000000000169,0.17690000000000000169
-12,-88.75,0.056000000000000001166,0.056000000000000001166
-11,-88.75,0.022300000000000000377,0.022300000000000000377
-10,-88.75,0.016400000000000001382,0.016400000000000001382
-9,-88.75,0.0298000000000000001,0.0298000000000000001
-8,-88.75,0.11039999999999999813,0.11039999999999999813
-7,-88.75,0.23949999999999999067,0.23949999999999999067
-6,-88.75,0.57779999999999998028,0.57779999999999998028
-5,-88.75,0.49440000000000000613,0.49440000000000000613
-4,-88.75,0.32079999999999997407,0.32079999999999997407
-3,-88.75,0.54059999999999996945,0.54059999999999996945
-2,-88.75,0.30120000000000002327,0.30120000000000002327
-1,-88.75,0.21320000000000000062,0.21320000000000000062
0,-88.75,0.21349999999999999534,0.21349999999999999534
1,-88.75,0.34989999999999998881,0.34989999999999998881
2,-88.75,0.33510000000000000897,0.33510000000000000897
3,-88.75,0.23059999999999999942,0.23059999999999999942
4,-88.75,0.10169999999999999873,0.10169999999999999873
5,-88.75,0.034299999999999997158,0.034299999999999997158
6,-88.75,0.090300000000000005262,0.090300000000000005262
7,-88.75,0.2222999999999999976,0.2222999999999999976
8,-88.75,0.10000000000000000555,0.10000000000000000555
9,-88.75,0.21690000000000000946,0.21690000000000000946
10,-88.75,0.66059999999999996501,0.66059999999999996501
11,-88.75,0.87470000000000003304,0.87470000000000003304
12,-88.75,0.77880000000000004778,0.77880000000000004778
13,-88.75,0.98189999999999999503,0.98189999999999999503
14,-88.75,0.97699999999999997957,0.97699999999999997957
15,-88.75,0.5151999999999999913,0.5151999999999999913
16,-88.75,0.37449999999999999956,0.37449999999999999956
17,-88.75,0.25480000000000002647,0.25480000000000002647
18,-88.75,0.34960000000000002185,0.34960000000000002185
19,-88.75,0.30070000000000002283,0.30070000000000002283
20,-88.75,0.34070000000000000284,0.34070000000000000284
21,-88.75,0.42609999999999997877,0.42609999999999997877
22,-88.75,0.61990000000000000657,0.61990000000000000657
23,-88.75,0.74219999999999997087,0.74219999999999997087
24,-88.75,0.6704999999999999849,0.6704999999999999849
25,-88.75,0.70550000000000001599,0.70550000000000001599
26,-88.75,0.535800000000000054,0.535800000000000054
27,-88.75,0.3865999999999999992,0.3865999999999999992
28,-88.75,0.31219999999999997753,0.31219999999999997753
29,-88.75,0.24379999999999998894,0.24379999999999998894
30,-88.75,0.29559999999999997389,0.29559999999999997389
31,-88.75,0.25779999999999997362,0.25779999999999997362
32,-88.75,0.50249999999999994671,0.50249999999999994671
33,-88.75,0.62399999999999999911,0.62399999999999999911
34,-88.75,0.46970000000000000639,0.46970000000000000639
35,-88.75,0.33150000000000001688,0.33150000000000001688
36,-88.75,0.6918999999999999595,0.6918999999999999595
37,-88.75,0.72409999999999996589,0.72409999999999996589
38,-88.75,0.77349999999999996536,0.77349999999999996536
39,-88.75,0.73440000000000005276,0.73440000000000005276
40,-88.75,0.68349999999999999645,0.68349999999999999645
41,-88.75,0.64580000000000004068,0.64580000000000004068
42,-88.75,0.964199999999999946,0.964199999999999946
43,-88.75,0.99350000000000004974,0.99350000000000004974
44,-88.75,0.92130000000000000782,0.92130000000000000782
45,-88.75,0.99239999999999994884,0.99239999999999994884
46,-88.75,0.72999999999999998224,0.72999999999999998224
47,-88.75,0.60680000000000000604,0.60680000000000000604
48,-88.75,0.5733000000000000318,0.5733000000000000318
49,-88.75,0.30809999999999998499,0.30809999999999998499
50,-88.75,0.625,0.625
51,-88.75,0.68999999999999994671,0.68999999999999994671
52,-88.75,0.57220000000000004192,0.57220000000000004192
53,-88.75,0.80459999999999998188,0.80459999999999998188
54,-88.75,0.52219999999999999751,0.52219999999999999751
55,-88.75,0.77920000000000000373,0.77920000000000000373
56,-88.75,0.43969999999999997975,0.43969999999999997975
57,-88.75,0.53539999999999998703,0.53539999999999998703
58,-88.75,0.45110000000000000098,0.45110000000000000098
59,-88.75,0.58520000000000005347,0.58520000000000005347
60,-88.75,0.64170000000000004814,0.64170000000000004814
61,-88.75,0.37809999999999999165,0.37809999999999999165
62,-88.75,0.03599999999999999728,0.03599999999999999728
63,-88.75,0.003299999999999999982,0.003299999999999999982
64,-88.75,0.037299999999999999822,0.037299999999999999822
65,-88.75,0.2058000000000000107,0.2058000000000000107
66,-88.75,0.1865999999999999881,0.1865999999999999881
67,-88.75,0.74990000000000001101,0.74990000000000001101
68,-88.75,0.9947000000000000286,0.9947000000000000286
69,-88.75,0.93169999999999997264,0.93169999999999997264
70,-88.75,0.90139999999999997904,0.90139999999999997904
-69,-87.5,0.77739999999999997993,0.77739999999999997993
-68,-87.5,0.68120000000000002771,0.68120000000000002771
-67,-87.5,0.79830000000000000959,0.79830000000000000959
-66,-87.5,0.98640000000000005453,0.98640000000000005453
-65,-87.5,0.82689999999999996838,0.82689999999999996838
-64,-87.5,0.85819999999999996287,0.85819999999999996287
-63,-87.5,0.98640000000000005453,0.98640000000000005453
-62,-87.5,0.94040000000000001368,0.94040000000000001368
-61,-87.5,0.84619999999999995222,0.84619999999999995222
-60,-87.5,0.36999999999999999556,0.36999999999999999556
-59,-87.5,0.17089999999999999636,0.17089999999999999636
-58,-87.5,0.23869999999999999551,0.23869999999999999551
-57,-87.5,0.36470000000000002416,0.36470000000000002416
-56,-87.5,0.58120000000000004992,0.58120000000000004992
-55,-87.5,0.73199999999999998401,0.73199999999999998401
-54,-87.5,0.65180000000000004601,0.65180000000000004601
-53,-87.5,0.70209999999999994635,0.70209999999999994635
-52,-87.5,0.46600000000000002531,0.46600000000000002531
-51,-87.5,0.29880000000000001004,0.29880000000000001004
-50,-87.5,0.24599999999999999645,0.24599999999999999645
-49,-87.5,0.2722999999999999865,0.2722999999999999865
-48,-87.5,0.3134000000000000119,0.3134000000000000119
-47,-87.5,0.31380000000000002336,0.31380000000000002336
-46,-87.5,0.093899999999999997358,0.093899999999999997358
-45,-87.5,0.1932999999999999996,0.1932999999999999996
-44,-87.5,0.14399999999999998912,0.14399999999999998912
-43,-87.5,0.15829999999999999627,0.15829999999999999627
-42,-87.5,0.21929999999999999494,0.21929999999999999494
-41,-87.5,0.060400000000000002298,0.060400000000000002298
-40,-87.5,0.18249999999999999556,0.18249999999999999556
-39,-87.5,0.61999999999999999556,0.61999999999999999556
-38,-87.5,0.96109999999999995435,0.96109999999999995435
-37,-87.5,0.77259999999999995346,0.77259999999999995346
-36,-87.5,0.48180000000000000604,0.48180000000000000604
-35,-87.5,0.41649999999999998135,0.41649999999999998135
-34,-87.5,0.37359999999999998765,0.37359999999999998765
-33,-87.5,0.40089999999999997859,0.40089999999999997859
-32,-87.5,0.31230000000000002203,0.31230000000000002203
-31,-87.5,0.39769999999999999796,0.39769999999999999796
-30,-87.5,0.77480000000000004423,0.77480000000000004423
-29,-87.5,0.98899999999999999023,0.98899999999999999023
-28,-87.5,0.87870000000000003659,0.87870000000000003659
-27,-87.5,0.65720000000000000639,0.65720000000000000639
-26,-87.5,0.29949999999999998845,0.29949999999999998845
-25,-87.5,0.10860000000000000209,0.10860000000000000209
-24,-87.5,0.11719999999999999862,0.11719999999999999862
-23,-87.5,0.10730000000000000648,0.10730000000000000648
-22,-87.5,0.15120000000000000107,0.15120000000000000107
-21,-87.5,0.27960000000000001519,0.27960000000000001519
-20,-87.5,0.54390000000000005009,0.54390000000000005009
-19,-87.5,0.58009999999999994902,0.58009999999999994902
-18,-87.5,0.68669999999999997708,0.68669999999999997708
-17,-87.5,0.544599999999999973,0.544599999999999973
-16,-87.5,0.2911000000000000254,0.2911000000000000254
-15,-87.5,0.18929999999999999605,0.18929999999999999605
-14,-87.5,0.11010000000000000342,0.11010000000000000342
-13,-87.5,0.216499999999999998,0.216499999999999998
-12,-87.5,0.096500000000000002442,0.096500000000000002442
-11,-87.5,0.029299999999999999656,0.029299999999999999656
-10,-87.5,0.021100000000000000699,0.021100000000000000699
-9,-87.5,0.055300000000000001932,0.055300000000000001932
-8,-87.5,0.21390000000000000679,0.21390000000000000679
-7,-87.5,0.46600000000000002531,0.46600000000000002531
-6,-87.5,0.86319999999999996732,0.86319999999999996732
-5,-87.5,0.34449999999999997291,0.34449999999999997291
-4,-87.5,0.37819999999999998064,0.37819999999999998064
-3,-87.5,0.54710000000000003073,0.54710000000000003073
-2,-87.5,0.46379999999999999005,0.46379999999999999005
-1,-87.5,0.38300000000000000711,0.38300000000000000711
0,-87.5,0.3856999999999999873,0.3856999999999999873
1,-87.5,0.54979999999999995541,0.54979999999999995541
2,-87.5,0.36170000000000002149,0.36170000000000002149
3,-87.5,0.20210000000000000187,0.20210000000000000187
4,-87.5,0.16380000000000000115,0.16380000000000000115
5,-87.5,0.075700000000000003397,0.075700000000000003397
6,-87.5,0.12249999999999999778,0.12249999999999999778
7,-87.5,0.31490000000000001323,0.31490000000000001323
8,-87.5,0.22850000000000000866,0.22850000000000000866
9,-87.5,0.41280000000000000027,0.41280000000000000027
10,-87.5,0.86490000000000000213,0.86490000000000000213
11,-87.5,0.81499999999999994671,0.81499999999999994671
12,-87.5,0.84609999999999996323,0.84609999999999996323
13,-87.5,0.90569999999999994955,0.90569999999999994955
14,-87.5,0.69559999999999999609,0.69559999999999999609
15,-87.5,0.85470000000000001528,0.85470000000000001528
16,-87.5,0.52459999999999995524,0.52459999999999995524
17,-87.5,0.39850000000000002087,0.39850000000000002087
18,-87.5,0.4365999999999999881,0.4365999999999999881
19,-87.5,0.35139999999999999014,0.35139999999999999014
20,-87.5,0.20349999999999998646,0.20349999999999998646
21,-87.5,0.18740000000000001101,0.18740000000000001101
22,-87.5,0.27069999999999999618,0.27069999999999999618
23,-87.5,0.5615999999999999881,0.5615999999999999881
24,-87.5,0.60160000000000002363,0.60160000000000002363
25,-87.5,0.61280000000000001137,0.61280000000000001137
26,-87.5,0.35420000000000001483,0.35420000000000001483
27,-87.5,0.26629999999999998117,0.26629999999999998117
28,-87.5,0.19759999999999999787,0.19759999999999999787
29,-87.5,0.13220000000000001195,0.13220000000000001195
30,-87.5,0.14480000000000001203,0.14480000000000001203
31,-87.5,0.37330000000000002069,0.37330000000000002069
32,-87.5,0.62560000000000004494,0.62560000000000004494
33,-87.5,0.44130000000000002558,0.44130000000000002558
34,-87.5,0.33900000000000002354,0.33900000000000002354
35,-87.5,0.11519999999999999685,0.11519999999999999685
36,-87.5,0.24440000000000000613,0.24440000000000000613
37,-87.5,0.58609999999999995435,0.58609999999999995435
38,-87.5,0.78959999999999996856,0.78959999999999996856
39,-87.5,0.86690000000000000391,0.86690000000000000391
40,-87.5,0.86960000000000003961,0.86960000000000003961
41,-87.5,0.83409999999999995257,0.83409999999999995257
42,-87.5,0.98470000000000001972,0.98470000000000001972
43,-87.5,0.98380000000000000782,0.98380000000000000782
44,-87.5,0.98799999999999998934,0.98799999999999998934
45,-87.5,0.9882999999999999563,0.9882999999999999563
46,-87.5,0.96740000000000003766,0.96740000000000003766
47,-87.5,0.6150999999999999801,0.6150999999999999801
48,-87.5,0.33560000000000000941,0.33560000000000000941
49,-87.5,0.44600000000000000755,0.44600000000000000755
50,-87.5,0.75390000000000001457,0.75390000000000001457
51,-87.5,0.60489999999999999325,0.60489999999999999325
52,-87.5,0.75449999999999994849,0.75449999999999994849
53,-87.5,0.80879999999999996341,0.80879999999999996341
54,-87.5,0.56569999999999998064,0.56569999999999998064
55,-87.5,0.73399999999999998579,0.73399999999999998579
56,-87.5,0.86950000000000005063,0.86950000000000005063
57,-87.5,0.85629999999999995008,0.85629999999999995008
58,-87.5,0.75329999999999996962,0.75329999999999996962
59,-87.5,0.65590000000000003855,0.65590000000000003855
60,-87.5,0.68700000000000005507,0.68700000000000005507
61,-87.5,0.36909999999999998366,0.36909999999999998366
62,-87.5,0.019300000000000001182,0.019300000000000001182
63,-87.5,0.0020999999999999998702,0.0020999999999999998702
64,-87.5,0.041700000000000000955,0.041700000000000000955
65,-87.5,0.21770000000000000462,0.21770000000000000462
66,-87.5,0.36990000000000000657,0.36990000000000000657
67,-87.5,0.87839999999999995861,0.87839999999999995861
68,-87.5,0.99709999999999998632,0.99709999999999998632
69,-87.5,0.92589999999999994529,0.92589999999999994529
70,-87.5,0.84599999999999997424,0.84599999999999997424
-69,-86.25,0.83069999999999999396,0.83069999999999999396
-68,-86.25,0.78110000000000001652,0.78110000000000001652
-67,-86.25,0.93559999999999998721,0.93559999999999998721
-66,-86.25,0.99019999999999996909,0.99019999999999996909
-65,-86.25,0.90039999999999997815,0.90039999999999997815
-64,-86.25,0.91500000000000003553,0.91500000000000003553
-63,-86.25,0.99460000000000003961,0.99460000000000003961
-62,-86.25,0.83440000000000003055,0.83440000000000003055
-61,-86.25,0.51810000000000000497,0.51810000000000000497
-60,-86.25,0.21679999999999999272,0.21679999999999999272
-59,-86.25,0.19630000000000000226,0.19630000000000000226
-58,-86.25,0.32090000000000001856,0.32090000000000001856
-57,-86.25,0.39850000000000002087,0.39850000000000002087
-56,-86.25,0.76849999999999996092,0.76849999999999996092
-55,-86.25,0.86660000000000003695,0.86660000000000003695
-54,-86.25,0.66310000000000002274,0.66310000000000002274
-53,-86.25,0.72050000000000002931,0.72050000000000002931
-52,-86.25,0.375,0.375
-51,-86.25,0.23549999999999998712,0.23549999999999998712
-50,-86.25,0.32629999999999997895,0.32629999999999997895
-49,-86.25,0.27760000000000001341,0.27760000000000001341
-48,-86.25,0.18019999999999999907,0.18019999999999999907
-47,-86.25,0.088900000000000006795,0.088900000000000006795
-46,-86.25,0.16129999999999999893,0.16129999999999999893
-45,-86.25,0.163000000000000006,0.163000000000000006
-44,-86.25,0.12900000000000000355,0.12900000000000000355
-43,-86.25,0.10280000000000000249,0.10280000000000000249
-42,-86.25,0.18149999999999999467,0.18149999999999999467
-41,-86.25,0.094700000000000006395,0.094700000000000006395
-40,-86.25,0.33019999999999999352,0.33019999999999999352
-39,-86.25,0.78129999999999999449,0.78129999999999999449
-38,-86.25,0.99799999999999999822,0.99799999999999999822
-37,-86.25,0.73470000000000001972,0.73470000000000001972
-36,-86.25,0.40489999999999998215,0.40489999999999998215
-35,-86.25,0.5009000000000000119,0.5009000000000000119
-34,-86.25,0.6045000000000000373,0.6045000000000000373
-33,-86.25,0.66279999999999994476,0.66279999999999994476
-32,-86.25,0.56730000000000002647,0.56730000000000002647
-31,-86.25,0.62980000000000002647,0.62980000000000002647
-30,-86.25,0.89059999999999994724,0.89059999999999994724
-29,-86.25,0.99519999999999997353,0.99519999999999997353
-28,-86.25,0.98399999999999998579,0.98399999999999998579
-27,-86.25,0.76000000000000000888,0.76000000000000000888
-26,-86.25,0.2963999999999999968,0.2963999999999999968
-25,-86.25,0.051900000000000001688,0.051900000000000001688
-24,-86.25,0.090300000000000005262,0.090300000000000005262
-23,-86.25,0.1343999999999999917,0.1343999999999999917
-22,-86.25,0.16589999999999999192,0.16589999999999999192
-21,-86.25,0.24229999999999998761,0.24229999999999998761
-20,-86.25,0.53959999999999996856,0.53959999999999996856
-19,-86.25,0.66559999999999996945,0.66559999999999996945
-18,-86.25,0.67079999999999995186,0.67079999999999995186
-17,-86.25,0.55330000000000001403,0.55330000000000001403
-16,-86.25,0.36690000000000000391,0.36690000000000000391
-15,-86.25,0.12330000000000000682,0.12330000000000000682
-14,-86.25,0.10879999999999999394,0.10879999999999999394
-13,-86.25,0.18679999999999999383,0.18679999999999999383
-12,-86.25,0.20480000000000000981,0.20480000000000000981
-11,-86.25,0.018399999999999999689,0.018399999999999999689
-10,-86.25,0.028899999999999998607,0.028899999999999998607
-9,-86.25,0.061400000000000003186,0.061400000000000003186
-8,-86.25,0.27460000000000001075,0.27460000000000001075
-7,-86.25,0.53969999999999995755,0.53969999999999995755
-6,-86.25,0.93630000000000002114,0.93630000000000002114
-5,-86.25,0.47970000000000001528,0.47970000000000001528
-4,-86.25,0.47760000000000002451,0.47760000000000002451
-3,-86.25,0.62639999999999995683,0.62639999999999995683
-2,-86.25,0.69420000000000003926,0.69420000000000003926
-1,-86.25,0.53300000000000002931,0.53300000000000002931
0,-86.25,0.50839999999999996305,0.50839999999999996305
1,-86.25,0.70869999999999999662,0.70869999999999999662
2,-86.25,0.39960000000000001075,0.39960000000000001075
3,-86.25,0.19759999999999999787,0.19759999999999999787
4,-86.25,0.14310000000000000497,0.14310000000000000497
5,-86.25,0.13039999999999998814,0.13039999999999998814
6,-86.25,0.2003999999999999948,0.2003999999999999948
7,-86.25,0.23469999999999999196,0.23469999999999999196
8,-86.25,0.31280000000000002247,0.31280000000000002247
9,-86.25,0.76459999999999994635,0.76459999999999994635
10,-86.25,0.79290000000000004921,0.79290000000000004921
11,-86.25,0.5117000000000000437,0.5117000000000000437
12,-86.25,0.51690000000000002611,0.51690000000000002611
13,-86.25,0.7036000000000000032,0.7036000000000000032
14,-86.25,0.75780000000000002913,0.75780000000000002913
15,-86.25,0.43890000000000001235,0.43890000000000001235
16,-86.25,0.6447000000000000508,0.6447000000000000508
17,-86.25,0.32490000000000002212,0.32490000000000002212
18,-86.25,0.31040000000000000924,0.31040000000000000924
19,-86.25,0.53249999999999997335,0.53249999999999997335
20,-86.25,0.23539999999999999813,0.23539999999999999813
21,-86.25,0.14829999999999998739,0.14829999999999998739
22,-86.25,0.1875,0.1875
23,-86.25,0.2396999999999999964,0.2396999999999999964
24,-86.25,0.35659999999999997256,0.35659999999999997256
25,-86.25,0.22470000000000001084,0.22470000000000001084
26,-86.25,0.18549999999999999822,0.18549999999999999822
27,-86.25,0.046199999999999998013,0.046199999999999998013
28,-86.25,0.053199999999999997291,0.053199999999999997291
29,-86.25,0.049000000000000001887,0.049000000000000001887
30,-86.25,0.058799999999999998102,0.058799999999999998102
31,-86.25,0.13930000000000000715,0.13930000000000000715
32,-86.25,0.42109999999999997433,0.42109999999999997433
33,-86.25,0.3302999999999999825,0.3302999999999999825
34,-86.25,0.18699999999999999956,0.18699999999999999956
35,-86.25,0.085800000000000001266,0.085800000000000001266
36,-86.25,0.096600000000000005307,0.096600000000000005307
37,-86.25,0.43240000000000000657,0.43240000000000000657
38,-86.25,0.69150000000000000355,0.69150000000000000355
39,-86.25,0.93810000000000004494,0.93810000000000004494
40,-86.25,0.99480000000000001759,0.99480000000000001759
41,-86.25,0.88590000000000002078,0.88590000000000002078
42,-86.25,1,1
43,-86.25,0.99839999999999995417,0.99839999999999995417
44,-86.25,0.98790000000000000036,0.98790000000000000036
45,-86.25,0.99519999999999997353,0.99519999999999997353
46,-86.25,0.99990000000000001101,0.99990000000000001101
47,-86.25,0.52580000000000004512,0.52580000000000004512
48,-86.25,0.14899999999999999356,0.14899999999999999356
49,-86.25,0.34879999999999999893,0.34879999999999999893
50,-86.25,0.56710000000000004849,0.56710000000000004849
51,-86.25,0.47889999999999999236,0.47889999999999999236
52,-86.25,0.78020000000000000462,0.78020000000000000462
53,-86.25,0.76719999999999999307,0.76719999999999999307
54,-86.25,0.6472999999999999865,0.6472999999999999865
55,-86.25,0.64049999999999995826,0.64049999999999995826
56,-86.25,0.93179999999999996163,0.93179999999999996163
57,-86.25,0.82799999999999995826,0.82799999999999995826
58,-86.25,0.8125,0.8125
59,-86.25,0.66590000000000004743,0.66590000000000004743
60,-86.25,0.59399999999999997247,0.59399999999999997247
61,-86.25,0.35099999999999997868,0.35099999999999997868
62,-86.25,0.016899999999999998357,0.016899999999999998357
63,-86.25,0.0054999999999999996808,0.0054999999999999996808
64,-86.25,0.046600000000000002531,0.046600000000000002531
65,-86.25,0.30819999999999997398,0.30819999999999997398
66,-86.25,0.54949999999999998845,0.54949999999999998845
67,-86.25,0.89919999999999999929,0.89919999999999999929
68,-86.25,0.8527000000000000135,0.8527000000000000135
69,-86.25,0.88519999999999998685,0.88519999999999998685
70,-86.25,0.81759999999999999343,0.81759999999999999343
-69,-85,0.83099999999999996092,0.83099999999999996092
-68,-85,0.82030000000000002913,0.82030000000000002913
-67,-85,0.98640000000000005453,0.98640000000000005453
-66,-85,0.99529999999999996252,0.99529999999999996252
-65,-85,0.99050000000000004707,0.99050000000000004707
-64,-85,0.93440000000000000835,0.93440000000000000835
-63,-85,0.9758999999999999897,0.9758999999999999897
-62,-85,0.59679999999999999716,0.59679999999999999716
-61,-85,0.37090000000000000746,0.37090000000000000746
-60,-85,0.23009999999999999898,0.23009999999999999898
-59,-85,0.18019999999999999907,0.18019999999999999907
-58,-85,0.22980000000000000426,0.22980000000000000426
-57,-85,0.3276999999999999913,0.3276999999999999913
-56,-85,0.83269999999999999574,0.83269999999999999574
-55,-85,0.955400000000000027,0.955400000000000027
-54,-85,0.90069999999999994511,0.90069999999999994511
-53,-85,0.5204999999999999627,0.5204999999999999627
-52,-85,0.32560000000000000053,0.32560000000000000053
-51,-85,0.30370000000000002549,0.30370000000000002549
-50,-85,0.27710000000000001297,0.27710000000000001297
-49,-85,0.13819999999999998952,0.13819999999999998952
-48,-85,0.092999999999999999334,0.092999999999999999334
-47,-85,0.088200000000000000622,0.088200000000000000622
-46,-85,0.13239999999999998992,0.13239999999999998992
-45,-85,0.12460000000000000242,0.12460000000000000242
-44,-85,0.10549999999999999656,0.10549999999999999656
-43,-85,0.066100000000000005973,0.066100000000000005973
-42,-85,0.24610000000000001319,0.24610000000000001319
-41,-85,0.3250000000000000111,0.3250000000000000111
-40,-85,0.67820000000000002505,0.67820000000000002505
-39,-85,0.9885000000000000453,0.9885000000000000453
-38,-85,0.98450000000000004174,0.98450000000000004174
-37,-85,0.88509999999999999787,0.88509999999999999787
-36,-85,0.7045000000000000151,0.7045000000000000151
-35,-85,0.69150000000000000355,0.69150000000000000355
-34,-85,0.81910000000000005027,0.81910000000000005027
-33,-85,0.86799999999999999378,0.86799999999999999378
-32,-85,0.77680000000000004601,0.77680000000000004601
-31,-85,0.91990000000000005098,0.91990000000000005098
-30,-85,0.93169999999999997264,0.93169999999999997264
-29,-85,0.97889999999999999236,0.97889999999999999236
-28,-85,0.99190000000000000391,0.99190000000000000391
-27,-85,0.72909999999999997033,0.72909999999999997033
-26,-85,0.29770000000000002016,0.29770000000000002016
-25,-85,0.11369999999999999551,0.11369999999999999551
-24,-85,0.056800000000000003264,0.056800000000000003264
-23,-85,0.050099999999999998701,0.050099999999999998701
-22,-85,0.18279999999999999027,0.18279999999999999027
-21,-85,0.56020000000000003126,0.56020000000000003126
-20,-85,0.66500000000000003553,0.66500000000000003553
-19,-85,0.77990000000000003766,0.77990000000000003766
-18,-85,0.74899999999999999911,0.74899999999999999911
-17,-85,0.42949999999999999289,0.42949999999999999289
-16,-85,0.19900000000000001021,0.19900000000000001021
-15,-85,0.12460000000000000242,0.12460000000000000242
-14,-85,0.23009999999999999898,0.23009999999999999898
-13,-85,0.2451000000000000123,0.2451000000000000123
-12,-85,0.15190000000000000724,0.15190000000000000724
-11,-85,0.098799999999999998934,0.098799999999999998934
-10,-85,0.16700000000000000955,0.16700000000000000955
-9,-85,0.22969999999999998752,0.22969999999999998752
-8,-85,0.57560000000000000053,0.57560000000000000053
-7,-85,0.80510000000000003784,0.80510000000000003784
-6,-85,0.86999999999999999556,0.86999999999999999556
-5,-85,0.58770000000000000018,0.58770000000000000018
-4,-85,0.79079999999999994742,0.79079999999999994742
-3,-85,0.64939999999999997726,0.64939999999999997726
-2,-85,0.56389999999999995683,0.56389999999999995683
-1,-85,0.85009999999999996678,0.85009999999999996678
0,-85,0.64919999999999999929,0.64919999999999999929
1,-85,0.84870000000000000995,0.84870000000000000995
2,-85,0.32529999999999997806,0.32529999999999997806
3,-85,0.15740000000000001212,0.15740000000000001212
4,-85,0.1884000000000000119,0.1884000000000000119
5,-85,0.33829999999999998961,0.33829999999999998961
6,-85,0.26290000000000002256,0.26290000000000002256
7,-85,0.25779999999999997362,0.25779999999999997362
8,-85,0.23899999999999999023,0.23899999999999999023
9,-85,0.49199999999999999289,0.49199999999999999289
10,-85,0.15720000000000000639,0.15720000000000000639
11,-85,0.14610000000000000764,0.14610000000000000764
12,-85,0.23180000000000000604,0.23180000000000000604
13,-85,0.56610000000000004761,0.56610000000000004761
14,-85,0.76459999999999994635,0.76459999999999994635
15,-85,0.73229999999999995097,0.73229999999999995097
16,-85,0.60650000000000003908,0.60650000000000003908
17,-85,0.52629999999999999005,0.52629999999999999005
18,-85,0.54410000000000002807,0.54410000000000002807
19,-85,0.66659999999999997033,0.66659999999999997033
20,-85,0.36820000000000002727,0.36820000000000002727
21,-85,0.17899999999999999245,0.17899999999999999245
22,-85,0.11769999999999999907,0.11769999999999999907
23,-85,0.08069999999999999396,0.08069999999999999396
24,-85,0.10570000000000000229,0.10570000000000000229
25,-85,0.087700000000000000178,0.087700000000000000178
26,-85,0.082000000000000003442,0.082000000000000003442
27,-85,0.01170000000000000033,0.01170000000000000033
28,-85,0.022300000000000000377,0.022300000000000000377
29,-85,0.036299999999999998934,0.036299999999999998934
30,-85,0.086599999999999996425,0.086599999999999996425
31,-85,0.13930000000000000715,0.13930000000000000715
32,-85,0.14199999999999998734,0.14199999999999998734
33,-85,0.12720000000000000751,0.12720000000000000751
34,-85,0.092200000000000004174,0.092200000000000004174
35,-85,0.089800000000000004818,0.089800000000000004818
36,-85,0.027300000000000001349,0.027300000000000001349
37,-85,0.22439999999999998836,0.22439999999999998836
38,-85,0.50500000000000000444,0.50500000000000000444
39,-85,0.80489999999999994884,0.80489999999999994884
40,-85,0.99719999999999997531,0.99719999999999997531
41,-85,0.99960000000000004405,0.99960000000000004405
42,-85,0.99960000000000004405,0.99960000000000004405
43,-85,0.97989999999999999325,0.97989999999999999325
44,-85,0.89500000000000001776,0.89500000000000001776
45,-85,0.99399999999999999467,0.99399999999999999467
46,-85,0.99770000000000003126,0.99770000000000003126
47,-85,0.30649999999999999467,0.30649999999999999467
48,-85,0.13730000000000000537,0.13730000000000000537
49,-85,0.34879999999999999893,0.34879999999999999893
50,-85,0.52559999999999995612,0.52559999999999995612
51,-85,0.38650000000000001021,0.38650000000000001021
52,-85,0.64270000000000004903,0.64270000000000004903
53,-85,0.65590000000000003855,0.65590000000000003855
54,-85,0.60870000000000001883,0.60870000000000001883
55,-85,0.65049999999999996714,0.65049999999999996714
56,-85,0.75729999999999997318,0.75729999999999997318
57,-85,0.69669999999999998597,0.69669999999999998597
58,-85,0.59089999999999998082,0.59089999999999998082
59,-85,0.84089999999999998082,0.84089999999999998082
60,-85,0.55789999999999995151,0.55789999999999995151
61,-85,0.34399999999999997247,0.34399999999999997247
62,-85,0.070199999999999998512,0.070199999999999998512
63,-85,0.03579999999999999849,0.03579999999999999849
64,-85,0.084800000000000000377,0.084800000000000000377
65,-85,0.59799999999999997602,0.59799999999999997602
66,-85,0.82199999999999995293,0.82199999999999995293
67,-85,0.8777000000000000357,0.8777000000000000357
68,-85,0.84170000000000000373,0.84170000000000000373
69,-85,0.7688000000000000389,0.7688000000000000389
70,-85,0.83020000000000004903,0.83020000000000004903
-69,-83.75,0.75049999999999994493,0.75049999999999994493
-68,-83.75,0.77949999999999997069,0.77949999999999997069
-67,-83.75,0.98170000000000001705,0.98170000000000001705
-66,-83.75,0.99699999999999999734,0.99699999999999999734
-65,-83.75,0.95640000000000002789,0.95640000000000002789
-64,-83.75,0.89429999999999998384,0.89429999999999998384
-63,-83.75,0.8873999999999999666,0.8873999999999999666
-62,-83.75,0.4188000000000000056,0.4188000000000000056
-61,-83.75,0.20419999999999999263,0.20419999999999999263
-60,-83.75,0.19750000000000000888,0.19750000000000000888
-59,-83.75,0.16639999999999999236,0.16639999999999999236
-58,-83.75,0.19680000000000000271,0.19680000000000000271
-57,-83.75,0.45600000000000001643,0.45600000000000001643
-56,-83.75,0.89490000000000002878,0.89490000000000002878
-55,-83.75,0.98870000000000002327,0.98870000000000002327
-54,-83.75,0.84679999999999999716,0.84679999999999999716
-53,-83.75,0.26329999999999997851,0.26329999999999997851
-52,-83.75,0.32219999999999998641,0.32219999999999998641
-51,-83.75,0.30730000000000001759,0.30730000000000001759
-50,-83.75,0.14440000000000000058,0.14440000000000000058
-49,-83.75,0.097400000000000000466,0.097400000000000000466
-48,-83.75,0.10130000000000000115,0.10130000000000000115
-47,-83.75,0.12220000000000000306,0.12220000000000000306
-46,-83.75,0.11970000000000000084,0.11970000000000000084
-45,-83.75,0.24030000000000001359,0.24030000000000001359
-44,-83.75,0.10989999999999999769,0.10989999999999999769
-43,-83.75,0.060499999999999998224,0.060499999999999998224
-42,-83.75,0.3811999999999999833,0.3811999999999999833
-41,-83.75,0.78180000000000005045,0.78180000000000005045
-40,-83.75,0.93020000000000002682,0.93020000000000002682
-39,-83.75,0.96789999999999998259,0.96789999999999998259
-38,-83.75,0.93879999999999996785,0.93879999999999996785
-37,-83.75,0.98689999999999999947,0.98689999999999999947
-36,-83.75,0.82650000000000001243,0.82650000000000001243
-35,-83.75,0.86950000000000005063,0.86950000000000005063
-34,-83.75,0.87009999999999998455,0.87009999999999998455
-33,-83.75,0.78029999999999999361,0.78029999999999999361
-32,-83.75,0.78480000000000005311,0.78480000000000005311
-31,-83.75,0.94520000000000004015,0.94520000000000004015
-30,-83.75,0.96930000000000005045,0.96930000000000005045
-29,-83.75,0.99629999999999996341,0.99629999999999996341
-28,-83.75,0.77290000000000003144,0.77290000000000003144
-27,-83.75,0.52580000000000004512,0.52580000000000004512
-26,-83.75,0.27029999999999998472,0.27029999999999998472
-25,-83.75,0.13839999999999999525,0.13839999999999999525
-24,-83.75,0.091600000000000000866,0.091600000000000000866
-23,-83.75,0.087900000000000005906,0.087900000000000005906
-22,-83.75,0.4429000000000000159,0.4429000000000000159
-21,-83.75,0.71130000000000004334,0.71130000000000004334
-20,-83.75,0.74319999999999997176,0.74319999999999997176
-19,-83.75,0.78510000000000002007,0.78510000000000002007
-18,-83.75,0.71360000000000001208,0.71360000000000001208
-17,-83.75,0.14840000000000000413,0.14840000000000000413
-16,-83.75,0.1378999999999999948,0.1378999999999999948
-15,-83.75,0.20760000000000000675,0.20760000000000000675
-14,-83.75,0.19040000000000001368,0.19040000000000001368
-13,-83.75,0.45960000000000000853,0.45960000000000000853
-12,-83.75,0.59370000000000000551,0.59370000000000000551
-11,-83.75,0.892900000000000027,0.892900000000000027
-10,-83.75,0.70430000000000003713,0.70430000000000003713
-9,-83.75,0.7045000000000000151,0.7045000000000000151
-8,-83.75,0.92069999999999996287,0.92069999999999996287
-7,-83.75,0.93959999999999999076,0.93959999999999999076
-6,-83.75,0.93520000000000003126,0.93520000000000003126
-5,-83.75,0.95209999999999994635,0.95209999999999994635
-4,-83.75,0.76890000000000002789,0.76890000000000002789
-3,-83.75,0.705400000000000027,0.705400000000000027
-2,-83.75,0.90980000000000005311,0.90980000000000005311
-1,-83.75,0.90159999999999995701,0.90159999999999995701
0,-83.75,0.87639999999999995683,0.87639999999999995683
1,-83.75,0.9393000000000000238,0.9393000000000000238
2,-83.75,0.29060000000000002496,0.29060000000000002496
3,-83.75,0.12439999999999999669,0.12439999999999999669
4,-83.75,0.21599999999999999756,0.21599999999999999756
5,-83.75,0.60340000000000004743,0.60340000000000004743
6,-83.75,0.80030000000000001137,0.80030000000000001137
7,-83.75,0.99660000000000004139,0.99660000000000004139
8,-83.75,0.73350000000000004086,0.73350000000000004086
9,-83.75,0.23439999999999999725,0.23439999999999999725
10,-83.75,0.17840000000000000302,0.17840000000000000302
11,-83.75,0.081199999999999994404,0.081199999999999994404
12,-83.75,0.16109999999999999321,0.16109999999999999321
13,-83.75,0.35849999999999998535,0.35849999999999998535
14,-83.75,0.50570000000000003837,0.50570000000000003837
15,-83.75,0.62619999999999997886,0.62619999999999997886
16,-83.75,0.64600000000000001865,0.64600000000000001865
17,-83.75,0.62139999999999995239,0.62139999999999995239
18,-83.75,0.80040000000000000036,0.80040000000000000036
19,-83.75,0.96819999999999994955,0.96819999999999994955
20,-83.75,0.55449999999999999289,0.55449999999999999289
21,-83.75,0.21590000000000000857,0.21590000000000000857
22,-83.75,0.076600000000000001421,0.076600000000000001421
23,-83.75,0.115000000000000005,0.115000000000000005
24,-83.75,0.073599999999999998757,0.073599999999999998757
25,-83.75,0.024600000000000000339,0.024600000000000000339
26,-83.75,0.02709999999999999909,0.02709999999999999909
27,-83.75,0.016199999999999999123,0.016199999999999999123
28,-83.75,0.014999999999999999445,0.014999999999999999445
29,-83.75,0.067799999999999999156,0.067799999999999999156
30,-83.75,0.16150000000000000466,0.16150000000000000466
31,-83.75,0.16200000000000000511,0.16200000000000000511
32,-83.75,0.090899999999999994693,0.090899999999999994693
33,-83.75,0.045199999999999997125,0.045199999999999997125
34,-83.75,0.079699999999999993072,0.079699999999999993072
35,-83.75,0.14569999999999999618,0.14569999999999999618
36,-83.75,0.10570000000000000229,0.10570000000000000229
37,-83.75,0.097000000000000002887,0.097000000000000002887
38,-83.75,0.3276999999999999913,0.3276999999999999913
39,-83.75,0.70230000000000003535,0.70230000000000003535
40,-83.75,0.95469999999999999307,0.95469999999999999307
41,-83.75,0.99860000000000004317,0.99860000000000004317
42,-83.75,0.98350000000000004086,0.98350000000000004086
43,-83.75,0.99050000000000004707,0.99050000000000004707
44,-83.75,0.92789999999999994706,0.92789999999999994706
45,-83.75,0.96830000000000004956,0.96830000000000004956
46,-83.75,0.98629999999999995453,0.98629999999999995453
47,-83.75,0.40970000000000000862,0.40970000000000000862
48,-83.75,0.19450000000000000622,0.19450000000000000622
49,-83.75,0.4893000000000000127,0.4893000000000000127
50,-83.75,0.5866000000000000103,0.5866000000000000103
51,-83.75,0.30140000000000000124,0.30140000000000000124
52,-83.75,0.58109999999999994991,0.58109999999999994991
53,-83.75,0.70150000000000001243,0.70150000000000001243
54,-83.75,0.53879999999999994564,0.53879999999999994564
55,-83.75,0.71179999999999998828,0.71179999999999998828
56,-83.75,0.78979999999999994653,0.78979999999999994653
57,-83.75,0.64949999999999996625,0.64949999999999996625
58,-83.75,0.58669999999999999929,0.58669999999999999929
59,-83.75,0.89570000000000005169,0.89570000000000005169
60,-83.75,0.59409999999999996145,0.59409999999999996145
61,-83.75,0.41749999999999998224,0.41749999999999998224
62,-83.75,0.28339999999999998526,0.28339999999999998526
63,-83.75,0.1298999999999999877,0.1298999999999999877
64,-83.75,0.25519999999999998241,0.25519999999999998241
65,-83.75,0.69850000000000000977,0.69850000000000000977
66,-83.75,0.96789999999999998259,0.96789999999999998259
67,-83.75,0.9427999999999999714,0.9427999999999999714
68,-83.75,0.97360000000000002096,0.97360000000000002096
69,-83.75,0.81110000000000004317,0.81110000000000004317
70,-83.75,0.82720000000000004636,0.82720000000000004636
-69,-82.5,0.64159999999999994813,0.64159999999999994813
-68,-82.5,0.69240000000000001545,0.69240000000000001545
-67,-82.5,0.92069999999999996287,0.92069999999999996287
-66,-82.5,0.97999999999999998224,0.97999999999999998224
-65,-82.5,0.96830000000000004956,0.96830000000000004956
-64,-82.5,0.98040000000000004921,0.98040000000000004921
-63,-82.5,0.91349999999999997868,0.91349999999999997868
-62,-82.5,0.49980000000000002203,0.49980000000000002203
-61,-82.5,0.19850000000000000977,0.19850000000000000977
-60,-82.5,0.2911000000000000254,0.2911000000000000254
-59,-82.5,0.24729999999999999205,0.24729999999999999205
-58,-82.5,0.2973000000000000087,0.2973000000000000087
-57,-82.5,0.59450000000000002842,0.59450000000000002842
-56,-82.5,0.9143000000000000016,0.9143000000000000016
-55,-82.5,0.9356999999999999762,0.9356999999999999762
-54,-82.5,0.71970000000000000639,0.71970000000000000639
-53,-82.5,0.15840000000000001301,0.15840000000000001301
-52,-82.5,0.24729999999999999205,0.24729999999999999205
-51,-82.5,0.25729999999999997318,0.25729999999999997318
-50,-82.5,0.11079999999999999571,0.11079999999999999571
-49,-82.5,0.13280000000000000138,0.13280000000000000138
-48,-82.5,0.1459999999999999909,0.1459999999999999909
-47,-82.5,0.090200000000000002398,0.090200000000000002398
-46,-82.5,0.098799999999999998934,0.098799999999999998934
-45,-82.5,0.24369999999999999996,0.24369999999999999996
-44,-82.5,0.090099999999999999534,0.090099999999999999534
-43,-82.5,0.19070000000000000839,0.19070000000000000839
-42,-82.5,0.50029999999999996696,0.50029999999999996696
-41,-82.5,0.94769999999999998685,0.94769999999999998685
-40,-82.5,0.97109999999999996323,0.97109999999999996323
-39,-82.5,0.79810000000000003162,0.79810000000000003162
-38,-82.5,0.99109999999999998099,0.99109999999999998099
-37,-82.5,0.96319999999999994511,0.96319999999999994511
-36,-82.5,0.79659999999999997478,0.79659999999999997478
-35,-82.5,0.89749999999999996447,0.89749999999999996447
-34,-82.5,0.84809999999999996501,0.84809999999999996501
-33,-82.5,0.84599999999999997424,0.84599999999999997424
-32,-82.5,0.88549999999999995381,0.88549999999999995381
-31,-82.5,0.91159999999999996589,0.91159999999999996589
-30,-82.5,0.93030000000000001581,0.93030000000000001581
-29,-82.5,0.92730000000000001315,0.92730000000000001315
-28,-82.5,0.5822000000000000508,0.5822000000000000508
-27,-82.5,0.2338999999999999968,0.2338999999999999968
-26,-82.5,0.14490000000000000102,0.14490000000000000102
-25,-82.5,0.25309999999999999165,0.25309999999999999165
-24,-82.5,0.29970000000000002194,0.29970000000000002194
-23,-82.5,0.28889999999999999014,0.28889999999999999014
-22,-82.5,0.56740000000000001545,0.56740000000000001545
-21,-82.5,0.83879999999999999005,0.83879999999999999005
-20,-82.5,0.94130000000000002558,0.94130000000000002558
-19,-82.5,0.70969999999999999751,0.70969999999999999751
-18,-82.5,0.31979999999999997318,0.31979999999999997318
-17,-82.5,0.089700000000000001954,0.089700000000000001954
-16,-82.5,0.21010000000000000897,0.21010000000000000897
-15,-82.5,0.28270000000000000684,0.28270000000000000684
-14,-82.5,0.66169999999999995488,0.66169999999999995488
-13,-82.5,0.97919999999999995932,0.97919999999999995932
-12,-82.5,0.9133999999999999897,0.9133999999999999897
-11,-82.5,0.78480000000000005311,0.78480000000000005311
-10,-82.5,0.87090000000000000746,0.87090000000000000746
-9,-82.5,0.78590000000000004299,0.78590000000000004299
-8,-82.5,0.70509999999999994902,0.70509999999999994902
-7,-82.5,0.91769999999999996021,0.91769999999999996021
-6,-82.5,0.86609999999999998099,0.86609999999999998099
-5,-82.5,0.85640000000000005009,0.85640000000000005009
-4,-82.5,0.54400000000000003908,0.54400000000000003908
-3,-82.5,0.61219999999999996643,0.61219999999999996643
-2,-82.5,0.90190000000000003499,0.90190000000000003499
-1,-82.5,0.99460000000000003961,0.99460000000000003961
0,-82.5,0.99509999999999998455,0.99509999999999998455
1,-82.5,0.9081000000000000183,0.9081000000000000183
2,-82.5,0.35899999999999998579,0.35899999999999998579
3,-82.5,0.19370000000000001106,0.19370000000000001106
4,-82.5,0.28770000000000001128,0.28770000000000001128
5,-82.5,0.72070000000000000728,0.72070000000000000728
6,-82.5,0.93449999999999999734,0.93449999999999999734
7,-82.5,0.35080000000000000071,0.35080000000000000071
8,-82.5,0.16089999999999998748,0.16089999999999998748
9,-82.5,0.044799999999999999545,0.044799999999999999545
10,-82.5,0.040599999999999997202,0.040599999999999997202
11,-82.5,0.088200000000000000622,0.088200000000000000622
12,-82.5,0.10699999999999999789,0.10699999999999999789
13,-82.5,0.2000000000000000111,0.2000000000000000111
14,-82.5,0.33589999999999997637,0.33589999999999997637
15,-82.5,0.45679999999999998384,0.45679999999999998384
16,-82.5,0.52019999999999999574,0.52019999999999999574
17,-82.5,0.74780000000000002025,0.74780000000000002025
18,-82.5,0.78510000000000002007,0.78510000000000002007
19,-82.5,0.95469999999999999307,0.95469999999999999307
20,-82.5,0.78000000000000002665,0.78000000000000002665
21,-82.5,0.36649999999999999245,0.36649999999999999245
22,-82.5,0.11609999999999999487,0.11609999999999999487
23,-82.5,0.30520000000000002682,0.30520000000000002682
24,-82.5,0.078500000000000000333,0.078500000000000000333
25,-82.5,0.021999999999999998723,0.021999999999999998723
26,-82.5,0.031600000000000003086,0.031600000000000003086
27,-82.5,0.013100000000000000533,0.013100000000000000533
28,-82.5,0.022399999999999999772,0.022399999999999999772
29,-82.5,0.09170000000000000373,0.09170000000000000373
30,-82.5,0.13070000000000001061,0.13070000000000001061
31,-82.5,0.094500000000000000666,0.094500000000000000666
32,-82.5,0.082699999999999995737,0.082699999999999995737
33,-82.5,0.055500000000000000722,0.055500000000000000722
34,-82.5,0.077499999999999999445,0.077499999999999999445
35,-82.5,0.088999999999999995781,0.088999999999999995781
36,-82.5,0.16669999999999998708,0.16669999999999998708
37,-82.5,0.23960000000000000742,0.23960000000000000742
38,-82.5,0.17910000000000000919,0.17910000000000000919
39,-82.5,0.71370000000000000107,0.71370000000000000107
40,-82.5,0.96909999999999996145,0.96909999999999996145
41,-82.5,0.9597999999999999865,0.9597999999999999865
42,-82.5,0.98709999999999997744,0.98709999999999997744
43,-82.5,0.82269999999999998685,0.82269999999999998685
44,-82.5,0.84460000000000001741,0.84460000000000001741
45,-82.5,0.84530000000000005134,0.84530000000000005134
46,-82.5,0.87139999999999995239,0.87139999999999995239
47,-82.5,0.35470000000000001528,0.35470000000000001528
48,-82.5,0.27010000000000000675,0.27010000000000000675
49,-82.5,0.69620000000000004103,0.69620000000000004103
50,-82.5,0.42940000000000000391,0.42940000000000000391
51,-82.5,0.21019999999999999796,0.21019999999999999796
52,-82.5,0.43149999999999999467,0.43149999999999999467
53,-82.5,0.8403000000000000469,0.8403000000000000469
54,-82.5,0.66579999999999994742,0.66579999999999994742
55,-82.5,0.8322000000000000508,0.8322000000000000508
56,-82.5,0.89190000000000002611,0.89190000000000002611
57,-82.5,0.57340000000000002078,0.57340000000000002078
58,-82.5,0.53249999999999997335,0.53249999999999997335
59,-82.5,0.97160000000000001918,0.97160000000000001918
60,-82.5,0.69540000000000001812,0.69540000000000001812
61,-82.5,0.50780000000000002913,0.50780000000000002913
62,-82.5,0.57140000000000001901,0.57140000000000001901
63,-82.5,0.40089999999999997859,0.40089999999999997859
64,-82.5,0.53979999999999994653,0.53979999999999994653
65,-82.5,0.80269999999999996909,0.80269999999999996909
66,-82.5,0.99509999999999998455,0.99509999999999998455
67,-82.5,0.99739999999999995328,0.99739999999999995328
68,-82.5,0.9266999999999999682,0.9266999999999999682
69,-82.5,0.76849999999999996092,0.76849999999999996092
70,-82.5,0.85870000000000001883,0.85870000000000001883
-69,-81.25,0.5383999999999999897,0.5383999999999999897
-68,-81.25,0.6008999999999999897,0.6008999999999999897
-67,-81.25,0.83009999999999994902,0.83009999999999994902
-66,-81.25,0.93320000000000002949,0.93320000000000002949
-65,-81.25,0.97019999999999995133,0.97019999999999995133
-64,-81.25,0.98540000000000005365,0.98540000000000005365
-63,-81.25,0.91979999999999995097,0.91979999999999995097
-62,-81.25,0.61360000000000003428,0.61360000000000003428
-61,-81.25,0.31680000000000002602,0.31680000000000002602
-60,-81.25,0.40289999999999998037,0.40289999999999998037
-59,-81.25,0.38790000000000002256,0.38790000000000002256
-58,-81.25,0.39589999999999997415,0.39589999999999997415
-57,-81.25,0.64670000000000005258,0.64670000000000005258
-56,-81.25,0.919599999999999973,0.919599999999999973
-55,-81.25,0.95909999999999995257,0.95909999999999995257
-54,-81.25,0.49530000000000001803,0.49530000000000001803
-53,-81.25,0.14299999999999998823,0.14299999999999998823
-52,-81.25,0.22580000000000000071,0.22580000000000000071
-51,-81.25,0.15310000000000001386,0.15310000000000001386
-50,-81.25,0.11119999999999999329,0.11119999999999999329
-49,-81.25,0.11429999999999999882,0.11429999999999999882
-48,-81.25,0.081500000000000002998,0.081500000000000002998
-47,-81.25,0.043599999999999999867,0.043599999999999999867
-46,-81.25,0.086900000000000005018,0.086900000000000005018
-45,-81.25,0.17899999999999999245,0.17899999999999999245
-44,-81.25,0.17069999999999999063,0.17069999999999999063
-43,-81.25,0.2938000000000000056,0.2938000000000000056
-42,-81.25,0.36459999999999997966,0.36459999999999997966
-41,-81.25,0.72929999999999994831,0.72929999999999994831
-40,-81.25,0.6633999999999999897,0.6633999999999999897
-39,-81.25,0.77690000000000003499,0.77690000000000003499
-38,-81.25,0.9848000000000000087,0.9848000000000000087
-37,-81.25,0.93679999999999996607,0.93679999999999996607
-36,-81.25,0.69040000000000001368,0.69040000000000001368
-35,-81.25,0.83450000000000001954,0.83450000000000001954
-34,-81.25,0.85570000000000001616,0.85570000000000001616
-33,-81.25,0.87209999999999998632,0.87209999999999998632
-32,-81.25,0.80840000000000000746,0.80840000000000000746
-31,-81.25,0.90469999999999994866,0.90469999999999994866
-30,-81.25,0.95030000000000003357,0.95030000000000003357
-29,-81.25,0.87709999999999999076,0.87709999999999999076
-28,-81.25,0.2973000000000000087,0.2973000000000000087
-27,-81.25,0.12820000000000000839,0.12820000000000000839
-26,-81.25,0.16209999999999999409,0.16209999999999999409
-25,-81.25,0.3714000000000000079,0.3714000000000000079
-24,-81.25,0.30749999999999999556,0.30749999999999999556
-23,-81.25,0.24219999999999999862,0.24219999999999999862
-22,-81.25,0.40610000000000001652,0.40610000000000001652
-21,-81.25,0.84809999999999996501,0.84809999999999996501
-20,-81.25,0.67259999999999997566,0.67259999999999997566
-19,-81.25,0.39869999999999999885,0.39869999999999999885
-18,-81.25,0.076999999999999999001,0.076999999999999999001
-17,-81.25,0.08340000000000000191,0.08340000000000000191
-16,-81.25,0.13689999999999999392,0.13689999999999999392
-15,-81.25,0.57130000000000003002,0.57130000000000003002
-14,-81.25,0.93169999999999997264,0.93169999999999997264
-13,-81.25,0.63509999999999999787,0.63509999999999999787
-12,-81.25,0.56210000000000004405,0.56210000000000004405
-11,-81.25,0.51019999999999998685,0.51019999999999998685
-10,-81.25,0.56989999999999996216,0.56989999999999996216
-9,-81.25,0.78559999999999996501,0.78559999999999996501
-8,-81.25,0.93110000000000003872,0.93110000000000003872
-7,-81.25,0.88639999999999996572,0.88639999999999996572
-6,-81.25,0.94250000000000000444,0.94250000000000000444
-5,-81.25,0.99970000000000003304,0.99970000000000003304
-4,-81.25,0.89539999999999997371,0.89539999999999997371
-3,-81.25,0.9489999999999999547,0.9489999999999999547
-2,-81.25,0.63890000000000002345,0.63890000000000002345
-1,-81.25,0.57089999999999996305,0.57089999999999996305
0,-81.25,0.60199999999999997957,0.60199999999999997957
1,-81.25,0.74790000000000000924,0.74790000000000000924
2,-81.25,0.46899999999999997247,0.46899999999999997247
3,-81.25,0.2741000000000000103,0.2741000000000000103
4,-81.25,0.2750000000000000222,0.2750000000000000222
5,-81.25,0.72819999999999995843,0.72819999999999995843
6,-81.25,0.6179000000000000048,0.6179000000000000048
7,-81.25,0.056000000000000001166,0.056000000000000001166
8,-81.25,0.12410000000000000198,0.12410000000000000198
9,-81.25,0.19730000000000000315,0.19730000000000000315
10,-81.25,0.087099999999999996869,0.087099999999999996869
11,-81.25,0.098199999999999995626,0.098199999999999995626
12,-81.25,0.077999999999999999889,0.077999999999999999889
13,-81.25,0.11580000000000000016,0.11580000000000000016
14,-81.25,0.21579999999999999183,0.21579999999999999183
15,-81.25,0.31540000000000001368,0.31540000000000001368
16,-81.25,0.35239999999999999103,0.35239999999999999103
17,-81.25,0.76480000000000003535,0.76480000000000003535
18,-81.25,0.83540000000000003144,0.83540000000000003144
19,-81.25,0.81049999999999999822,0.81049999999999999822
20,-81.25,0.72209999999999996412,0.72209999999999996412
21,-81.25,0.47179999999999999716,0.47179999999999999716
22,-81.25,0.72650000000000003464,0.72650000000000003464
23,-81.25,0.41720000000000001528,0.41720000000000001528
24,-81.25,0.12709999999999999076,0.12709999999999999076
25,-81.25,0.043900000000000001521,0.043900000000000001521
26,-81.25,0.016799999999999998962,0.016799999999999998962
27,-81.25,0.0064000000000000003067,0.0064000000000000003067
28,-81.25,0.013400000000000000452,0.013400000000000000452
29,-81.25,0.027699999999999998929,0.027699999999999998929
30,-81.25,0.052799999999999999711,0.052799999999999999711
31,-81.25,0.058999999999999996891,0.058999999999999996891
32,-81.25,0.046199999999999998013,0.046199999999999998013
33,-81.25,0.070300000000000001377,0.070300000000000001377
34,-81.25,0.044200000000000003175,0.044200000000000003175
35,-81.25,0.059099999999999999756,0.059099999999999999756
36,-81.25,0.14449999999999998956,0.14449999999999998956
37,-81.25,0.40220000000000000195,0.40220000000000000195
38,-81.25,0.34379999999999999449,0.34379999999999999449
39,-81.25,0.70950000000000001954,0.70950000000000001954
40,-81.25,0.92940000000000000391,0.92940000000000000391
41,-81.25,0.50549999999999994937,0.50549999999999994937
42,-81.25,0.74229999999999995985,0.74229999999999995985
43,-81.25,0.72319999999999995399,0.72319999999999995399
44,-81.25,0.77769999999999994689,0.77769999999999994689
45,-81.25,0.52649999999999996803,0.52649999999999996803
46,-81.25,0.74219999999999997087,0.74219999999999997087
47,-81.25,0.36870000000000002771,0.36870000000000002771
48,-81.25,0.44019999999999998019,0.44019999999999998019
49,-81.25,0.62539999999999995595,0.62539999999999995595
50,-81.25,0.1298999999999999877,0.1298999999999999877
51,-81.25,0.24529999999999999027,0.24529999999999999027
52,-81.25,0.29970000000000002194,0.29970000000000002194
53,-81.25,0.89439999999999997282,0.89439999999999997282
54,-81.25,0.79779999999999995364,0.79779999999999995364
55,-81.25,0.89239999999999997105,0.89239999999999997105
56,-81.25,0.90159999999999995701,0.90159999999999995701
57,-81.25,0.37490000000000001101,0.37490000000000001101
58,-81.25,0.28189999999999998392,0.28189999999999998392
59,-81.25,0.85019999999999995577,0.85019999999999995577
60,-81.25,0.79030000000000000249,0.79030000000000000249
61,-81.25,0.62519999999999997797,0.62519999999999997797
62,-81.25,0.92010000000000002895,0.92010000000000002895
63,-81.25,0.67849999999999999201,0.67849999999999999201
64,-81.25,0.66690000000000004832,0.66690000000000004832
65,-81.25,0.76649999999999995914,0.76649999999999995914
66,-81.25,0.99960000000000004405,0.99960000000000004405
67,-81.25,0.97279999999999999805,0.97279999999999999805
68,-81.25,0.75660000000000005027,0.75660000000000005027
69,-81.25,0.63019999999999998241,0.63019999999999998241
70,-81.25,0.87570000000000003393,0.87570000000000003393
-69,-80,0.56479999999999996874,0.56479999999999996874
-68,-80,0.61009999999999997566,0.61009999999999997566
-67,-80,0.81130000000000002114,0.81130000000000002114
-66,-80,0.85009999999999996678,0.85009999999999996678
-65,-80,0.92359999999999997655,0.92359999999999997655
-64,-80,0.99539999999999995151,0.99539999999999995151
-63,-80,0.77700000000000002398,0.77700000000000002398
-62,-80,0.46989999999999998437,0.46989999999999998437
-61,-80,0.55820000000000002949,0.55820000000000002949
-60,-80,0.46119999999999999885,0.46119999999999999885
-59,-80,0.41210000000000002185,0.41210000000000002185
-58,-80,0.40699999999999997291,0.40699999999999997291
-57,-80,0.54059999999999996945,0.54059999999999996945
-56,-80,0.82699999999999995737,0.82699999999999995737
-55,-80,0.92279999999999995364,0.92279999999999995364
-54,-80,0.40989999999999998659,0.40989999999999998659
-53,-80,0.23739999999999999991,0.23739999999999999991
-52,-80,0.24269999999999999907,0.24269999999999999907
-51,-80,0.079899999999999998801,0.079899999999999998801
-50,-80,0.058299999999999997657,0.058299999999999997657
-49,-80,0.057399999999999999634,0.057399999999999999634
-48,-80,0.039199999999999998734,0.039199999999999998734
-47,-80,0.034599999999999998812,0.034599999999999998812
-46,-80,0.093799999999999994493,0.093799999999999994493
-45,-80,0.11260000000000000564,0.11260000000000000564
-44,-80,0.1804000000000000048,0.1804000000000000048
-43,-80,0.30780000000000001803,0.30780000000000001803
-42,-80,0.34860000000000002096,0.34860000000000002096
-41,-80,0.45229999999999997984,0.45229999999999997984
-40,-80,0.46129999999999998783,0.46129999999999998783
-39,-80,0.75649999999999995026,0.75649999999999995026
-38,-80,0.96650000000000002576,0.96650000000000002576
-37,-80,0.98429999999999995275,0.98429999999999995275
-36,-80,0.86009999999999997566,0.86009999999999997566
-35,-80,0.88859999999999994547,0.88859999999999994547
-34,-80,0.95869999999999999662,0.95869999999999999662
-33,-80,0.96540000000000003588,0.96540000000000003588
-32,-80,0.93169999999999997264,0.93169999999999997264
-31,-80,0.89059999999999994724,0.89059999999999994724
-30,-80,0.84550000000000002931,0.84550000000000002931
-29,-80,0.40289999999999998037,0.40289999999999998037
-28,-80,0.11970000000000000084,0.11970000000000000084
-27,-80,0.1945999999999999952,0.1945999999999999952
-26,-80,0.52270000000000005347,0.52270000000000005347
-25,-80,0.50590000000000001634,0.50590000000000001634
-24,-80,0.31259999999999998899,0.31259999999999998899
-23,-80,0.33329999999999998517,0.33329999999999998517
-22,-80,0.2509000000000000119,0.2509000000000000119
-21,-80,0.24260000000000001008,0.24260000000000001008
-20,-80,0.44409999999999999476,0.44409999999999999476
-19,-80,0.18570000000000000395,0.18570000000000000395
-18,-80,0.17239999999999999769,0.17239999999999999769
-17,-80,0.051700000000000002898,0.051700000000000002898
-16,-80,0.13430000000000000271,0.13430000000000000271
-15,-80,0.96750000000000002665,0.96750000000000002665
-14,-80,0.5188000000000000389,0.5188000000000000389
-13,-80,0.45029999999999997806,0.45029999999999997806
-12,-80,0.39710000000000000853,0.39710000000000000853
-11,-80,0.46660000000000001474,0.46660000000000001474
-10,-80,0.78380000000000005222,0.78380000000000005222
-9,-80,0.98740000000000005542,0.98740000000000005542
-8,-80,0.30459999999999998188,0.30459999999999998188
-7,-80,0.035099999999999999256,0.035099999999999999256
-6,-80,0.23799999999999998934,0.23799999999999998934
-5,-80,0.388400000000000023,0.388400000000000023
-4,-80,0.6268000000000000238,0.6268000000000000238
-3,-80,0.86029999999999995364,0.86029999999999995364
-2,-80,0.13900000000000001243,0.13900000000000001243
-1,-80,0.056599999999999997535,0.056599999999999997535
0,-80,0.12770000000000000795,0.12770000000000000795
1,-80,0.49109999999999998099,0.49109999999999998099
2,-80,0.43809999999999998943,0.43809999999999998943
3,-80,0.4027000000000000024,0.4027000000000000024
4,-80,0.64829999999999998739,0.64829999999999998739
5,-80,0.54449999999999998401,0.54449999999999998401
6,-80,0.16200000000000000511,0.16200000000000000511
7,-80,0.14139999999999999791,0.14139999999999999791
8,-80,0.44350000000000000533,0.44350000000000000533
9,-80,0.36770000000000002682,0.36770000000000002682
10,-80,0.14499999999999999001,0.14499999999999999001
11,-80,0.1121000000000000052,0.1121000000000000052
12,-80,0.097699999999999995182,0.097699999999999995182
13,-80,0.11390000000000000124,0.11390000000000000124
14,-80,0.13330000000000000182,0.13330000000000000182
15,-80,0.16179999999999999938,0.16179999999999999938
16,-80,0.29739999999999999769,0.29739999999999999769
17,-80,0.74490000000000000657,0.74490000000000000657
18,-80,0.73740000000000005542,0.73740000000000005542
19,-80,0.73909999999999997922,0.73909999999999997922
20,-80,0.80859999999999998543,0.80859999999999998543
21,-80,0.69710000000000005294,0.69710000000000005294
22,-80,0.86490000000000000213,0.86490000000000000213
23,-80,0.49359999999999998321,0.49359999999999998321
24,-80,0.2561999999999999833,0.2561999999999999833
25,-80,0.11600000000000000588,0.11600000000000000588
26,-80,0.018599999999999998479,0.018599999999999998479
27,-80,0.0082000000000000006911,0.0082000000000000006911
28,-80,0.0037000000000000001638,0.0037000000000000001638
29,-80,0.01460000000000000013,0.01460000000000000013
30,-80,0.037800000000000000266,0.037800000000000000266
31,-80,0.033500000000000001998,0.033500000000000001998
32,-80,0.033300000000000003209,0.033300000000000003209
33,-80,0.054100000000000002254,0.054100000000000002254
34,-80,0.043299999999999998213,0.043299999999999998213
35,-80,0.01170000000000000033,0.01170000000000000033
36,-80,0.10509999999999999898,0.10509999999999999898
37,-80,0.17469999999999999418,0.17469999999999999418
38,-80,0.37349999999999999867,0.37349999999999999867
39,-80,0.86050000000000004263,0.86050000000000004263
40,-80,0.8858000000000000318,0.8858000000000000318
41,-80,0.31049999999999999822,0.31049999999999999822
42,-80,0.12109999999999999931,0.12109999999999999931
43,-80,0.40939999999999998614,0.40939999999999998614
44,-80,0.67540000000000000036,0.67540000000000000036
45,-80,0.55730000000000001759,0.55730000000000001759
46,-80,0.51670000000000004814,0.51670000000000004814
47,-80,0.52720000000000000195,0.52720000000000000195
48,-80,0.83360000000000000764,0.83360000000000000764
49,-80,0.53229999999999999538,0.53229999999999999538
50,-80,0.029100000000000000866,0.029100000000000000866
51,-80,0.16350000000000000644,0.16350000000000000644
52,-80,0.29220000000000001528,0.29220000000000001528
53,-80,0.95850000000000001865,0.95850000000000001865
54,-80,0.70520000000000004903,0.70520000000000004903
55,-80,0.84589999999999998526,0.84589999999999998526
56,-80,0.90059999999999995612,0.90059999999999995612
57,-80,0.20369999999999999218,0.20369999999999999218
58,-80,0.052400000000000002132,0.052400000000000002132
59,-80,0.36239999999999999991,0.36239999999999999991
60,-80,0.72470000000000001084,0.72470000000000001084
61,-80,0.55040000000000000036,0.55040000000000000036
62,-80,0.9758999999999999897,0.9758999999999999897
63,-80,0.54500000000000003997,0.54500000000000003997
64,-80,0.57169999999999998597,0.57169999999999998597
65,-80,0.7258999999999999897,0.7258999999999999897
66,-80,0.98370000000000001883,0.98370000000000001883
67,-80,0.86460000000000003517,0.86460000000000003517
68,-80,0.74860000000000004317,0.74860000000000004317
69,-80,0.64710000000000000853,0.64710000000000000853
70,-80,0.88849999999999995648,0.88849999999999995648
-69,-78.75,0.68610000000000004317,0.68610000000000004317
-68,-78.75,0.78520000000000000906,0.78520000000000000906
-67,-78.75,0.89219999999999999307,0.89219999999999999307
-66,-78.75,0.75960000000000005294,0.75960000000000005294
-65,-78.75,0.73589999999999999858,0.73589999999999999858
-64,-78.75,0.97130000000000005222,0.97130000000000005222
-63,-78.75,0.61199999999999998845,0.61199999999999998845
-62,-78.75,0.40229999999999999094,0.40229999999999999094
-61,-78.75,0.70289999999999996927,0.70289999999999996927
-60,-78.75,0.46989999999999998437,0.46989999999999998437
-59,-78.75,0.49759999999999998677,0.49759999999999998677
-58,-78.75,0.37659999999999999032,0.37659999999999999032
-57,-78.75,0.54049999999999998046,0.54049999999999998046
-56,-78.75,0.80240000000000000213,0.80240000000000000213
-55,-78.75,0.92779999999999995808,0.92779999999999995808
-54,-78.75,0.61490000000000000213,0.61490000000000000213
-53,-78.75,0.27310000000000000941,0.27310000000000000941
-52,-78.75,0.11029999999999999527,0.11029999999999999527
-51,-78.75,0.033799999999999996714,0.033799999999999996714
-50,-78.75,0.02359999999999999945,0.02359999999999999945
-49,-78.75,0.033200000000000000344,0.033200000000000000344
-48,-78.75,0.03309999999999999748,0.03309999999999999748
-47,-78.75,0.038100000000000001921,0.038100000000000001921
-46,-78.75,0.07159999999999999698,0.07159999999999999698
-45,-78.75,0.072700000000000000733,0.072700000000000000733
-44,-78.75,0.20610000000000000542,0.20610000000000000542
-43,-78.75,0.34849999999999997646,0.34849999999999997646
-42,-78.75,0.19609999999999999654,0.19609999999999999654
-41,-78.75,0.18779999999999999472,0.18779999999999999472
-40,-78.75,0.36409999999999997922,0.36409999999999997922
-39,-78.75,0.86439999999999994618,0.86439999999999994618
-38,-78.75,0.93049999999999999378,0.93049999999999999378
-37,-78.75,0.99390000000000000568,0.99390000000000000568
-36,-78.75,0.93459999999999998632,0.93459999999999998632
-35,-78.75,0.97880000000000000338,0.97880000000000000338
-34,-78.75,0.91120000000000000995,0.91120000000000000995
-33,-78.75,0.91159999999999996589,0.91159999999999996589
-32,-78.75,0.79069999999999995843,0.79069999999999995843
-31,-78.75,0.57440000000000002167,0.57440000000000002167
-30,-78.75,0.52700000000000002398,0.52700000000000002398
-29,-78.75,0.23189999999999999503,0.23189999999999999503
-28,-78.75,0.17330000000000000959,0.17330000000000000959
-27,-78.75,0.45950000000000001954,0.45950000000000001954
-26,-78.75,0.35520000000000001572,0.35520000000000001572
-25,-78.75,0.26360000000000000098,0.26360000000000000098
-24,-78.75,0.12690000000000001279,0.12690000000000001279
-23,-78.75,0.21950000000000000067,0.21950000000000000067
-22,-78.75,0.23790000000000000036,0.23790000000000000036
-21,-78.75,0.31049999999999999822,0.31049999999999999822
-20,-78.75,0.47799999999999998046,0.47799999999999998046
-19,-78.75,0.34970000000000001084,0.34970000000000001084
-18,-78.75,0.073800000000000004485,0.073800000000000004485
-17,-78.75,0.066799999999999998268,0.066799999999999998268
-16,-78.75,0.45190000000000002389,0.45190000000000002389
-15,-78.75,0.5786000000000000032,0.5786000000000000032
-14,-78.75,0.25330000000000002514,0.25330000000000002514
-13,-78.75,0.2335000000000000131,0.2335000000000000131
-12,-78.75,0.71579999999999999183,0.71579999999999999183
-11,-78.75,0.85189999999999999059,0.85189999999999999059
-10,-78.75,0.99809999999999998721,0.99809999999999998721
-9,-78.75,0.47739999999999999103,0.47739999999999999103
-8,-78.75,0.71740000000000003766,0.71740000000000003766
-7,-78.75,0.29139999999999999236,0.29139999999999999236
-6,-78.75,0.050900000000000000799,0.050900000000000000799
-5,-78.75,0.56149999999999999911,0.56149999999999999911
-4,-78.75,0.36480000000000001315,0.36480000000000001315
-3,-78.75,0.024899999999999998523,0.024899999999999998523
-2,-78.75,0.053999999999999999389,0.053999999999999999389
-1,-78.75,0.26450000000000001288,0.26450000000000001288
0,-78.75,0.60780000000000000693,0.60780000000000000693
1,-78.75,0.65180000000000004601,0.65180000000000004601
2,-78.75,0.5516999999999999682,0.5516999999999999682
3,-78.75,0.5402000000000000135,0.5402000000000000135
4,-78.75,0.91269999999999995577,0.91269999999999995577
5,-78.75,0.1472999999999999865,0.1472999999999999865
6,-78.75,0.013100000000000000533,0.013100000000000000533
7,-78.75,0.046800000000000001321,0.046800000000000001321
8,-78.75,0.34870000000000000995,0.34870000000000000995
9,-78.75,0.39979999999999998872,0.39979999999999998872
10,-78.75,0.29280000000000000471,0.29280000000000000471
11,-78.75,0.20339999999999999747,0.20339999999999999747
12,-78.75,0.13910000000000000142,0.13910000000000000142
13,-78.75,0.10589999999999999414,0.10589999999999999414
14,-78.75,0.13400000000000000799,0.13400000000000000799
15,-78.75,0.14769999999999999796,0.14769999999999999796
16,-78.75,0.24849999999999999867,0.24849999999999999867
17,-78.75,0.63039999999999996039,0.63039999999999996039
18,-78.75,0.41289999999999998925,0.41289999999999998925
19,-78.75,0.40479999999999999316,0.40479999999999999316
20,-78.75,0.57799999999999995826,0.57799999999999995826
21,-78.75,0.7883999999999999897,0.7883999999999999897
22,-78.75,0.81930000000000002824,0.81930000000000002824
23,-78.75,0.54600000000000004086,0.54600000000000004086
24,-78.75,0.47520000000000001128,0.47520000000000001128
25,-78.75,0.23980000000000001315,0.23980000000000001315
26,-78.75,0.052200000000000003342,0.052200000000000003342
27,-78.75,0.0086000000000000000056,0.0086000000000000000056
28,-78.75,0.002500000000000000052,0.002500000000000000052
29,-78.75,0.01760000000000000106,0.01760000000000000106
30,-78.75,0.056599999999999997535,0.056599999999999997535
31,-78.75,0.11020000000000000628,0.11020000000000000628
32,-78.75,0.069300000000000000488,0.069300000000000000488
33,-78.75,0.055899999999999998301,0.055899999999999998301
34,-78.75,0.025499999999999998362,0.025499999999999998362
35,-78.75,0.013299999999999999323,0.013299999999999999323
36,-78.75,0.058200000000000001732,0.058200000000000001732
37,-78.75,0.080500000000000002109,0.080500000000000002109
38,-78.75,0.13960000000000000187,0.13960000000000000187
39,-78.75,0.54210000000000002629,0.54210000000000002629
40,-78.75,0.90729999999999999538,0.90729999999999999538
41,-78.75,0.24499999999999999556,0.24499999999999999556
42,-78.75,0.057799999999999997213,0.057799999999999997213
43,-78.75,0.068400000000000002465,0.068400000000000002465
44,-78.75,0.51119999999999998774,0.51119999999999998774
45,-78.75,0.76539999999999996927,0.76539999999999996927
46,-78.75,0.44979999999999997762,0.44979999999999997762
47,-78.75,0.62539999999999995595,0.62539999999999995595
48,-78.75,0.90829999999999999627,0.90829999999999999627
49,-78.75,0.47839999999999999192,0.47839999999999999192
50,-78.75,0.083199999999999996181,0.083199999999999996181
51,-78.75,0.11350000000000000366,0.11350000000000000366
52,-78.75,0.30859999999999998543,0.30859999999999998543
53,-78.75,0.973300000000000054,0.973300000000000054
54,-78.75,0.58120000000000004992,0.58120000000000004992
55,-78.75,0.59250000000000002665,0.59250000000000002665
56,-78.75,0.90539999999999998259,0.90539999999999998259
57,-78.75,0.19020000000000000795,0.19020000000000000795
58,-78.75,0.048099999999999996925,0.048099999999999996925
59,-78.75,0.16320000000000001172,0.16320000000000001172
60,-78.75,0.495499999999999996,0.495499999999999996
61,-78.75,0.56269999999999997797,0.56269999999999997797
62,-78.75,0.93030000000000001581,0.93030000000000001581
63,-78.75,0.42699999999999999067,0.42699999999999999067
64,-78.75,0.55140000000000000124,0.55140000000000000124
65,-78.75,0.72050000000000002931,0.72050000000000002931
66,-78.75,0.89119999999999999218,0.89119999999999999218
67,-78.75,0.73560000000000003162,0.73560000000000003162
68,-78.75,0.74399999999999999467,0.74399999999999999467
69,-78.75,0.82940000000000002611,0.82940000000000002611
70,-78.75,0.9170000000000000373,0.9170000000000000373
-69,-77.5,0.77349999999999996536,0.77349999999999996536
-68,-77.5,0.91939999999999999503,0.91939999999999999503
-67,-77.5,0.9758999999999999897,0.9758999999999999897
-66,-77.5,0.70150000000000001243,0.70150000000000001243
-65,-77.5,0.55930000000000001936,0.55930000000000001936
-64,-77.5,0.86899999999999999467,0.86899999999999999467
-63,-77.5,0.59119999999999994778,0.59119999999999994778
-62,-77.5,0.65510000000000001563,0.65510000000000001563
-61,-77.5,0.7079999999999999627,0.7079999999999999627
-60,-77.5,0.39669999999999999707,0.39669999999999999707
-59,-77.5,0.45190000000000002389,0.45190000000000002389
-58,-77.5,0.30790000000000000702,0.30790000000000000702
-57,-77.5,0.6411000000000000032,0.6411000000000000032
-56,-77.5,0.82960000000000000409,0.82960000000000000409
-55,-77.5,0.92869999999999996998,0.92869999999999996998
-54,-77.5,0.68579999999999996518,0.68579999999999996518
-53,-77.5,0.16439999999999999059,0.16439999999999999059
-52,-77.5,0.082000000000000003442,0.082000000000000003442
-51,-77.5,0.041000000000000001721,0.041000000000000001721
-50,-77.5,0.022900000000000000216,0.022900000000000000216
-49,-77.5,0.037299999999999999822,0.037299999999999999822
-48,-77.5,0.039300000000000001599,0.039300000000000001599
-47,-77.5,0.048000000000000000999,0.048000000000000000999
-46,-77.5,0.047199999999999998901,0.047199999999999998901
-45,-77.5,0.068800000000000000044,0.068800000000000000044
-44,-77.5,0.18649999999999999911,0.18649999999999999911
-43,-77.5,0.21779999999999999361,0.21779999999999999361
-42,-77.5,0.18520000000000000351,0.18520000000000000351
-41,-77.5,0.29699999999999998623,0.29699999999999998623
-40,-77.5,0.41639999999999999236,0.41639999999999999236
-39,-77.5,0.71499999999999996891,0.71499999999999996891
-38,-77.5,0.93799999999999994493,0.93799999999999994493
-37,-77.5,0.99670000000000003038,0.99670000000000003038
-36,-77.5,0.96209999999999995524,0.96209999999999995524
-35,-77.5,0.98860000000000003428,0.98860000000000003428
-34,-77.5,0.96409999999999995701,0.96409999999999995701
-33,-77.5,0.84530000000000005134,0.84530000000000005134
-32,-77.5,0.65759999999999996234,0.65759999999999996234
-31,-77.5,0.62390000000000001013,0.62390000000000001013
-30,-77.5,0.48159999999999997256,0.48159999999999997256
-29,-77.5,0.25609999999999999432,0.25609999999999999432
-28,-77.5,0.24149999999999999245,0.24149999999999999245
-27,-77.5,0.43090000000000000524,0.43090000000000000524
-26,-77.5,0.17219999999999999196,0.17219999999999999196
-25,-77.5,0.078299999999999994604,0.078299999999999994604
-24,-77.5,0.11949999999999999512,0.11949999999999999512
-23,-77.5,0.092299999999999993161,0.092299999999999993161
-22,-77.5,0.12970000000000000973,0.12970000000000000973
-21,-77.5,0.23280000000000000693,0.23280000000000000693
-20,-77.5,0.62570000000000003393,0.62570000000000003393
-19,-77.5,0.15729999999999999538,0.15729999999999999538
-18,-77.5,0.10040000000000000313,0.10040000000000000313
-17,-77.5,0.29959999999999997744,0.29959999999999997744
-16,-77.5,0.78380000000000005222,0.78380000000000005222
-15,-77.5,0.15800000000000000155,0.15800000000000000155
-14,-77.5,0.77639999999999997904,0.77639999999999997904
-13,-77.5,0.38080000000000002736,0.38080000000000002736
-12,-77.5,0.36609999999999998099,0.36609999999999998099
-11,-77.5,0.32379999999999997673,0.32379999999999997673
-10,-77.5,0.5572000000000000286,0.5572000000000000286
-9,-77.5,0.26440000000000002389,0.26440000000000002389
-8,-77.5,0.71270000000000000018,0.71270000000000000018
-7,-77.5,0.087800000000000003042,0.087800000000000003042
-6,-77.5,0.048800000000000003098,0.048800000000000003098
-5,-77.5,0.81189999999999995506,0.81189999999999995506
-4,-77.5,0.85119999999999995666,0.85119999999999995666
-3,-77.5,0.99780000000000002025,0.99780000000000002025
-2,-77.5,0.99019999999999996909,0.99019999999999996909
-1,-77.5,0.776699999999999946,0.776699999999999946
0,-77.5,0.70620000000000004992,0.70620000000000004992
1,-77.5,0.73680000000000001048,0.73680000000000001048
2,-77.5,0.75309999999999999165,0.75309999999999999165
3,-77.5,0.73089999999999999414,0.73089999999999999414
4,-77.5,0.059700000000000003064,0.059700000000000003064
5,-77.5,0.022300000000000000377,0.022300000000000000377
6,-77.5,0.1433000000000000107,0.1433000000000000107
7,-77.5,0.19959999999999999964,0.19959999999999999964
8,-77.5,0.044499999999999997891,0.044499999999999997891
9,-77.5,0.096199999999999993849,0.096199999999999993849
10,-77.5,0.60009999999999996678,0.60009999999999996678
11,-77.5,0.361599999999999977,0.361599999999999977
12,-77.5,0.14269999999999999352,0.14269999999999999352
13,-77.5,0.096699999999999994293,0.096699999999999994293
14,-77.5,0.15989999999999998659,0.15989999999999998659
15,-77.5,0.20150000000000001243,0.20150000000000001243
16,-77.5,0.22950000000000000955,0.22950000000000000955
17,-77.5,0.51580000000000003624,0.51580000000000003624
18,-77.5,0.80040000000000000036,0.80040000000000000036
19,-77.5,0.47329999999999999849,0.47329999999999999849
20,-77.5,0.40910000000000001918,0.40910000000000001918
21,-77.5,0.48790000000000000036,0.48790000000000000036
22,-77.5,0.70440000000000002611,0.70440000000000002611
23,-77.5,0.73089999999999999414,0.73089999999999999414
24,-77.5,0.59750000000000003109,0.59750000000000003109
25,-77.5,0.51739999999999997105,0.51739999999999997105
26,-77.5,0.13469999999999998641,0.13469999999999998641
27,-77.5,0.025499999999999998362,0.025499999999999998362
28,-77.5,0.0057999999999999996003,0.0057999999999999996003
29,-77.5,0.00899999999999999932,0.00899999999999999932
30,-77.5,0.0298000000000000001,0.0298000000000000001
31,-77.5,0.14380000000000001115,0.14380000000000001115
32,-77.5,0.25219999999999997975,0.25219999999999997975
33,-77.5,0.054300000000000001044,0.054300000000000001044
34,-77.5,0.0097999999999999996836,0.0097999999999999996836
35,-77.5,0.0023999999999999997898,0.0023999999999999997898
36,-77.5,0.016699999999999999567,0.016699999999999999567
37,-77.5,0.037900000000000003131,0.037900000000000003131
38,-77.5,0.10570000000000000229,0.10570000000000000229
39,-77.5,0.54859999999999997655,0.54859999999999997655
40,-77.5,0.84019999999999994689,0.84019999999999994689
41,-77.5,0.4545000000000000151,0.4545000000000000151
42,-77.5,0.11799999999999999378,0.11799999999999999378
43,-77.5,0.011599999999999999201,0.011599999999999999201
44,-77.5,0.14189999999999999836,0.14189999999999999836
45,-77.5,0.45850000000000001865,0.45850000000000001865
46,-77.5,0.62719999999999997975,0.62719999999999997975
47,-77.5,0.63260000000000005116,0.63260000000000005116
48,-77.5,0.76410000000000000142,0.76410000000000000142
49,-77.5,0.29180000000000000382,0.29180000000000000382
50,-77.5,0.091399999999999995137,0.091399999999999995137
51,-77.5,0.10660000000000000031,0.10660000000000000031
52,-77.5,0.30409999999999998144,0.30409999999999998144
53,-77.5,0.97660000000000002363,0.97660000000000002363
54,-77.5,0.56650000000000000355,0.56650000000000000355
55,-77.5,0.44150000000000000355,0.44150000000000000355
56,-77.5,0.72580000000000000071,0.72580000000000000071
57,-77.5,0.22800000000000000822,0.22800000000000000822
58,-77.5,0.088900000000000006795,0.088900000000000006795
59,-77.5,0.48110000000000002762,0.48110000000000002762
60,-77.5,0.53010000000000001563,0.53010000000000001563
61,-77.5,0.68730000000000002203,0.68730000000000002203
62,-77.5,0.9090000000000000302,0.9090000000000000302
63,-77.5,0.47839999999999999192,0.47839999999999999192
64,-77.5,0.76229999999999997762,0.76229999999999997762
65,-77.5,0.94589999999999996305,0.94589999999999996305
66,-77.5,0.7215000000000000302,0.7215000000000000302
67,-77.5,0.68989999999999995772,0.68989999999999995772
68,-77.5,0.70820000000000005169,0.70820000000000005169
69,-77.5,0.89949999999999996625,0.89949999999999996625
70,-77.5,0.98529999999999995364,0.98529999999999995364
-69,-76.25,0.68979999999999996874,0.68979999999999996874
-68,-76.25,0.95989999999999997549,0.95989999999999997549
-67,-76.25,0.95830000000000004068,0.95830000000000004068
-66,-76.25,0.63519999999999998685,0.63519999999999998685
-65,-76.25,0.57889999999999997016,0.57889999999999997016
-64,-76.25,0.87280000000000002025,0.87280000000000002025
-63,-76.25,0.73719999999999996643,0.73719999999999996643
-62,-76.25,0.58099999999999996092,0.58099999999999996092
-61,-76.25,0.58379999999999998561,0.58379999999999998561
-60,-76.25,0.26679999999999998161,0.26679999999999998161
-59,-76.25,0.27000000000000001776,0.27000000000000001776
-58,-76.25,0.33970000000000000195,0.33970000000000000195
-57,-76.25,0.72030000000000005134,0.72030000000000005134
-56,-76.25,0.60150000000000003464,0.60150000000000003464
-55,-76.25,0.61909999999999998366,0.61909999999999998366
-54,-76.25,0.46339999999999997859,0.46339999999999997859
-53,-76.25,0.1179000000000000048,0.1179000000000000048
-52,-76.25,0.099500000000000005107,0.099500000000000005107
-51,-76.25,0.05940000000000000141,0.05940000000000000141
-50,-76.25,0.050299999999999997491,0.050299999999999997491
-49,-76.25,0.056800000000000003264,0.056800000000000003264
-48,-76.25,0.048099999999999996925,0.048099999999999996925
-47,-76.25,0.050200000000000001565,0.050200000000000001565
-46,-76.25,0.036900000000000002243,0.036900000000000002243
-45,-76.25,0.060199999999999996569,0.060199999999999996569
-44,-76.25,0.13389999999999999125,0.13389999999999999125
-43,-76.25,0.12929999999999999827,0.12929999999999999827
-42,-76.25,0.17940000000000000391,0.17940000000000000391
-41,-76.25,0.31580000000000002514,0.31580000000000002514
-40,-76.25,0.46050000000000002043,0.46050000000000002043
-39,-76.25,0.71379999999999999005,0.71379999999999999005
-38,-76.25,0.89419999999999999485,0.89419999999999999485
-37,-76.25,0.96470000000000000195,0.96470000000000000195
-36,-76.25,0.87760000000000004672,0.87760000000000004672
-35,-76.25,0.88480000000000003091,0.88480000000000003091
-34,-76.25,0.8954999999999999627,0.8954999999999999627
-33,-76.25,0.83589999999999997637,0.83589999999999997637
-32,-76.25,0.76280000000000003357,0.76280000000000003357
-31,-76.25,0.66930000000000000604,0.66930000000000000604
-30,-76.25,0.41909999999999997256,0.41909999999999997256
-29,-76.25,0.37880000000000002558,0.37880000000000002558
-28,-76.25,0.30049999999999998934,0.30049999999999998934
-27,-76.25,0.35260000000000002451,0.35260000000000002451
-26,-76.25,0.30070000000000002283,0.30070000000000002283
-25,-76.25,0.12939999999999998725,0.12939999999999998725
-24,-76.25,0.051799999999999998823,0.051799999999999998823
-23,-76.25,0.072900000000000006461,0.072900000000000006461
-22,-76.25,0.11369999999999999551,0.11369999999999999551
-21,-76.25,0.42059999999999997389,0.42059999999999997389
-20,-76.25,0.70820000000000005169,0.70820000000000005169
-19,-76.25,0.24190000000000000391,0.24190000000000000391
-18,-76.25,0.17489999999999999991,0.17489999999999999991
-17,-76.25,0.93589999999999995417,0.93589999999999995417
-16,-76.25,0.32129999999999997451,0.32129999999999997451
-15,-76.25,0.56830000000000002736,0.56830000000000002736
-14,-76.25,0.10820000000000000451,0.10820000000000000451
-13,-76.25,0.24770000000000000351,0.24770000000000000351
-12,-76.25,0.2722999999999999865,0.2722999999999999865
-11,-76.25,0.43359999999999998543,0.43359999999999998543
-10,-76.25,0.66630000000000000338,0.66630000000000000338
-9,-76.25,0.81049999999999999822,0.81049999999999999822
-8,-76.25,0.4259000000000000008,0.4259000000000000008
-7,-76.25,0.70530000000000003801,0.70530000000000003801
-6,-76.25,0.94589999999999996305,0.94589999999999996305
-5,-76.25,0.83279999999999998472,0.83279999999999998472
-4,-76.25,0.78549999999999997602,0.78549999999999997602
-3,-76.25,0.44969999999999998863,0.44969999999999998863
-2,-76.25,0.40170000000000000151,0.40170000000000000151
-1,-76.25,0.55200000000000004619,0.55200000000000004619
0,-76.25,0.60550000000000003819,0.60550000000000003819
1,-76.25,0.96060000000000000941,0.96060000000000000941
2,-76.25,0.84370000000000000551,0.84370000000000000551
3,-76.25,0.041399999999999999301,0.041399999999999999301
4,-76.25,0.0020999999999999998702,0.0020999999999999998702
5,-76.25,0.007799999999999999642,0.007799999999999999642
6,-76.25,0.019199999999999998318,0.019199999999999998318
7,-76.25,0.0025999999999999998807,0.0025999999999999998807
8,-76.25,0.033599999999999997924,0.033599999999999997924
9,-76.25,0.040099999999999996758,0.040099999999999996758
10,-76.25,0.34679999999999999716,0.34679999999999999716
11,-76.25,0.41110000000000002096,0.41110000000000002096
12,-76.25,0.14490000000000000102,0.14490000000000000102
13,-76.25,0.083799999999999999489,0.083799999999999999489
14,-76.25,0.13370000000000001328,0.13370000000000001328
15,-76.25,0.23360000000000000209,0.23360000000000000209
16,-76.25,0.22850000000000000866,0.22850000000000000866
17,-76.25,0.41029999999999999805,0.41029999999999999805
18,-76.25,0.94699999999999995293,0.94699999999999995293
19,-76.25,0.48720000000000002194,0.48720000000000002194
20,-76.25,0.17180000000000000826,0.17180000000000000826
21,-76.25,0.37280000000000002025,0.37280000000000002025
22,-76.25,0.81420000000000003482,0.81420000000000003482
23,-76.25,0.91379999999999994564,0.91379999999999994564
24,-76.25,0.77190000000000003055,0.77190000000000003055
25,-76.25,0.58030000000000003801,0.58030000000000003801
26,-76.25,0.23699999999999998845,0.23699999999999998845
27,-76.25,0.058099999999999998868,0.058099999999999998868
28,-76.25,0.012900000000000000008,0.012900000000000000008
29,-76.25,0.0074999999999999997224,0.0074999999999999997224
30,-76.25,0.023199999999999998401,0.023199999999999998401
31,-76.25,0.064600000000000004641,0.064600000000000004641
32,-76.25,0.22029999999999999583,0.22029999999999999583
33,-76.25,0.14089999999999999747,0.14089999999999999747
34,-76.25,0.015599999999999999284,0.015599999999999999284
35,-76.25,0.0068999999999999998834,0.0068999999999999998834
36,-76.25,0.025100000000000000783,0.025100000000000000783
37,-76.25,0.024400000000000001549,0.024400000000000001549
38,-76.25,0.068000000000000004885,0.068000000000000004885
39,-76.25,0.28010000000000001563,0.28010000000000001563
40,-76.25,0.85629999999999995008,0.85629999999999995008
41,-76.25,0.45010000000000000009,0.45010000000000000009
42,-76.25,0.10249999999999999389,0.10249999999999999389
43,-76.25,0.013899999999999999162,0.013899999999999999162
44,-76.25,0.064399999999999998912,0.064399999999999998912
45,-76.25,0.18010000000000001008,0.18010000000000001008
46,-76.25,0.51119999999999998774,0.51119999999999998774
47,-76.25,0.60229999999999994653,0.60229999999999994653
48,-76.25,0.45760000000000000675,0.45760000000000000675
49,-76.25,0.14169999999999999263,0.14169999999999999263
50,-76.25,0.12089999999999999358,0.12089999999999999358
51,-76.25,0.24010000000000000786,0.24010000000000000786
52,-76.25,0.46770000000000000462,0.46770000000000000462
53,-76.25,0.99070000000000002505,0.99070000000000002505
54,-76.25,0.68289999999999995151,0.68289999999999995151
55,-76.25,0.44169999999999998153,0.44169999999999998153
56,-76.25,0.48159999999999997256,0.48159999999999997256
57,-76.25,0.62250000000000005329,0.62250000000000005329
58,-76.25,0.33300000000000001821,0.33300000000000001821
59,-76.25,0.55410000000000003695,0.55410000000000003695
60,-76.25,0.55400000000000004796,0.55400000000000004796
61,-76.25,0.61929999999999996163,0.61929999999999996163
62,-76.25,0.76019999999999998685,0.76019999999999998685
63,-76.25,0.2902000000000000135,0.2902000000000000135
64,-76.25,0.8143000000000000238,0.8143000000000000238
65,-76.25,0.99239999999999994884,0.99239999999999994884
66,-76.25,0.76910000000000000586,0.76910000000000000586
67,-76.25,0.66259999999999996678,0.66259999999999996678
68,-76.25,0.71740000000000003766,0.71740000000000003766
69,-76.25,0.92720000000000002416,0.92720000000000002416
70,-76.25,0.99509999999999998455,0.99509999999999998455
-69,-75,0.57179999999999997495,0.57179999999999997495
-68,-75,0.9659999999999999698,0.9659999999999999698
-67,-75,0.93649999999999999911,0.93649999999999999911
-66,-75,0.63419999999999998597,0.63419999999999998597
-65,-75,0.64149999999999995914,0.64149999999999995914
-64,-75,0.84879999999999999893,0.84879999999999999893
-63,-75,0.81420000000000003482,0.81420000000000003482
-62,-75,0.48670000000000002149,0.48670000000000002149
-61,-75,0.5615999999999999881,0.5615999999999999881
-60,-75,0.25,0.25
-59,-75,0.23039999999999999369,0.23039999999999999369
-58,-75,0.4304000000000000048,0.4304000000000000048
-57,-75,0.81530000000000002469,0.81530000000000002469
-56,-75,0.38240000000000001767,0.38240000000000001767
-55,-75,0.56889999999999996128,0.56889999999999996128
-54,-75,0.28649999999999997691,0.28649999999999997691
-53,-75,0.15509999999999998788,0.15509999999999998788
-52,-75,0.15070000000000000062,0.15070000000000000062
-51,-75,0.13630000000000000449,0.13630000000000000449
-50,-75,0.12570000000000000617,0.12570000000000000617
-49,-75,0.083099999999999993316,0.083099999999999993316
-48,-75,0.071499999999999994116,0.071499999999999994116
-47,-75,0.063100000000000003308,0.063100000000000003308
-46,-75,0.05689999999999999919,0.05689999999999999919
-45,-75,0.059900000000000001854,0.059900000000000001854
-44,-75,0.078600000000000003197,0.078600000000000003197
-43,-75,0.085199999999999997957,0.085199999999999997957
-42,-75,0.1237000000000000044,0.1237000000000000044
-41,-75,0.17019999999999999019,0.17019999999999999019
-40,-75,0.2406000000000000083,0.2406000000000000083
-39,-75,0.33710000000000001075,0.33710000000000001075
-38,-75,0.6088999999999999968,0.6088999999999999968
-37,-75,0.76900000000000001688,0.76900000000000001688
-36,-75,0.71220000000000005524,0.71220000000000005524
-35,-75,0.63290000000000001812,0.63290000000000001812
-34,-75,0.6875,0.6875
-33,-75,0.64100000000000001421,0.64100000000000001421
-32,-75,0.55789999999999995151,0.55789999999999995151
-31,-75,0.4938000000000000167,0.4938000000000000167
-30,-75,0.39439999999999997282,0.39439999999999997282
-29,-75,0.33500000000000001998,0.33500000000000001998
-28,-75,0.42709999999999997966,0.42709999999999997966
-27,-75,0.33810000000000001164,0.33810000000000001164
-26,-75,0.24110000000000000875,0.24110000000000000875
-25,-75,0.085199999999999997957,0.085199999999999997957
-24,-75,0.052999999999999998501,0.052999999999999998501
-23,-75,0.078500000000000000333,0.078500000000000000333
-22,-75,0.14660000000000000808,0.14660000000000000808
-21,-75,0.50660000000000005027,0.50660000000000005027
-20,-75,0.25480000000000002647,0.25480000000000002647
-19,-75,0.16039999999999998703,0.16039999999999998703
-18,-75,0.5606999999999999762,0.5606999999999999762
-17,-75,0.77119999999999999662,0.77119999999999999662
-16,-75,0.83809999999999995612,0.83809999999999995612
-15,-75,0.11690000000000000391,0.11690000000000000391
-14,-75,0.2200999999999999901,0.2200999999999999901
-13,-75,0.71919999999999995044,0.71919999999999995044
-12,-75,0.43980000000000002425,0.43980000000000002425
-11,-75,0.71399999999999996803,0.71399999999999996803
-10,-75,0.48489999999999999769,0.48489999999999999769
-9,-75,0.95240000000000002434,0.95240000000000002434
-8,-75,0.41229999999999999982,0.41229999999999999982
-7,-75,0.39240000000000002656,0.39240000000000002656
-6,-75,0.65820000000000000728,0.65820000000000000728
-5,-75,0.6259000000000000119,0.6259000000000000119
-4,-75,0.66990000000000005098,0.66990000000000005098
-3,-75,0.46300000000000002265,0.46300000000000002265
-2,-75,0.7741000000000000103,0.7741000000000000103
-1,-75,0.97179999999999999716,0.97179999999999999716
0,-75,0.94510000000000005116,0.94510000000000005116
1,-75,0.71640000000000003677,0.71640000000000003677
2,-75,0.22839999999999999192,0.22839999999999999192
3,-75,0.0086000000000000000056,0.0086000000000000000056
4,-75,0.028799999999999999212,0.028799999999999999212
5,-75,0.016500000000000000777,0.016500000000000000777
6,-75,0.049599999999999998257,0.049599999999999998257
7,-75,0.088099999999999997757,0.088099999999999997757
8,-75,0.098100000000000006639,0.098100000000000006639
9,-75,0.10520000000000000184,0.10520000000000000184
10,-75,0.15099999999999999534,0.15099999999999999534
11,-75,0.3063000000000000167,0.3063000000000000167
12,-75,0.12600000000000000089,0.12600000000000000089
13,-75,0.058000000000000002942,0.058000000000000002942
14,-75,0.11849999999999999423,0.11849999999999999423
15,-75,0.19959999999999999964,0.19959999999999999964
16,-75,0.20160000000000000142,0.20160000000000000142
17,-75,0.30420000000000002593,0.30420000000000002593
18,-75,0.51280000000000003357,0.51280000000000003357
19,-75,0.85280000000000000249,0.85280000000000000249
20,-75,0.37480000000000002203,0.37480000000000002203
21,-75,0.4616000000000000103,0.4616000000000000103
22,-75,0.64239999999999997105,0.64239999999999997105
23,-75,0.68610000000000004317,0.68610000000000004317
24,-75,0.55510000000000003784,0.55510000000000003784
25,-75,0.38309999999999999609,0.38309999999999999609
26,-75,0.33439999999999997504,0.33439999999999997504
27,-75,0.20469999999999999307,0.20469999999999999307
28,-75,0.080600000000000004974,0.080600000000000004974
29,-75,0.022399999999999999772,0.022399999999999999772
30,-75,0.042700000000000001843,0.042700000000000001843
31,-75,0.075200000000000002953,0.075200000000000002953
32,-75,0.12939999999999998725,0.12939999999999998725
33,-75,0.19170000000000000928,0.19170000000000000928
34,-75,0.13239999999999998992,0.13239999999999998992
35,-75,0.091399999999999995137,0.091399999999999995137
36,-75,0.088599999999999998201,0.088599999999999998201
37,-75,0.064000000000000001332,0.064000000000000001332
38,-75,0.05650000000000000161,0.05650000000000000161
39,-75,0.12239999999999999492,0.12239999999999999492
40,-75,0.80820000000000002949,0.80820000000000002949
41,-75,0.61040000000000005365,0.61040000000000005365
42,-75,0.2152000000000000024,0.2152000000000000024
43,-75,0.052699999999999996847,0.052699999999999996847
44,-75,0.018800000000000000738,0.018800000000000000738
45,-75,0.12139999999999999403,0.12139999999999999403
46,-75,0.51590000000000002522,0.51590000000000002522
47,-75,0.30780000000000001803,0.30780000000000001803
48,-75,0.28599999999999997646,0.28599999999999997646
49,-75,0.10989999999999999769,0.10989999999999999769
50,-75,0.14630000000000001337,0.14630000000000001337
51,-75,0.36530000000000001359,0.36530000000000001359
52,-75,0.79239999999999999325,0.79239999999999999325
53,-75,0.98689999999999999947,0.98689999999999999947
54,-75,0.7608000000000000318,0.7608000000000000318
55,-75,0.50390000000000001457,0.50390000000000001457
56,-75,0.48020000000000001572,0.48020000000000001572
57,-75,0.63339999999999996305,0.63339999999999996305
58,-75,0.7741000000000000103,0.7741000000000000103
59,-75,0.47630000000000000115,0.47630000000000000115
60,-75,0.42349999999999998757,0.42349999999999998757
61,-75,0.58709999999999995524,0.58709999999999995524
62,-75,0.76929999999999998384,0.76929999999999998384
63,-75,0.25230000000000002425,0.25230000000000002425
64,-75,0.71220000000000005524,0.71220000000000005524
65,-75,0.96660000000000001474,0.96660000000000001474
66,-75,0.85909999999999997478,0.85909999999999997478
67,-75,0.68449999999999999734,0.68449999999999999734
68,-75,0.73629999999999995453,0.73629999999999995453
69,-75,0.95040000000000002256,0.95040000000000002256
70,-75,0.99670000000000003038,0.99670000000000003038
-69,-73.75,0.46839999999999998304,0.46839999999999998304
-68,-73.75,0.93720000000000003304,0.93720000000000003304
-67,-73.75,0.91200000000000003286,0.91200000000000003286
-66,-73.75,0.63590000000000002078,0.63590000000000002078
-65,-73.75,0.62290000000000000924,0.62290000000000000924
-64,-73.75,0.90800000000000002931,0.90800000000000002931
-63,-73.75,0.77149999999999996358,0.77149999999999996358
-62,-73.75,0.64059999999999994724,0.64059999999999994724
-61,-73.75,0.74080000000000001403,0.74080000000000001403
-60,-73.75,0.45250000000000001332,0.45250000000000001332
-59,-73.75,0.3420000000000000262,0.3420000000000000262
-58,-73.75,0.5340000000000000302,0.5340000000000000302
-57,-73.75,0.74329999999999996074,0.74329999999999996074
-56,-73.75,0.45229999999999997984,0.45229999999999997984
-55,-73.75,0.59809999999999996501,0.59809999999999996501
-54,-73.75,0.38829999999999997851,0.38829999999999997851
-53,-73.75,0.2429000000000000048,0.2429000000000000048
-52,-73.75,0.21879999999999999449,0.21879999999999999449
-51,-73.75,0.21950000000000000067,0.21950000000000000067
-50,-73.75,0.13250000000000000666,0.13250000000000000666
-49,-73.75,0.10280000000000000249,0.10280000000000000249
-48,-73.75,0.10100000000000000644,0.10100000000000000644
-47,-73.75,0.10720000000000000362,0.10720000000000000362
-46,-73.75,0.094600000000000003531,0.094600000000000003531
-45,-73.75,0.09829999999999999849,0.09829999999999999849
-44,-73.75,0.11519999999999999685,0.11519999999999999685
-43,-73.75,0.12640000000000001235,0.12640000000000001235
-42,-73.75,0.14530000000000001248,0.14530000000000001248
-41,-73.75,0.19009999999999999121,0.19009999999999999121
-40,-73.75,0.27189999999999997504,0.27189999999999997504
-39,-73.75,0.31490000000000001323,0.31490000000000001323
-38,-73.75,0.54979999999999995541,0.54979999999999995541
-37,-73.75,0.51939999999999997282,0.51939999999999997282
-36,-73.75,0.69169999999999998153,0.69169999999999998153
-35,-73.75,0.60580000000000000515,0.60580000000000000515
-34,-73.75,0.64670000000000005258,0.64670000000000005258
-33,-73.75,0.83899999999999996803,0.83899999999999996803
-32,-73.75,0.85150000000000003464,0.85150000000000003464
-31,-73.75,0.64210000000000000409,0.64210000000000000409
-30,-73.75,0.38200000000000000622,0.38200000000000000622
-29,-73.75,0.39100000000000001421,0.39100000000000001421
-28,-73.75,0.39450000000000001732,0.39450000000000001732
-27,-73.75,0.32519999999999998908,0.32519999999999998908
-26,-73.75,0.22479999999999999982,0.22479999999999999982
-25,-73.75,0.20119999999999998996,0.20119999999999998996
-24,-73.75,0.15129999999999999005,0.15129999999999999005
-23,-73.75,0.084699999999999997513,0.084699999999999997513
-22,-73.75,0.11749999999999999334,0.11749999999999999334
-21,-73.75,0.089800000000000004818,0.089800000000000004818
-20,-73.75,0.31979999999999997318,0.31979999999999997318
-19,-73.75,0.29749999999999998668,0.29749999999999998668
-18,-73.75,0.46949999999999997291,0.46949999999999997291
-17,-73.75,0.45140000000000002345,0.45140000000000002345
-16,-73.75,0.14829999999999998739,0.14829999999999998739
-15,-73.75,0.067400000000000001577,0.067400000000000001577
-14,-73.75,0.14810000000000000941,0.14810000000000000941
-13,-73.75,0.58689999999999997726,0.58689999999999997726
-12,-73.75,0.84299999999999997158,0.84299999999999997158
-11,-73.75,0.79569999999999996287,0.79569999999999996287
-10,-73.75,0.25,0.25
-9,-73.75,0.047399999999999997691,0.047399999999999997691
-8,-73.75,0.041399999999999999301,0.041399999999999999301
-7,-73.75,0.10589999999999999414,0.10589999999999999414
-6,-73.75,0.44280000000000002691,0.44280000000000002691
-5,-73.75,0.8474000000000000421,0.8474000000000000421
-4,-73.75,0.88090000000000001634,0.88090000000000001634
-3,-73.75,0.89329999999999998295,0.89329999999999998295
-2,-73.75,0.9260000000000000453,0.9260000000000000453
-1,-73.75,0.90649999999999997247,0.90649999999999997247
0,-73.75,0.85719999999999996199,0.85719999999999996199
1,-73.75,0.38650000000000001021,0.38650000000000001021
2,-73.75,0.10689999999999999503,0.10689999999999999503
3,-73.75,0.0088999999999999999251,0.0088999999999999999251
4,-73.75,0.0099000000000000008132,0.0099000000000000008132
5,-73.75,0.003299999999999999982,0.003299999999999999982
6,-73.75,0.029499999999999998446,0.029499999999999998446
7,-73.75,0.11000000000000000056,0.11000000000000000056
8,-73.75,0.0012999999999999999403,0.0012999999999999999403
9,-73.75,0.022900000000000000216,0.022900000000000000216
10,-73.75,0.019199999999999998318,0.019199999999999998318
11,-73.75,0.05050000000000000322,0.05050000000000000322
12,-73.75,0.085800000000000001266,0.085800000000000001266
13,-73.75,0.05920000000000000262,0.05920000000000000262
14,-73.75,0.096100000000000004863,0.096100000000000004863
15,-73.75,0.18029999999999998805,0.18029999999999998805
16,-73.75,0.22209999999999999187,0.22209999999999999187
17,-73.75,0.24349999999999999423,0.24349999999999999423
18,-73.75,0.51959999999999995079,0.51959999999999995079
19,-73.75,0.69389999999999996128,0.69389999999999996128
20,-73.75,0.67120000000000001883,0.67120000000000001883
21,-73.75,0.54779999999999995364,0.54779999999999995364
22,-73.75,0.52559999999999995612,0.52559999999999995612
23,-73.75,0.23610000000000000431,0.23610000000000000431
24,-73.75,0.23319999999999999063,0.23319999999999999063
25,-73.75,0.31149999999999999911,0.31149999999999999911
26,-73.75,0.29010000000000002451,0.29010000000000002451
27,-73.75,0.11310000000000000608,0.11310000000000000608
28,-73.75,0.10009999999999999454,0.10009999999999999454
29,-73.75,0.058900000000000000966,0.058900000000000000966
30,-73.75,0.040399999999999998412,0.040399999999999998412
31,-73.75,0.057099999999999997979,0.057099999999999997979
32,-73.75,0.12360000000000000153,0.12360000000000000153
33,-73.75,0.19859999999999999876,0.19859999999999999876
34,-73.75,0.10910000000000000253,0.10910000000000000253
35,-73.75,0.16609999999999999765,0.16609999999999999765
36,-73.75,0.38879999999999997895,0.38879999999999997895
37,-73.75,0.27219999999999999751,0.27219999999999999751
38,-73.75,0.08069999999999999396,0.08069999999999999396
39,-73.75,0.14449999999999998956,0.14449999999999998956
40,-73.75,0.61939999999999995062,0.61939999999999995062
41,-73.75,0.50460000000000004849,0.50460000000000004849
42,-73.75,0.56559999999999999165,0.56559999999999999165
43,-73.75,0.11819999999999999951,0.11819999999999999951
44,-73.75,0.028299999999999998768,0.028299999999999998768
45,-73.75,0.10639999999999999458,0.10639999999999999458
46,-73.75,0.30599999999999999423,0.30599999999999999423
47,-73.75,0.19889999999999999347,0.19889999999999999347
48,-73.75,0.13969999999999999085,0.13969999999999999085
49,-73.75,0.040199999999999999623,0.040199999999999999623
50,-73.75,0.094000000000000000222,0.094000000000000000222
51,-73.75,0.47789999999999999147,0.47789999999999999147
52,-73.75,0.92090000000000005187,0.92090000000000005187
53,-73.75,0.92430000000000001048,0.92430000000000001048
54,-73.75,0.73060000000000002718,0.73060000000000002718
55,-73.75,0.6454999999999999627,0.6454999999999999627
56,-73.75,0.55469999999999997087,0.55469999999999997087
57,-73.75,0.60589999999999999414,0.60589999999999999414
58,-73.75,0.87309999999999998721,0.87309999999999998721
59,-73.75,0.60640000000000005009,0.60640000000000005009
60,-73.75,0.36189999999999999947,0.36189999999999999947
61,-73.75,0.53869999999999995666,0.53869999999999995666
62,-73.75,0.78559999999999996501,0.78559999999999996501
63,-73.75,0.42070000000000001839,0.42070000000000001839
64,-73.75,0.85570000000000001616,0.85570000000000001616
65,-73.75,0.96060000000000000941,0.96060000000000000941
66,-73.75,0.70899999999999996358,0.70899999999999996358
67,-73.75,0.72799999999999998046,0.72799999999999998046
68,-73.75,0.77129999999999998561,0.77129999999999998561
69,-73.75,0.97850000000000003642,0.97850000000000003642
70,-73.75,0.99790000000000000924,0.99790000000000000924
-69,-72.5,0.6760000000000000453,0.6760000000000000453
-68,-72.5,0.87860000000000004761,0.87860000000000004761
-67,-72.5,0.9347999999999999643,0.9347999999999999643
-66,-72.5,0.68249999999999999556,0.68249999999999999556
-65,-72.5,0.65310000000000001386,0.65310000000000001386
-64,-72.5,0.90520000000000000462,0.90520000000000000462
-63,-72.5,0.94620000000000004103,0.94620000000000004103
-62,-72.5,0.82740000000000002434,0.82740000000000002434
-61,-72.5,0.7400999999999999801,0.7400999999999999801
-60,-72.5,0.59140000000000003677,0.59140000000000003677
-59,-72.5,0.5052999999999999714,0.5052999999999999714
-58,-72.5,0.52510000000000001119,0.52510000000000001119
-57,-72.5,0.60729999999999995097,0.60729999999999995097
-56,-72.5,0.59699999999999997513,0.59699999999999997513
-55,-72.5,0.49809999999999998721,0.49809999999999998721
-54,-72.5,0.56369999999999997886,0.56369999999999997886
-53,-72.5,0.13120000000000001106,0.13120000000000001106
-52,-72.5,0.11519999999999999685,0.11519999999999999685
-51,-72.5,0.20990000000000000324,0.20990000000000000324
-50,-72.5,0.14640000000000000235,0.14640000000000000235
-49,-72.5,0.13370000000000001328,0.13370000000000001328
-48,-72.5,0.15440000000000000946,0.15440000000000000946
-47,-72.5,0.15890000000000001346,0.15890000000000001346
-46,-72.5,0.094200000000000005951,0.094200000000000005951
-45,-72.5,0.11440000000000000169,0.11440000000000000169
-44,-72.5,0.14799999999999999267,0.14799999999999999267
-43,-72.5,0.1317000000000000115,0.1317000000000000115
-42,-72.5,0.18210000000000001186,0.18210000000000001186
-41,-72.5,0.32259999999999999787,0.32259999999999999787
-40,-72.5,0.46579999999999999183,0.46579999999999999183
-39,-72.5,0.64890000000000003233,0.64890000000000003233
-38,-72.5,0.70169999999999999041,0.70169999999999999041
-37,-72.5,0.77170000000000005258,0.77170000000000005258
-36,-72.5,0.77180000000000004157,0.77180000000000004157
-35,-72.5,0.8722999999999999643,0.8722999999999999643
-34,-72.5,0.97529999999999994476,0.97529999999999994476
-33,-72.5,0.63849999999999995648,0.63849999999999995648
-32,-72.5,0.39710000000000000853,0.39710000000000000853
-31,-72.5,0.64100000000000001421,0.64100000000000001421
-30,-72.5,0.80340000000000000302,0.80340000000000000302
-29,-72.5,0.83240000000000002878,0.83240000000000002878
-28,-72.5,0.64770000000000005347,0.64770000000000005347
-27,-72.5,0.60329999999999994742,0.60329999999999994742
-26,-72.5,0.34010000000000001341,0.34010000000000001341
-25,-72.5,0.25509999999999999343,0.25509999999999999343
-24,-72.5,0.35420000000000001483,0.35420000000000001483
-23,-72.5,0.35230000000000000204,0.35230000000000000204
-22,-72.5,0.47810000000000002496,0.47810000000000002496
-21,-72.5,0.70509999999999994902,0.70509999999999994902
-20,-72.5,0.60950000000000004174,0.60950000000000004174
-19,-72.5,0.29870000000000002105,0.29870000000000002105
-18,-72.5,0.71399999999999996803,0.71399999999999996803
-17,-72.5,0.66730000000000000426,0.66730000000000000426
-16,-72.5,0.21870000000000000551,0.21870000000000000551
-15,-72.5,0.016799999999999998962,0.016799999999999998962
-14,-72.5,0.42609999999999997877,0.42609999999999997877
-13,-72.5,0.9275999999999999801,0.9275999999999999801
-12,-72.5,0.68289999999999995151,0.68289999999999995151
-11,-72.5,0.41930000000000000604,0.41930000000000000604
-10,-72.5,0.03230000000000000232,0.03230000000000000232
-9,-72.5,0.014999999999999999445,0.014999999999999999445
-8,-72.5,0.065900000000000000244,0.065900000000000000244
-7,-72.5,0.28670000000000001039,0.28670000000000001039
-6,-72.5,0.65239999999999997993,0.65239999999999997993
-5,-72.5,0.76060000000000005382,0.76060000000000005382
-4,-72.5,0.94289999999999996039,0.94289999999999996039
-3,-72.5,0.9795000000000000373,0.9795000000000000373
-2,-72.5,0.99809999999999998721,0.99809999999999998721
-1,-72.5,0.94640000000000001901,0.94640000000000001901
0,-72.5,0.8793999999999999595,0.8793999999999999595
1,-72.5,0.51119999999999998774,0.51119999999999998774
2,-72.5,0.17080000000000000737,0.17080000000000000737
3,-72.5,0.035499999999999996836,0.035499999999999996836
4,-72.5,0.036900000000000002243,0.036900000000000002243
5,-72.5,0.058500000000000003386,0.058500000000000003386
6,-72.5,0.19439999999999998948,0.19439999999999998948
7,-72.5,0.036799999999999999378,0.036799999999999999378
8,-72.5,0,0
9,-72.5,0.0061000000000000003872,0.0061000000000000003872
10,-72.5,0.10009999999999999454,0.10009999999999999454
11,-72.5,0.064000000000000001332,0.064000000000000001332
12,-72.5,0.088200000000000000622,0.088200000000000000622
13,-72.5,0.060699999999999997014,0.060699999999999997014
14,-72.5,0.081699999999999994849,0.081699999999999994849
15,-72.5,0.17519999999999999463,0.17519999999999999463
16,-72.5,0.30609999999999998321,0.30609999999999998321
17,-72.5,0.30530000000000001581,0.30530000000000001581
18,-72.5,0.33729999999999998872,0.33729999999999998872
19,-72.5,0.21709999999999998743,0.21709999999999998743
20,-72.5,0.72209999999999996412,0.72209999999999996412
21,-72.5,0.41549999999999998046,0.41549999999999998046
22,-72.5,0.37119999999999997442,0.37119999999999997442
23,-72.5,0.26910000000000000586,0.26910000000000000586
24,-72.5,0.20050000000000001155,0.20050000000000001155
25,-72.5,0.16280000000000000027,0.16280000000000000027
26,-72.5,0.17829999999999998628,0.17829999999999998628
27,-72.5,0.084800000000000000377,0.084800000000000000377
28,-72.5,0.020000000000000000416,0.020000000000000000416
29,-72.5,0.02709999999999999909,0.02709999999999999909
30,-72.5,0.081699999999999994849,0.081699999999999994849
31,-72.5,0.087499999999999994449,0.087499999999999994449
32,-72.5,0.1365999999999999992,0.1365999999999999992
33,-72.5,0.22559999999999999498,0.22559999999999999498
34,-72.5,0.16289999999999998925,0.16289999999999998925
35,-72.5,0.18809999999999998943,0.18809999999999998943
36,-72.5,0.45429999999999998161,0.45429999999999998161
37,-72.5,0.34699999999999997513,0.34699999999999997513
38,-72.5,0.2232000000000000095,0.2232000000000000095
39,-72.5,0.3634000000000000008,0.3634000000000000008
40,-72.5,0.29409999999999997256,0.29409999999999997256
41,-72.5,0.78369999999999995222,0.78369999999999995222
42,-72.5,0.57520000000000004459,0.57520000000000004459
43,-72.5,0.18440000000000000835,0.18440000000000000835
44,-72.5,0.045199999999999997125,0.045199999999999997125
45,-72.5,0.12850000000000000311,0.12850000000000000311
46,-72.5,0.29049999999999998046,0.29049999999999998046
47,-72.5,0.21690000000000000946,0.21690000000000000946
48,-72.5,0.051200000000000002454,0.051200000000000002454
49,-72.5,0.034400000000000000022,0.034400000000000000022
50,-72.5,0.056099999999999997091,0.056099999999999997091
51,-72.5,0.63300000000000000711,0.63300000000000000711
52,-72.5,0.93759999999999998899,0.93759999999999998899
53,-72.5,0.86670000000000002593,0.86670000000000002593
54,-72.5,0.7088999999999999746,0.7088999999999999746
55,-72.5,0.60140000000000004565,0.60140000000000004565
56,-72.5,0.47039999999999998481,0.47039999999999998481
57,-72.5,0.45160000000000000142,0.45160000000000000142
58,-72.5,0.74960000000000004405,0.74960000000000004405
59,-72.5,0.9170000000000000373,0.9170000000000000373
60,-72.5,0.64939999999999997726,0.64939999999999997726
61,-72.5,0.64439999999999997282,0.64439999999999997282
62,-72.5,0.75829999999999997407,0.75829999999999997407
63,-72.5,0.69120000000000003659,0.69120000000000003659
64,-72.5,0.69769999999999998685,0.69769999999999998685
65,-72.5,0.97709999999999996856,0.97709999999999996856
66,-72.5,0.72019999999999995133,0.72019999999999995133
67,-72.5,0.72689999999999999059,0.72689999999999999059
68,-72.5,0.85340000000000004743,0.85340000000000004743
69,-72.5,0.9786000000000000254,0.9786000000000000254
70,-72.5,0.98619999999999996554,0.98619999999999996554
-69,-71.25,0.9331000000000000405,0.9331000000000000405
-68,-71.25,0.80469999999999997087,0.80469999999999997087
-67,-71.25,0.98050000000000003819,0.98050000000000003819
-66,-71.25,0.76490000000000002434,0.76490000000000002434
-65,-71.25,0.77190000000000003055,0.77190000000000003055
-64,-71.25,0.79030000000000000249,0.79030000000000000249
-63,-71.25,0.87880000000000002558,0.87880000000000002558
-62,-71.25,0.74670000000000003038,0.74670000000000003038
-61,-71.25,0.59060000000000001386,0.59060000000000001386
-60,-71.25,0.68089999999999994973,0.68089999999999994973
-59,-71.25,0.60109999999999996767,0.60109999999999996767
-58,-71.25,0.36459999999999997966,0.36459999999999997966
-57,-71.25,0.50190000000000001279,0.50190000000000001279
-56,-71.25,0.52529999999999998916,0.52529999999999998916
-55,-71.25,0.49140000000000000346,0.49140000000000000346
-54,-71.25,0.28610000000000002096,0.28610000000000002096
-53,-71.25,0.045900000000000003297,0.045900000000000003297
-52,-71.25,0.056800000000000003264,0.056800000000000003264
-51,-71.25,0.13689999999999999392,0.13689999999999999392
-50,-71.25,0.11580000000000000016,0.11580000000000000016
-49,-71.25,0.31380000000000002336,0.31380000000000002336
-48,-71.25,0.27100000000000001865,0.27100000000000001865
-47,-71.25,0.25430000000000002602,0.25430000000000002602
-46,-71.25,0.12750000000000000222,0.12750000000000000222
-45,-71.25,0.17960000000000000964,0.17960000000000000964
-44,-71.25,0.3849000000000000199,0.3849000000000000199
-43,-71.25,0.58970000000000000195,0.58970000000000000195
-42,-71.25,0.60929999999999995275,0.60929999999999995275
-41,-71.25,0.7385000000000000453,0.7385000000000000453
-40,-71.25,0.68410000000000004139,0.68410000000000004139
-39,-71.25,0.73909999999999997922,0.73909999999999997922
-38,-71.25,0.7651999999999999913,0.7651999999999999913
-37,-71.25,0.91710000000000002629,0.91710000000000002629
-36,-71.25,0.9876000000000000334,0.9876000000000000334
-35,-71.25,0.9099000000000000421,0.9099000000000000421
-34,-71.25,0.61690000000000000391,0.61690000000000000391
-33,-71.25,0.70289999999999996927,0.70289999999999996927
-32,-71.25,0.68340000000000000746,0.68340000000000000746
-31,-71.25,0.36699999999999999289,0.36699999999999999289
-30,-71.25,0.21879999999999999449,0.21879999999999999449
-29,-71.25,0.33779999999999998916,0.33779999999999998916
-28,-71.25,0.51819999999999999396,0.51819999999999999396
-27,-71.25,0.75409999999999999254,0.75409999999999999254
-26,-71.25,0.88949999999999995737,0.88949999999999995737
-25,-71.25,0.79700000000000004174,0.79700000000000004174
-24,-71.25,0.79069999999999995843,0.79069999999999995843
-23,-71.25,0.72160000000000001918,0.72160000000000001918
-22,-71.25,0.7385000000000000453,0.7385000000000000453
-21,-71.25,0.97650000000000003464,0.97650000000000003464
-20,-71.25,0.40379999999999999227,0.40379999999999999227
-19,-71.25,0.98650000000000004352,0.98650000000000004352
-18,-71.25,0.54120000000000001439,0.54120000000000001439
-17,-71.25,0.32019999999999998463,0.32019999999999998463
-16,-71.25,0.26960000000000000631,0.26960000000000000631
-15,-71.25,0.1655999999999999972,0.1655999999999999972
-14,-71.25,0.73790000000000000036,0.73790000000000000036
-13,-71.25,0.29049999999999998046,0.29049999999999998046
-12,-71.25,0.2954999999999999849,0.2954999999999999849
-11,-71.25,0.29749999999999998668,0.29749999999999998668
-10,-71.25,0.10970000000000000584,0.10970000000000000584
-9,-71.25,0.14449999999999998956,0.14449999999999998956
-8,-71.25,0.16839999999999999414,0.16839999999999999414
-7,-71.25,0.30080000000000001181,0.30080000000000001181
-6,-71.25,0.6447000000000000508,0.6447000000000000508
-5,-71.25,0.27739999999999997993,0.27739999999999997993
-4,-71.25,0.11290000000000000036,0.11290000000000000036
-3,-71.25,0.5349000000000000421,0.5349000000000000421
-2,-71.25,0.98180000000000000604,0.98180000000000000604
-1,-71.25,0.9133999999999999897,0.9133999999999999897
0,-71.25,0.9653000000000000469,0.9653000000000000469
1,-71.25,0.83799999999999996714,0.83799999999999996714
2,-71.25,0.33920000000000000151,0.33920000000000000151
3,-71.25,0.045900000000000003297,0.045900000000000003297
4,-71.25,0.027599999999999999534,0.027599999999999999534
5,-71.25,0.25390000000000001457,0.25390000000000001457
6,-71.25,0.33519999999999999796,0.33519999999999999796
7,-71.25,0.18459999999999998632,0.18459999999999998632
8,-71.25,0.013599999999999999242,0.013599999999999999242
9,-71.25,0.017299999999999999406,0.017299999999999999406
10,-71.25,0.0384999999999999995,0.0384999999999999995
11,-71.25,0.0326999999999999999,0.0326999999999999999
12,-71.25,0.059299999999999998546,0.059299999999999998546
13,-71.25,0.039500000000000000389,0.039500000000000000389
14,-71.25,0.077100000000000001865,0.077100000000000001865
15,-71.25,0.14319999999999999396,0.14319999999999999396
16,-71.25,0.31400000000000000133,0.31400000000000000133
17,-71.25,0.45679999999999998384,0.45679999999999998384
18,-71.25,0.4410999999999999921,0.4410999999999999921
19,-71.25,0.10899999999999999967,0.10899999999999999967
20,-71.25,0.7097999999999999865,0.7097999999999999865
21,-71.25,0.47660000000000002363,0.47660000000000002363
22,-71.25,0.37700000000000000178,0.37700000000000000178
23,-71.25,0.27739999999999997993,0.27739999999999997993
24,-71.25,0.14069999999999999174,0.14069999999999999174
25,-71.25,0.12659999999999999032,0.12659999999999999032
26,-71.25,0.094500000000000000666,0.094500000000000000666
27,-71.25,0.069900000000000003797,0.069900000000000003797
28,-71.25,0.012800000000000000613,0.012800000000000000613
29,-71.25,0.016799999999999998962,0.016799999999999998962
30,-71.25,0.1030999999999999972,0.1030999999999999972
31,-71.25,0.10000000000000000555,0.10000000000000000555
32,-71.25,0.12829999999999999738,0.12829999999999999738
33,-71.25,0.16229999999999999982,0.16229999999999999982
34,-71.25,0.14339999999999999969,0.14339999999999999969
35,-71.25,0.22919999999999998708,0.22919999999999998708
36,-71.25,0.52219999999999999751,0.52219999999999999751
37,-71.25,0.48110000000000002762,0.48110000000000002762
38,-71.25,0.36399999999999999023,0.36399999999999999023
39,-71.25,0.60429999999999994831,0.60429999999999994831
40,-71.25,0.74699999999999999734,0.74699999999999999734
41,-71.25,0.97819999999999995843,0.97819999999999995843
42,-71.25,0.64010000000000000231,0.64010000000000000231
43,-71.25,0.163000000000000006,0.163000000000000006
44,-71.25,0.10960000000000000298,0.10960000000000000298
45,-71.25,0.11619999999999999774,0.11619999999999999774
46,-71.25,0.17319999999999999285,0.17319999999999999285
47,-71.25,0.23089999999999999414,0.23089999999999999414
48,-71.25,0.10499999999999999611,0.10499999999999999611
49,-71.25,0.029299999999999999656,0.029299999999999999656
50,-71.25,0.028199999999999999373,0.028199999999999999373
51,-71.25,0.55179999999999995719,0.55179999999999995719
52,-71.25,0.92469999999999996643,0.92469999999999996643
53,-71.25,0.88759999999999994458,0.88759999999999994458
54,-71.25,0.65769999999999995133,0.65769999999999995133
55,-71.25,0.52010000000000000675,0.52010000000000000675
56,-71.25,0.35389999999999999236,0.35389999999999999236
57,-71.25,0.33950000000000002398,0.33950000000000002398
58,-71.25,0.58289999999999997371,0.58289999999999997371
59,-71.25,0.97109999999999996323,0.97109999999999996323
60,-71.25,0.89659999999999995257,0.89659999999999995257
61,-71.25,0.73470000000000001972,0.73470000000000001972
62,-71.25,0.57079999999999997407,0.57079999999999997407
63,-71.25,0.35920000000000001927,0.35920000000000001927
64,-71.25,0.31559999999999999165,0.31559999999999999165
65,-71.25,0.86990000000000000657,0.86990000000000000657
66,-71.25,0.85050000000000003375,0.85050000000000003375
67,-71.25,0.80330000000000001403,0.80330000000000001403
68,-71.25,0.79159999999999997033,0.79159999999999997033
69,-71.25,0.91890000000000005009,0.91890000000000005009
70,-71.25,0.99209999999999998188,0.99209999999999998188
-69,-70,0.92520000000000002238,0.92520000000000002238
-68,-70,0.38619999999999998774,0.38619999999999998774
-67,-70,0.96289999999999997815,0.96289999999999997815
-66,-70,0.90080000000000004512,0.90080000000000004512
-65,-70,0.78339999999999998526,0.78339999999999998526
-64,-70,0.66210000000000002185,0.66210000000000002185
-63,-70,0.83970000000000000195,0.83970000000000000195
-62,-70,0.68969999999999997975,0.68969999999999997975
-61,-70,0.57450000000000001066,0.57450000000000001066
-60,-70,0.66979999999999995097,0.66979999999999995097
-59,-70,0.26679999999999998161,0.26679999999999998161
-58,-70,0.17890000000000000346,0.17890000000000000346
-57,-70,0.34579999999999999627,0.34579999999999999627
-56,-70,0.34699999999999997513,0.34699999999999997513
-55,-70,0.56530000000000002469,0.56530000000000002469
-54,-70,0.12559999999999998943,0.12559999999999998943
-53,-70,0.033300000000000003209,0.033300000000000003209
-52,-70,0.052299999999999999267,0.052299999999999999267
-51,-70,0.14990000000000000546,0.14990000000000000546
-50,-70,0.22759999999999999676,0.22759999999999999676
-49,-70,0.60919999999999996376,0.60919999999999996376
-48,-70,0.41680000000000000382,0.41680000000000000382
-47,-70,0.16730000000000000426,0.16730000000000000426
-46,-70,0.091999999999999998446,0.091999999999999998446
-45,-70,0.23890000000000000124,0.23890000000000000124
-44,-70,0.62749999999999994671,0.62749999999999994671
-43,-70,0.54269999999999996021,0.54269999999999996021
-42,-70,0.67130000000000000782,0.67130000000000000782
-41,-70,0.93489999999999995328,0.93489999999999995328
-40,-70,0.43249999999999999556,0.43249999999999999556
-39,-70,0.2999999999999999889,0.2999999999999999889
-38,-70,0.31750000000000000444,0.31750000000000000444
-37,-70,0.21549999999999999711,0.21549999999999999711
-36,-70,0.115000000000000005,0.115000000000000005
-35,-70,0.50070000000000003393,0.50070000000000003393
-34,-70,0.97419999999999995488,0.97419999999999995488
-33,-70,0.39660000000000000808,0.39660000000000000808
-32,-70,0.54559999999999997389,0.54559999999999997389
-31,-70,0.54190000000000004832,0.54190000000000004832
-30,-70,0.98980000000000001315,0.98980000000000001315
-29,-70,0.75880000000000003002,0.75880000000000003002
-28,-70,0.44890000000000002123,0.44890000000000002123
-27,-70,0.68510000000000004228,0.68510000000000004228
-26,-70,0.99280000000000001581,0.99280000000000001581
-25,-70,0.91039999999999998703,0.91039999999999998703
-24,-70,0.93940000000000001279,0.93940000000000001279
-23,-70,0.35320000000000001394,0.35320000000000001394
-22,-70,0.081600000000000005862,0.081600000000000005862
-21,-70,0.18979999999999999649,0.18979999999999999649
-20,-70,0.41820000000000001616,0.41820000000000001616
-19,-70,0.44169999999999998153,0.44169999999999998153
-18,-70,0.39719999999999999751,0.39719999999999999751
-17,-70,0.44280000000000002691,0.44280000000000002691
-16,-70,0.37269999999999997575,0.37269999999999997575
-15,-70,0.15349999999999999756,0.15349999999999999756
-14,-70,0.68300000000000005151,0.68300000000000005151
-13,-70,0.45679999999999998384,0.45679999999999998384
-12,-70,0.450900000000000023,0.450900000000000023
-11,-70,0.2597999999999999754,0.2597999999999999754
-10,-70,0.41580000000000000293,0.41580000000000000293
-9,-70,0.39489999999999997327,0.39489999999999997327
-8,-70,0.14919999999999999929,0.14919999999999999929
-7,-70,0.1307999999999999996,0.1307999999999999996
-6,-70,0.25219999999999997975,0.25219999999999997975
-5,-70,0.125,0.125
-4,-70,0.0092999999999999992395,0.0092999999999999992395
-3,-70,0.17310000000000000386,0.17310000000000000386
-2,-70,0.95740000000000002878,0.95740000000000002878
-1,-70,0.32869999999999999218,0.32869999999999999218
0,-70,0.58850000000000002309,0.58850000000000002309
1,-70,0.60460000000000002629,0.60460000000000002629
2,-70,0.64090000000000002522,0.64090000000000002522
3,-70,0.080799999999999996825,0.080799999999999996825
4,-70,0.030700000000000001593,0.030700000000000001593
5,-70,0.15149999999999999578,0.15149999999999999578
6,-70,0.43030000000000001581,0.43030000000000001581
7,-70,0.29539999999999999591,0.29539999999999999591
8,-70,0.24149999999999999245,0.24149999999999999245
9,-70,0.034099999999999998368,0.034099999999999998368
10,-70,0.0088000000000000005301,0.0088000000000000005301
11,-70,0.01170000000000000033,0.01170000000000000033
12,-70,0.028699999999999999817,0.028699999999999999817
13,-70,0.041200000000000000511,0.041200000000000000511
14,-70,0.068000000000000004885,0.068000000000000004885
15,-70,0.11229999999999999705,0.11229999999999999705
16,-70,0.20899999999999999134,0.20899999999999999134
17,-70,0.41810000000000002718,0.41810000000000002718
18,-70,0.63129999999999997229,0.63129999999999997229
19,-70,0.3849000000000000199,0.3849000000000000199
20,-70,0.69520000000000004015,0.69520000000000004015
21,-70,0.50229999999999996874,0.50229999999999996874
22,-70,0.59179999999999999272,0.59179999999999999272
23,-70,0.36580000000000001403,0.36580000000000001403
24,-70,0.14540000000000000147,0.14540000000000000147
25,-70,0.10209999999999999631,0.10209999999999999631
26,-70,0.063500000000000000888,0.063500000000000000888
27,-70,0.073400000000000006906,0.073400000000000006906
28,-70,0.021700000000000000538,0.021700000000000000538
29,-70,0.009599999999999999159,0.009599999999999999159
30,-70,0.034799999999999997602,0.034799999999999997602
31,-70,0.08840000000000000635,0.08840000000000000635
32,-70,0.12729999999999999649,0.12729999999999999649
33,-70,0.094799999999999995381,0.094799999999999995381
34,-70,0.21379999999999999005,0.21379999999999999005
35,-70,0.50800000000000000711,0.50800000000000000711
36,-70,0.48820000000000002283,0.48820000000000002283
37,-70,0.70820000000000005169,0.70820000000000005169
38,-70,0.90920000000000000817,0.90920000000000000817
39,-70,0.89049999999999995826,0.89049999999999995826
40,-70,0.90320000000000000284,0.90320000000000000284
41,-70,0.9483000000000000318,0.9483000000000000318
42,-70,0.69489999999999996216,0.69489999999999996216
43,-70,0.20719999999999999529,0.20719999999999999529
44,-70,0.15020000000000000018,0.15020000000000000018
45,-70,0.23699999999999998845,0.23699999999999998845
46,-70,0.20830000000000001292,0.20830000000000001292
47,-70,0.39510000000000000675,0.39510000000000000675
48,-70,0.094500000000000000666,0.094500000000000000666
49,-70,0.060499999999999998224,0.060499999999999998224
50,-70,0.05340000000000000302,0.05340000000000000302
51,-70,0.31500000000000000222,0.31500000000000000222
52,-70,0.65039999999999997815,0.65039999999999997815
53,-70,0.95109999999999994547,0.95109999999999994547
54,-70,0.58630000000000004334,0.58630000000000004334
55,-70,0.37369999999999997664,0.37369999999999997664
56,-70,0.21820000000000000506,0.21820000000000000506
57,-70,0.23999999999999999112,0.23999999999999999112
58,-70,0.40410000000000001474,0.40410000000000001474
59,-70,0.75470000000000003748,0.75470000000000003748
60,-70,0.9838999999999999968,0.9838999999999999968
61,-70,0.95250000000000001332,0.95250000000000001332
62,-70,0.62329999999999996518,0.62329999999999996518
63,-70,0.13889999999999999569,0.13889999999999999569
64,-70,0.18870000000000000662,0.18870000000000000662
65,-70,0.66900000000000003908,0.66900000000000003908
66,-70,0.70279999999999998028,0.70279999999999998028
67,-70,0.56169999999999997708,0.56169999999999997708
68,-70,0.69350000000000000533,0.69350000000000000533
69,-70,0.95179999999999997939,0.95179999999999997939
70,-70,0.86629999999999995897,0.86629999999999995897
-69,-68.75,0.49359999999999998321,0.49359999999999998321
-68,-68.75,0.3106999999999999762,0.3106999999999999762
-67,-68.75,0.9331000000000000405,0.9331000000000000405
-66,-68.75,0.98689999999999999947,0.98689999999999999947
-65,-68.75,0.75780000000000002913,0.75780000000000002913
-64,-68.75,0.65820000000000000728,0.65820000000000000728
-63,-68.75,0.77559999999999995612,0.77559999999999995612
-62,-68.75,0.66939999999999999503,0.66939999999999999503
-61,-68.75,0.59219999999999994866,0.59219999999999994866
-60,-68.75,0.65420000000000000373,0.65420000000000000373
-59,-68.75,0.11250000000000000278,0.11250000000000000278
-58,-68.75,0.087800000000000003042,0.087800000000000003042
-57,-68.75,0.23269999999999999019,0.23269999999999999019
-56,-68.75,0.42820000000000002505,0.42820000000000002505
-55,-68.75,0.22189999999999998614,0.22189999999999998614
-54,-68.75,0.020299999999999998601,0.020299999999999998601
-53,-68.75,0.010899999999999999967,0.010899999999999999967
-52,-68.75,0.062700000000000005729,0.062700000000000005729
-51,-68.75,0.23069999999999998841,0.23069999999999998841
-50,-68.75,0.44900000000000001021,0.44900000000000001021
-49,-68.75,0.67530000000000001137,0.67530000000000001137
-48,-68.75,0.424099999999999977,0.424099999999999977
-47,-68.75,0.16819999999999998841,0.16819999999999998841
-46,-68.75,0.11669999999999999818,0.11669999999999999818
-45,-68.75,0.15110000000000001208,0.15110000000000001208
-44,-68.75,0.18809999999999998943,0.18809999999999998943
-43,-68.75,0.29420000000000001705,0.29420000000000001705
-42,-68.75,0.76009999999999999787,0.76009999999999999787
-41,-68.75,0.37900000000000000355,0.37900000000000000355
-40,-68.75,0.18090000000000000524,0.18090000000000000524
-39,-68.75,0.2106999999999999984,0.2106999999999999984
-38,-68.75,0.20419999999999999263,0.20419999999999999263
-37,-68.75,0.050900000000000000799,0.050900000000000000799
-36,-68.75,0.044299999999999999101,0.044299999999999999101
-35,-68.75,0.029000000000000001471,0.029000000000000001471
-34,-68.75,0.022999999999999999611,0.022999999999999999611
-33,-68.75,0.024400000000000001549,0.024400000000000001549
-32,-68.75,0.024299999999999998684,0.024299999999999998684
-31,-68.75,0.079299999999999995492,0.079299999999999995492
-30,-68.75,0.49490000000000000657,0.49490000000000000657
-29,-68.75,0.85489999999999999325,0.85489999999999999325
-28,-68.75,0.52359999999999995435,0.52359999999999995435
-27,-68.75,0.30549999999999999378,0.30549999999999999378
-26,-68.75,0.18149999999999999467,0.18149999999999999467
-25,-68.75,0.23030000000000000471,0.23030000000000000471
-24,-68.75,0.30980000000000001981,0.30980000000000001981
-23,-68.75,0.0682999999999999996,0.0682999999999999996
-22,-68.75,0.070999999999999993672,0.070999999999999993672
-21,-68.75,0.36130000000000001004,0.36130000000000001004
-20,-68.75,0.55349999999999999201,0.55349999999999999201
-19,-68.75,0.61339999999999994529,0.61339999999999994529
-18,-68.75,0.77620000000000000107,0.77620000000000000107
-17,-68.75,0.52180000000000004157,0.52180000000000004157
-16,-68.75,0.3901999999999999913,0.3901999999999999913
-15,-68.75,0.24090000000000000302,0.24090000000000000302
-14,-68.75,0.42070000000000001839,0.42070000000000001839
-13,-68.75,0.39269999999999999352,0.39269999999999999352
-12,-68.75,0.18270000000000000129,0.18270000000000000129
-11,-68.75,0.34160000000000001474,0.34160000000000001474
-10,-68.75,0.42559999999999997833,0.42559999999999997833
-9,-68.75,0.34239999999999998215,0.34239999999999998215
-8,-68.75,0.16050000000000000377,0.16050000000000000377
-7,-68.75,0.26900000000000001688,0.26900000000000001688
-6,-68.75,0.14440000000000000058,0.14440000000000000058
-5,-68.75,0.13300000000000000711,0.13300000000000000711
-4,-68.75,0.87749999999999994671,0.87749999999999994671
-3,-68.75,0.95920000000000005258,0.95920000000000005258
-2,-68.75,0.74099999999999999201,0.74099999999999999201
-1,-68.75,0.57899999999999995914,0.57899999999999995914
0,-68.75,0.15750000000000000111,0.15750000000000000111
1,-68.75,0.01170000000000000033,0.01170000000000000033
2,-68.75,0.055699999999999999512,0.055699999999999999512
3,-68.75,0.15650000000000000022,0.15650000000000000022
4,-68.75,0.050000000000000002776,0.050000000000000002776
5,-68.75,0.042000000000000002609,0.042000000000000002609
6,-68.75,0.18229999999999998983,0.18229999999999998983
7,-68.75,0.33960000000000001297,0.33960000000000001297
8,-68.75,0.28579999999999999849,0.28579999999999999849
9,-68.75,0.15049999999999999489,0.15049999999999999489
10,-68.75,0.048599999999999997369,0.048599999999999997369
11,-68.75,0.068599999999999994316,0.068599999999999994316
12,-68.75,0.025999999999999998807,0.025999999999999998807
13,-68.75,0.039899999999999997968,0.039899999999999997968
14,-68.75,0.050000000000000002776,0.050000000000000002776
15,-68.75,0.085400000000000003686,0.085400000000000003686
16,-68.75,0.14010000000000000231,0.14010000000000000231
17,-68.75,0.29239999999999999325,0.29239999999999999325
18,-68.75,0.41260000000000002229,0.41260000000000002229
19,-68.75,0.41949999999999998401,0.41949999999999998401
20,-68.75,0.47699999999999997957,0.47699999999999997957
21,-68.75,0.61499999999999999112,0.61499999999999999112
22,-68.75,0.45919999999999999707,0.45919999999999999707
23,-68.75,0.24799999999999999822,0.24799999999999999822
24,-68.75,0.17969999999999999862,0.17969999999999999862
25,-68.75,0.10839999999999999636,0.10839999999999999636
26,-68.75,0.081799999999999997713,0.081799999999999997713
27,-68.75,0.13550000000000000933,0.13550000000000000933
28,-68.75,0.087199999999999999734,0.087199999999999999734
29,-68.75,0.046899999999999997247,0.046899999999999997247
30,-68.75,0.03889999999999999708,0.03889999999999999708
31,-68.75,0.063299999999999995159,0.063299999999999995159
32,-68.75,0.10130000000000000115,0.10130000000000000115
33,-68.75,0.099000000000000004663,0.099000000000000004663
34,-68.75,0.17269999999999999241,0.17269999999999999241
35,-68.75,0.54920000000000002149,0.54920000000000002149
36,-68.75,0.82250000000000000888,0.82250000000000000888
37,-68.75,0.88600000000000000977,0.88600000000000000977
38,-68.75,0.97050000000000002931,0.97050000000000002931
39,-68.75,0.41229999999999999982,0.41229999999999999982
40,-68.75,0.64749999999999996447,0.64749999999999996447
41,-68.75,0.71009999999999995346,0.71009999999999995346
42,-68.75,0.82779999999999998028,0.82779999999999998028
43,-68.75,0.32619999999999998996,0.32619999999999998996
44,-68.75,0.12109999999999999931,0.12109999999999999931
45,-68.75,0.23610000000000000431,0.23610000000000000431
46,-68.75,0.22570000000000001172,0.22570000000000001172
47,-68.75,0.38729999999999997762,0.38729999999999997762
48,-68.75,0.23469999999999999196,0.23469999999999999196
49,-68.75,0.096199999999999993849,0.096199999999999993849
50,-68.75,0.10000000000000000555,0.10000000000000000555
51,-68.75,0.13819999999999998952,0.13819999999999998952
52,-68.75,0.40160000000000001252,0.40160000000000001252
53,-68.75,0.91739999999999999325,0.91739999999999999325
54,-68.75,0.48489999999999999769,0.48489999999999999769
55,-68.75,0.22909999999999999809,0.22909999999999999809
56,-68.75,0.15920000000000000817,0.15920000000000000817
57,-68.75,0.16500000000000000777,0.16500000000000000777
58,-68.75,0.17489999999999999991,0.17489999999999999991
59,-68.75,0.49599999999999999645,0.49599999999999999645
60,-68.75,0.91410000000000002363,0.91410000000000002363
61,-68.75,0.99519999999999997353,0.99519999999999997353
62,-68.75,0.74319999999999997176,0.74319999999999997176
63,-68.75,0.46770000000000000462,0.46770000000000000462
64,-68.75,0.087700000000000000178,0.087700000000000000178
65,-68.75,0.31409999999999999032,0.31409999999999999032
66,-68.75,0.76290000000000002256,0.76290000000000002256
67,-68.75,0.482099999999999973,0.482099999999999973
68,-68.75,0.87450000000000005507,0.87450000000000005507
69,-68.75,0.94220000000000003748,0.94220000000000003748
70,-68.75,0.84770000000000000906,0.84770000000000000906
-69,-67.5,0.32219999999999998641,0.32219999999999998641
-68,-67.5,0.30620000000000002771,0.30620000000000002771
-67,-67.5,0.89090000000000002522,0.89090000000000002522
-66,-67.5,0.97560000000000002274,0.97560000000000002274
-65,-67.5,0.77429999999999998828,0.77429999999999998828
-64,-67.5,0.63319999999999998508,0.63319999999999998508
-63,-67.5,0.76000000000000000888,0.76000000000000000888
-62,-67.5,0.72750000000000003553,0.72750000000000003553
-61,-67.5,0.70069999999999998952,0.70069999999999998952
-60,-67.5,0.76590000000000002522,0.76590000000000002522
-59,-67.5,0.075499999999999997669,0.075499999999999997669
-58,-67.5,0.07489999999999999436,0.07489999999999999436
-57,-67.5,0.20869999999999999662,0.20869999999999999662
-56,-67.5,0.69540000000000001812,0.69540000000000001812
-55,-67.5,0.30249999999999999112,0.30249999999999999112
-54,-67.5,0.018800000000000000738,0.018800000000000000738
-53,-67.5,0.02069999999999999965,0.02069999999999999965
-52,-67.5,0.14619999999999999662,0.14619999999999999662
-51,-67.5,0.357099999999999973,0.357099999999999973
-50,-67.5,0.56450000000000000178,0.56450000000000000178
-49,-67.5,0.69579999999999997407,0.69579999999999997407
-48,-67.5,0.38050000000000000488,0.38050000000000000488
-47,-67.5,0.11000000000000000056,0.11000000000000000056
-46,-67.5,0.13130000000000000004,0.13130000000000000004
-45,-67.5,0.059700000000000003064,0.059700000000000003064
-44,-67.5,0.028600000000000000422,0.028600000000000000422
-43,-67.5,0.26440000000000002389,0.26440000000000002389
-42,-67.5,0.57640000000000002345,0.57640000000000002345
-41,-67.5,0.5034999999999999476,0.5034999999999999476
-40,-67.5,0.12410000000000000198,0.12410000000000000198
-39,-67.5,0.070699999999999998956,0.070699999999999998956
-38,-67.5,0.079600000000000004086,0.079600000000000004086
-37,-67.5,0.080899999999999999689,0.080899999999999999689
-36,-67.5,0.042000000000000002609,0.042000000000000002609
-35,-67.5,0.021899999999999999328,0.021899999999999999328
-34,-67.5,0.0027999999999999999716,0.0027999999999999999716
-33,-67.5,0.0054000000000000002859,0.0054000000000000002859
-32,-67.5,0.00899999999999999932,0.00899999999999999932
-31,-67.5,0.032199999999999999456,0.032199999999999999456
-30,-67.5,0.10870000000000000495,0.10870000000000000495
-29,-67.5,0.26360000000000000098,0.26360000000000000098
-28,-67.5,0.58350000000000001865,0.58350000000000001865
-27,-67.5,0.32259999999999999787,0.32259999999999999787
-26,-67.5,0.11150000000000000189,0.11150000000000000189
-25,-67.5,0.044200000000000003175,0.044200000000000003175
-24,-67.5,0.070800000000000001821,0.070800000000000001821
-23,-67.5,0.11169999999999999374,0.11169999999999999374
-22,-67.5,0.18470000000000000306,0.18470000000000000306
-21,-67.5,0.59050000000000002487,0.59050000000000002487
-20,-67.5,0.65059999999999995612,0.65059999999999995612
-19,-67.5,0.65490000000000003766,0.65490000000000003766
-18,-67.5,0.22220000000000000862,0.22220000000000000862
-17,-67.5,0.085699999999999998401,0.085699999999999998401
-16,-67.5,0.18599999999999999867,0.18599999999999999867
-15,-67.5,0.2058000000000000107,0.2058000000000000107
-14,-67.5,0.14569999999999999618,0.14569999999999999618
-13,-67.5,0.081400000000000000133,0.081400000000000000133
-12,-67.5,0.14549999999999999045,0.14549999999999999045
-11,-67.5,0.40460000000000001519,0.40460000000000001519
-10,-67.5,0.47749999999999998002,0.47749999999999998002
-9,-67.5,0.32119999999999998552,0.32119999999999998552
-8,-67.5,0.20690000000000000058,0.20690000000000000058
-7,-67.5,0.25640000000000001679,0.25640000000000001679
-6,-67.5,0.40589999999999998304,0.40589999999999998304
-5,-67.5,0.80479999999999995985,0.80479999999999995985
-4,-67.5,0.86770000000000002682,0.86770000000000002682
-3,-67.5,0.74980000000000002203,0.74980000000000002203
-2,-67.5,0.36299999999999998934,0.36299999999999998934
-1,-67.5,0.26900000000000001688,0.26900000000000001688
0,-67.5,0.017899999999999999245,0.017899999999999999245
1,-67.5,0,0
2,-67.5,0.0025999999999999998807,0.0025999999999999998807
3,-67.5,0.1192000000000000004,0.1192000000000000004
4,-67.5,0.077999999999999999889,0.077999999999999999889
5,-67.5,0.022200000000000000983,0.022200000000000000983
6,-67.5,0.22869999999999998663,0.22869999999999998663
7,-67.5,0.37240000000000000879,0.37240000000000000879
8,-67.5,0.16539999999999999147,0.16539999999999999147
9,-67.5,0.066799999999999998268,0.066799999999999998268
10,-67.5,0.03230000000000000232,0.03230000000000000232
11,-67.5,0.042200000000000001399,0.042200000000000001399
12,-67.5,0.024500000000000000944,0.024500000000000000944
13,-67.5,0.039600000000000003253,0.039600000000000003253
14,-67.5,0.054899999999999997413,0.054899999999999997413
15,-67.5,0.088200000000000000622,0.088200000000000000622
16,-67.5,0.1423999999999999988,0.1423999999999999988
17,-67.5,0.33139999999999997238,0.33139999999999997238
18,-67.5,0.45129999999999997895,0.45129999999999997895
19,-67.5,0.4268000000000000127,0.4268000000000000127
20,-67.5,0.35520000000000001572,0.35520000000000001572
21,-67.5,0.379500000000000004,0.379500000000000004
22,-67.5,0.4017999999999999905,0.4017999999999999905
23,-67.5,0.19520000000000001239,0.19520000000000001239
24,-67.5,0.28549999999999997602,0.28549999999999997602
25,-67.5,0.22839999999999999192,0.22839999999999999192
26,-67.5,0.15279999999999999138,0.15279999999999999138
27,-67.5,0.20160000000000000142,0.20160000000000000142
28,-67.5,0.18870000000000000662,0.18870000000000000662
29,-67.5,0.19309999999999999387,0.19309999999999999387
30,-67.5,0.093200000000000005063,0.093200000000000005063
31,-67.5,0.068400000000000002465,0.068400000000000002465
32,-67.5,0.044200000000000003175,0.044200000000000003175
33,-67.5,0.061199999999999997458,0.061199999999999997458
34,-67.5,0.30409999999999998144,0.30409999999999998144
35,-67.5,0.73750000000000004441,0.73750000000000004441
36,-67.5,0.97009999999999996234,0.97009999999999996234
37,-67.5,0.96730000000000004867,0.96730000000000004867
38,-67.5,0.75649999999999995026,0.75649999999999995026
39,-67.5,0.50029999999999996696,0.50029999999999996696
40,-67.5,0.2490999999999999881,0.2490999999999999881
41,-67.5,0.34300000000000002709,0.34300000000000002709
42,-67.5,0.71150000000000002132,0.71150000000000002132
43,-67.5,0.37009999999999998455,0.37009999999999998455
44,-67.5,0.10199999999999999345,0.10199999999999999345
45,-67.5,0.13409999999999999698,0.13409999999999999698
46,-67.5,0.37299999999999999822,0.37299999999999999822
47,-67.5,0.53090000000000003855,0.53090000000000003855
48,-67.5,0.30059999999999997833,0.30059999999999997833
49,-67.5,0.13500000000000000888,0.13500000000000000888
50,-67.5,0.066500000000000003553,0.066500000000000003553
51,-67.5,0.11680000000000000104,0.11680000000000000104
52,-67.5,0.38129999999999997229,0.38129999999999997229
53,-67.5,0.91920000000000001705,0.91920000000000001705
54,-67.5,0.40160000000000001252,0.40160000000000001252
55,-67.5,0.18310000000000001275,0.18310000000000001275
56,-67.5,0.13100000000000000533,0.13100000000000000533
57,-67.5,0.10670000000000000318,0.10670000000000000318
58,-67.5,0.090599999999999999978,0.090599999999999999978
59,-67.5,0.37609999999999998987,0.37609999999999998987
60,-67.5,0.66749999999999998224,0.66749999999999998224
61,-67.5,0.92310000000000003162,0.92310000000000003162
62,-67.5,0.96979999999999999538,0.96979999999999999538
63,-67.5,0.66010000000000002007,0.66010000000000002007
64,-67.5,0.080600000000000004974,0.080600000000000004974
65,-67.5,0.40260000000000001341,0.40260000000000001341
66,-67.5,0.8474000000000000421,0.8474000000000000421
67,-67.5,0.42790000000000000258,0.42790000000000000258
68,-67.5,0.57389999999999996572,0.57389999999999996572
69,-67.5,0.88229999999999997318,0.88229999999999997318
70,-67.5,0.8233000000000000318,0.8233000000000000318
-69,-66.25,0.73270000000000001794,0.73270000000000001794
-68,-66.25,0.92830000000000001403,0.92830000000000001403
-67,-66.25,0.82099999999999995204,0.82099999999999995204
-66,-66.25,0.92069999999999996287,0.92069999999999996287
-65,-66.25,0.94879999999999997673,0.94879999999999997673
-64,-66.25,0.57869999999999999218,0.57869999999999999218
-63,-66.25,0.63800000000000001155,0.63800000000000001155
-62,-66.25,0.7831000000000000183,0.7831000000000000183
-61,-66.25,0.81740000000000001545,0.81740000000000001545
-60,-66.25,0.66849999999999998312,0.66849999999999998312
-59,-66.25,0.087700000000000000178,0.087700000000000000178
-58,-66.25,0.069300000000000000488,0.069300000000000000488
-57,-66.25,0.12820000000000000839,0.12820000000000000839
-56,-66.25,0.70960000000000000853,0.70960000000000000853
-55,-66.25,0.19739999999999999214,0.19739999999999999214
-54,-66.25,0.036400000000000001799,0.036400000000000001799
-53,-66.25,0.086900000000000005018,0.086900000000000005018
-52,-66.25,0.24369999999999999996,0.24369999999999999996
-51,-66.25,0.33010000000000000453,0.33010000000000000453
-50,-66.25,0.83409999999999995257,0.83409999999999995257
-49,-66.25,0.6463999999999999746,0.6463999999999999746
-48,-66.25,0.42389999999999999902,0.42389999999999999902
-47,-66.25,0.13910000000000000142,0.13910000000000000142
-46,-66.25,0.041399999999999999301,0.041399999999999999301
-45,-66.25,0.04159999999999999809,0.04159999999999999809
-44,-66.25,0.023500000000000000056,0.023500000000000000056
-43,-66.25,0.15740000000000001212,0.15740000000000001212
-42,-66.25,0.35370000000000001439,0.35370000000000001439
-41,-66.25,0.7954999999999999849,0.7954999999999999849
-40,-66.25,0.11360000000000000653,0.11360000000000000653
-39,-66.25,0.090499999999999997113,0.090499999999999997113
-38,-66.25,0.064600000000000004641,0.064600000000000004641
-37,-66.25,0.064500000000000001776,0.064500000000000001776
-36,-66.25,0.0240000000000000005,0.0240000000000000005
-35,-66.25,0.0051999999999999997613,0.0051999999999999997613
-34,-66.25,0.0053000000000000000236,0.0053000000000000000236
-33,-66.25,0.0080000000000000001665,0.0080000000000000001665
-32,-66.25,0.013799999999999999767,0.013799999999999999767
-31,-66.25,0.039699999999999999178,0.039699999999999999178
-30,-66.25,0.055599999999999996647,0.055599999999999996647
-29,-66.25,0.21779999999999999361,0.21779999999999999361
-28,-66.25,0.096000000000000001998,0.096000000000000001998
-27,-66.25,0.61180000000000001048,0.61180000000000001048
-26,-66.25,0.89610000000000000764,0.89610000000000000764
-25,-66.25,0.4813000000000000056,0.4813000000000000056
-24,-66.25,0.11990000000000000657,0.11990000000000000657
-23,-66.25,0.10970000000000000584,0.10970000000000000584
-22,-66.25,0.27529999999999998916,0.27529999999999998916
-21,-66.25,0.42289999999999999813,0.42289999999999999813
-20,-66.25,0.86060000000000003162,0.86060000000000003162
-19,-66.25,0.38459999999999999742,0.38459999999999999742
-18,-66.25,0.21579999999999999183,0.21579999999999999183
-17,-66.25,0.12039999999999999314,0.12039999999999999314
-16,-66.25,0.1652000000000000135,0.1652000000000000135
-15,-66.25,0.10829999999999999349,0.10829999999999999349
-14,-66.25,0.063799999999999995604,0.063799999999999995604
-13,-66.25,0.08010000000000000453,0.08010000000000000453
-12,-66.25,0.19719999999999998641,0.19719999999999998641
-11,-66.25,0.29180000000000000382,0.29180000000000000382
-10,-66.25,0.43180000000000001714,0.43180000000000001714
-9,-66.25,0.26760000000000000453,0.26760000000000000453
-8,-66.25,0.34679999999999999716,0.34679999999999999716
-7,-66.25,0.42880000000000001448,0.42880000000000001448
-6,-66.25,0.44209999999999999298,0.44209999999999999298
-5,-66.25,0.60689999999999999503,0.60689999999999999503
-4,-66.25,0.78349999999999997424,0.78349999999999997424
-3,-66.25,0.17829999999999998628,0.17829999999999998628
-2,-66.25,0.075499999999999997669,0.075499999999999997669
-1,-66.25,0.02089999999999999844,0.02089999999999999844
0,-66.25,0.00029999999999999997372,0.00029999999999999997372
1,-66.25,0,0
2,-66.25,0,0
3,-66.25,0.00020000000000000000958,0.00020000000000000000958
4,-66.25,0.0088999999999999999251,0.0088999999999999999251
5,-66.25,0.036200000000000003009,0.036200000000000003009
6,-66.25,0.12489999999999999714,0.12489999999999999714
7,-66.25,0.13409999999999999698,0.13409999999999999698
8,-66.25,0.010999999999999999362,0.010999999999999999362
9,-66.25,0.0088000000000000005301,0.0088000000000000005301
10,-66.25,0.0240000000000000005,0.0240000000000000005
11,-66.25,0.034200000000000001232,0.034200000000000001232
12,-66.25,0.029299999999999999656,0.029299999999999999656
13,-66.25,0.044400000000000001965,0.044400000000000001965
14,-66.25,0.067000000000000003997,0.067000000000000003997
15,-66.25,0.11949999999999999512,0.11949999999999999512
16,-66.25,0.20010000000000000009,0.20010000000000000009
17,-66.25,0.43149999999999999467,0.43149999999999999467
18,-66.25,0.60160000000000002363,0.60160000000000002363
19,-66.25,0.37509999999999998899,0.37509999999999998899
20,-66.25,0.29839999999999999858,0.29839999999999999858
21,-66.25,0.30159999999999997922,0.30159999999999997922
22,-66.25,0.59489999999999998437,0.59489999999999998437
23,-66.25,0.22630000000000000115,0.22630000000000000115
24,-66.25,0.26490000000000002434,0.26490000000000002434
25,-66.25,0.23880000000000001226,0.23880000000000001226
26,-66.25,0.22859999999999999765,0.22859999999999999765
27,-66.25,0.31509999999999999121,0.31509999999999999121
28,-66.25,0.31369999999999997886,0.31369999999999997886
29,-66.25,0.23360000000000000209,0.23360000000000000209
30,-66.25,0.14349999999999998868,0.14349999999999998868
31,-66.25,0.15449999999999999845,0.15449999999999999845
32,-66.25,0.069699999999999998068,0.069699999999999998068
33,-66.25,0.081100000000000005418,0.081100000000000005418
34,-66.25,0.53500000000000003109,0.53500000000000003109
35,-66.25,0.84709999999999996412,0.84709999999999996412
36,-66.25,0.96919999999999995044,0.96919999999999995044
37,-66.25,0.9795000000000000373,0.9795000000000000373
38,-66.25,0.79290000000000004921,0.79290000000000004921
39,-66.25,0.43959999999999999076,0.43959999999999999076
40,-66.25,0.31590000000000001412,0.31590000000000001412
41,-66.25,0.30620000000000002771,0.30620000000000002771
42,-66.25,0.70379999999999998117,0.70379999999999998117
43,-66.25,0.40420000000000000373,0.40420000000000000373
44,-66.25,0.31400000000000000133,0.31400000000000000133
45,-66.25,0.16389999999999999014,0.16389999999999999014
46,-66.25,0.40829999999999999627,0.40829999999999999627
47,-66.25,0.36849999999999999423,0.36849999999999999423
48,-66.25,0.20699999999999998956,0.20699999999999998956
49,-66.25,0.039199999999999998734,0.039199999999999998734
50,-66.25,0.054399999999999996969,0.054399999999999996969
51,-66.25,0.14779999999999998694,0.14779999999999998694
52,-66.25,0.9331000000000000405,0.9331000000000000405
53,-66.25,0.88049999999999994937,0.88049999999999994937
54,-66.25,0.43490000000000000879,0.43490000000000000879
55,-66.25,0.22150000000000000244,0.22150000000000000244
56,-66.25,0.1353000000000000036,0.1353000000000000036
57,-66.25,0.10259999999999999676,0.10259999999999999676
58,-66.25,0.12609999999999998987,0.12609999999999998987
59,-66.25,0.33800000000000002265,0.33800000000000002265
60,-66.25,0.32910000000000000364,0.32910000000000000364
61,-66.25,0.70460000000000000409,0.70460000000000000409
62,-66.25,0.84579999999999999627,0.84579999999999999627
63,-66.25,0.82540000000000002256,0.82540000000000002256
64,-66.25,0.3456000000000000183,0.3456000000000000183
65,-66.25,0.37280000000000002025,0.37280000000000002025
66,-66.25,0.50170000000000003482,0.50170000000000003482
67,-66.25,0.34270000000000000462,0.34270000000000000462
68,-66.25,0.43090000000000000524,0.43090000000000000524
69,-66.25,0.75960000000000005294,0.75960000000000005294
70,-66.25,0.7722999999999999865,0.7722999999999999865
-69,-65,0.61439999999999994618,0.61439999999999994618
-68,-65,0.88600000000000000977,0.88600000000000000977
-67,-65,0.91900000000000003908,0.91900000000000003908
-66,-65,0.83599999999999996536,0.83599999999999996536
-65,-65,0.95989999999999997549,0.95989999999999997549
-64,-65,0.62219999999999997531,0.62219999999999997531
-63,-65,0.60660000000000002807,0.60660000000000002807
-62,-65,0.73580000000000000959,0.73580000000000000959
-61,-65,0.63090000000000001634,0.63090000000000001634
-60,-65,0.55110000000000003428,0.55110000000000003428
-59,-65,0.16900000000000001132,0.16900000000000001132
-58,-65,0.074999999999999997224,0.074999999999999997224
-57,-65,0.12790000000000001368,0.12790000000000001368
-56,-65,0.66159999999999996589,0.66159999999999996589
-55,-65,0.26279999999999997806,0.26279999999999997806
-54,-65,0.075399999999999994804,0.075399999999999994804
-53,-65,0.2048999999999999988,0.2048999999999999988
-52,-65,0.38719999999999998863,0.38719999999999998863
-51,-65,0.64749999999999996447,0.64749999999999996447
-50,-65,0.98370000000000001883,0.98370000000000001883
-49,-65,0.59130000000000004778,0.59130000000000004778
-48,-65,0.30699999999999999512,0.30699999999999999512
-47,-65,0.12420000000000000484,0.12420000000000000484
-46,-65,0.025600000000000001227,0.025600000000000001227
-45,-65,0.022599999999999998562,0.022599999999999998562
-44,-65,0.037900000000000003131,0.037900000000000003131
-43,-65,0.071400000000000005129,0.071400000000000005129
-42,-65,0.58709999999999995524,0.58709999999999995524
-41,-65,0.20810000000000000719,0.20810000000000000719
-40,-65,0.12920000000000000928,0.12920000000000000928
-39,-65,0.13070000000000001061,0.13070000000000001061
-38,-65,0.03540000000000000091,0.03540000000000000091
-37,-65,0.041700000000000000955,0.041700000000000000955
-36,-65,0.021000000000000001305,0.021000000000000001305
-35,-65,0.0073000000000000000652,0.0073000000000000000652
-34,-65,0.0091000000000000004496,0.0091000000000000004496
-33,-65,0.0063000000000000000444,0.0063000000000000000444
-32,-65,0.016000000000000000333,0.016000000000000000333
-31,-65,0.041300000000000003375,0.041300000000000003375
-30,-65,0.074800000000000005373,0.074800000000000005373
-29,-65,0.18529999999999999249,0.18529999999999999249
-28,-65,0.10100000000000000644,0.10100000000000000644
-27,-65,0.37149999999999999689,0.37149999999999999689
-26,-65,0.785800000000000054,0.785800000000000054
-25,-65,0.87080000000000001847,0.87080000000000001847
-24,-65,0.40039999999999997815,0.40039999999999997815
-23,-65,0.6463999999999999746,0.6463999999999999746
-22,-65,0.64419999999999999485,0.64419999999999999485
-21,-65,0.70950000000000001954,0.70950000000000001954
-20,-65,0.45660000000000000586,0.45660000000000000586
-19,-65,0.21599999999999999756,0.21599999999999999756
-18,-65,0.30070000000000002283,0.30070000000000002283
-17,-65,0.09500000000000000111,0.09500000000000000111
-16,-65,0.10190000000000000446,0.10190000000000000446
-15,-65,0.036499999999999997724,0.036499999999999997724
-14,-65,0.04159999999999999809,0.04159999999999999809
-13,-65,0.10839999999999999636,0.10839999999999999636
-12,-65,0.32450000000000001066,0.32450000000000001066
-11,-65,0.25969999999999998641,0.25969999999999998641
-10,-65,0.27550000000000002265,0.27550000000000002265
-9,-65,0.28199999999999997291,0.28199999999999997291
-8,-65,0.35389999999999999236,0.35389999999999999236
-7,-65,0.41780000000000000471,0.41780000000000000471
-6,-65,0.38669999999999998819,0.38669999999999998819
-5,-65,0.21219999999999999973,0.21219999999999999973
-4,-65,0.2686999999999999944,0.2686999999999999944
-3,-65,0.12159999999999999976,0.12159999999999999976
-2,-65,0.029000000000000001471,0.029000000000000001471
-1,-65,0.00059999999999999994744,0.00059999999999999994744
0,-65,0.011400000000000000411,0.011400000000000000411
1,-65,0.0074000000000000003275,0.0074000000000000003275
2,-65,0,0
3,-65,0,0
4,-65,0.00029999999999999997372,0.00029999999999999997372
5,-65,0.013599999999999999242,0.013599999999999999242
6,-65,0.18829999999999999516,0.18829999999999999516
7,-65,0.063000000000000000444,0.063000000000000000444
8,-65,0.0075999999999999999847,0.0075999999999999999847
9,-65,0.0058999999999999998626,0.0058999999999999998626
10,-65,0.0088000000000000005301,0.0088000000000000005301
11,-65,0.021100000000000000699,0.021100000000000000699
12,-65,0.035000000000000003331,0.035000000000000003331
13,-65,0.037600000000000001477,0.037600000000000001477
14,-65,0.10349999999999999478,0.10349999999999999478
15,-65,0.18709999999999998854,0.18709999999999998854
16,-65,0.23739999999999999991,0.23739999999999999991
17,-65,0.2597999999999999754,0.2597999999999999754
18,-65,0.38009999999999999343,0.38009999999999999343
19,-65,0.3527000000000000135,0.3527000000000000135
20,-65,0.39079999999999998073,0.39079999999999998073
21,-65,0.45819999999999999618,0.45819999999999999618
22,-65,0.6150999999999999801,0.6150999999999999801
23,-65,0.45989999999999997549,0.45989999999999997549
24,-65,0.42330000000000000959,0.42330000000000000959
25,-65,0.29770000000000002016,0.29770000000000002016
26,-65,0.3472999999999999976,0.3472999999999999976
27,-65,0.39229999999999998206,0.39229999999999998206
28,-65,0.31490000000000001323,0.31490000000000001323
29,-65,0.1527000000000000024,0.1527000000000000024
30,-65,0.13630000000000000449,0.13630000000000000449
31,-65,0.12759999999999999121,0.12759999999999999121
32,-65,0.17749999999999999112,0.17749999999999999112
33,-65,0.26510000000000000231,0.26510000000000000231
34,-65,0.43440000000000000835,0.43440000000000000835
35,-65,0.67620000000000002327,0.67620000000000002327
36,-65,0.93869999999999997886,0.93869999999999997886
37,-65,0.97629999999999994564,0.97629999999999994564
38,-65,0.74599999999999999645,0.74599999999999999645
39,-65,0.46489999999999997993,0.46489999999999997993
40,-65,0.10559999999999999942,0.10559999999999999942
41,-65,0.21169999999999999929,0.21169999999999999929
42,-65,0.5151999999999999913,0.5151999999999999913
43,-65,0.63090000000000001634,0.63090000000000001634
44,-65,0.76209999999999999964,0.76209999999999999964
45,-65,0.67520000000000002238,0.67520000000000002238
46,-65,0.60650000000000003908,0.60650000000000003908
47,-65,0.41010000000000002007,0.41010000000000002007
48,-65,0.18049999999999999378,0.18049999999999999378
49,-65,0.027199999999999998485,0.027199999999999998485
50,-65,0.0240000000000000005,0.0240000000000000005
51,-65,0.10390000000000000624,0.10390000000000000624
52,-65,0.80120000000000002327,0.80120000000000002327
53,-65,0.53010000000000001563,0.53010000000000001563
54,-65,0.25800000000000000711,0.25800000000000000711
55,-65,0.16709999999999999853,0.16709999999999999853
56,-65,0.15750000000000000111,0.15750000000000000111
57,-65,0.17990000000000000435,0.17990000000000000435
58,-65,0.29620000000000001883,0.29620000000000001883
59,-65,0.28460000000000001963,0.28460000000000001963
60,-65,0.13220000000000001195,0.13220000000000001195
61,-65,0.31369999999999997886,0.31369999999999997886
62,-65,0.62909999999999999254,0.62909999999999999254
63,-65,0.74270000000000002682,0.74270000000000002682
64,-65,0.63919999999999999041,0.63919999999999999041
65,-65,0.28670000000000001039,0.28670000000000001039
66,-65,0.18370000000000000218,0.18370000000000000218
67,-65,0.105999999999999997,0.105999999999999997
68,-65,0.31759999999999999343,0.31759999999999999343
69,-65,0.58940000000000003499,0.58940000000000003499
70,-65,0.77749999999999996891,0.77749999999999996891
-69,-63.75,0.45810000000000000719,0.45810000000000000719
-68,-63.75,0.86739999999999994884,0.86739999999999994884
-67,-63.75,0.86360000000000003428,0.86360000000000003428
-66,-63.75,0.95869999999999999662,0.95869999999999999662
-65,-63.75,0.86550000000000004707,0.86550000000000004707
-64,-63.75,0.87039999999999995151,0.87039999999999995151
-63,-63.75,0.78359999999999996323,0.78359999999999996323
-62,-63.75,0.47720000000000001306,0.47720000000000001306
-61,-63.75,0.26719999999999999307,0.26719999999999999307
-60,-63.75,0.32159999999999999698,0.32159999999999999698
-59,-63.75,0.18579999999999999294,0.18579999999999999294
-58,-63.75,0.10559999999999999942,0.10559999999999999942
-57,-63.75,0.31709999999999999298,0.31709999999999999298
-56,-63.75,0.67700000000000004619,0.67700000000000004619
-55,-63.75,0.23239999999999999547,0.23239999999999999547
-54,-63.75,0.21799999999999999933,0.21799999999999999933
-53,-63.75,0.30349999999999999201,0.30349999999999999201
-52,-63.75,0.53429999999999999716,0.53429999999999999716
-51,-63.75,0.96940000000000003944,0.96940000000000003944
-50,-63.75,0.99019999999999996909,0.99019999999999996909
-49,-63.75,0.62260000000000004228,0.62260000000000004228
-48,-63.75,0.34899999999999997691,0.34899999999999997691
-47,-63.75,0.20510000000000000453,0.20510000000000000453
-46,-63.75,0.050099999999999998701,0.050099999999999998701
-45,-63.75,0.039199999999999998734,0.039199999999999998734
-44,-63.75,0.049799999999999997047,0.049799999999999997047
-43,-63.75,0.12559999999999998943,0.12559999999999998943
-42,-63.75,0.95850000000000001865,0.95850000000000001865
-41,-63.75,0.067900000000000002021,0.067900000000000002021
-40,-63.75,0.16859999999999999987,0.16859999999999999987
-39,-63.75,0.13259999999999999565,0.13259999999999999565
-38,-63.75,0.014099999999999999686,0.014099999999999999686
-37,-63.75,0.039100000000000002809,0.039100000000000002809
-36,-63.75,0.059700000000000003064,0.059700000000000003064
-35,-63.75,0.013499999999999999847,0.013499999999999999847
-34,-63.75,0.034599999999999998812,0.034599999999999998812
-33,-63.75,0.083900000000000002354,0.083900000000000002354
-32,-63.75,0.019599999999999999367,0.019599999999999999367
-31,-63.75,0.033799999999999996714,0.033799999999999996714
-30,-63.75,0.042500000000000003053,0.042500000000000003053
-29,-63.75,0.2909999999999999809,0.2909999999999999809
-28,-63.75,0.45210000000000000187,0.45210000000000000187
-27,-63.75,0.52070000000000005169,0.52070000000000005169
-26,-63.75,0.72560000000000002274,0.72560000000000002274
-25,-63.75,0.11640000000000000346,0.11640000000000000346
-24,-63.75,0.03579999999999999849,0.03579999999999999849
-23,-63.75,0.12759999999999999121,0.12759999999999999121
-22,-63.75,0.41939999999999999503,0.41939999999999999503
-21,-63.75,0.44590000000000001856,0.44590000000000001856
-20,-63.75,0.28599999999999997646,0.28599999999999997646
-19,-63.75,0.061800000000000000766,0.061800000000000000766
-18,-63.75,0.13559999999999999831,0.13559999999999999831
-17,-63.75,0.085099999999999995093,0.085099999999999995093
-16,-63.75,0.10509999999999999898,0.10509999999999999898
-15,-63.75,0.067599999999999993427,0.067599999999999993427
-14,-63.75,0.042400000000000000189,0.042400000000000000189
-13,-63.75,0.046300000000000000877,0.046300000000000000877
-12,-63.75,0.18779999999999999472,0.18779999999999999472
-11,-63.75,0.18890000000000001235,0.18890000000000001235
-10,-63.75,0.10950000000000000011,0.10950000000000000011
-9,-63.75,0.19630000000000000226,0.19630000000000000226
-8,-63.75,0.31850000000000000533,0.31850000000000000533
-7,-63.75,0.39860000000000000986,0.39860000000000000986
-6,-63.75,0.39489999999999997327,0.39489999999999997327
-5,-63.75,0.035099999999999999256,0.035099999999999999256
-4,-63.75,0.029499999999999998446,0.029499999999999998446
-3,-63.75,0.0025999999999999998807,0.0025999999999999998807
-2,-63.75,0.018100000000000001504,0.018100000000000001504
-1,-63.75,0.10549999999999999656,0.10549999999999999656
0,-63.75,0.035700000000000002565,0.035700000000000002565
1,-63.75,0.013199999999999999928,0.013199999999999999928
2,-63.75,0.014500000000000000736,0.014500000000000000736
3,-63.75,0.0054000000000000002859,0.0054000000000000002859
4,-63.75,0.00020000000000000000958,0.00020000000000000000958
5,-63.75,0.0011999999999999998949,0.0011999999999999998949
6,-63.75,0.054600000000000002698,0.054600000000000002698
7,-63.75,0.039600000000000003253,0.039600000000000003253
8,-63.75,0.019599999999999999367,0.019599999999999999367
9,-63.75,0.0057000000000000002054,0.0057000000000000002054
10,-63.75,0.0061999999999999997821,0.0061999999999999997821
11,-63.75,0.0045999999999999999223,0.0045999999999999999223
12,-63.75,0.029700000000000000705,0.029700000000000000705
13,-63.75,0.046899999999999997247,0.046899999999999997247
14,-63.75,0.14660000000000000808,0.14660000000000000808
15,-63.75,0.26269999999999998908,0.26269999999999998908
16,-63.75,0.28129999999999999449,0.28129999999999999449
17,-63.75,0.25390000000000001457,0.25390000000000001457
18,-63.75,0.33979999999999999094,0.33979999999999999094
19,-63.75,0.39069999999999999174,0.39069999999999999174
20,-63.75,0.45029999999999997806,0.45029999999999997806
21,-63.75,0.53149999999999997247,0.53149999999999997247
22,-63.75,0.69710000000000005294,0.69710000000000005294
23,-63.75,0.78229999999999999538,0.78229999999999999538
24,-63.75,0.54830000000000000959,0.54830000000000000959
25,-63.75,0.34579999999999999627,0.34579999999999999627
26,-63.75,0.37480000000000002203,0.37480000000000002203
27,-63.75,0.41079999999999999849,0.41079999999999999849
28,-63.75,0.33339999999999997415,0.33339999999999997415
29,-63.75,0.28339999999999998526,0.28339999999999998526
30,-63.75,0.17019999999999999019,0.17019999999999999019
31,-63.75,0.10509999999999999898,0.10509999999999999898
32,-63.75,0.16350000000000000644,0.16350000000000000644
33,-63.75,0.36139999999999999902,0.36139999999999999902
34,-63.75,0.42790000000000000258,0.42790000000000000258
35,-63.75,0.34899999999999997691,0.34899999999999997691
36,-63.75,0.56510000000000004672,0.56510000000000004672
37,-63.75,0.92310000000000003162,0.92310000000000003162
38,-63.75,0.61070000000000002061,0.61070000000000002061
39,-63.75,0.24729999999999999205,0.24729999999999999205
40,-63.75,0.090999999999999997558,0.090999999999999997558
41,-63.75,0.32350000000000000977,0.32350000000000000977
42,-63.75,0.42780000000000001359,0.42780000000000001359
43,-63.75,0.76300000000000001155,0.76300000000000001155
44,-63.75,0.95709999999999995079,0.95709999999999995079
45,-63.75,0.89429999999999998384,0.89429999999999998384
46,-63.75,0.84530000000000005134,0.84530000000000005134
47,-63.75,0.82830000000000003624,0.82830000000000003624
48,-63.75,0.59889999999999998792,0.59889999999999998792
49,-63.75,0.34739999999999998659,0.34739999999999998659
50,-63.75,0.055399999999999997857,0.055399999999999997857
51,-63.75,0.1298999999999999877,0.1298999999999999877
52,-63.75,0.86439999999999994618,0.86439999999999994618
53,-63.75,0.30120000000000002327,0.30120000000000002327
54,-63.75,0.14180000000000000937,0.14180000000000000937
55,-63.75,0.096699999999999994293,0.096699999999999994293
56,-63.75,0.14119999999999999218,0.14119999999999999218
57,-63.75,0.17640000000000000124,0.17640000000000000124
58,-63.75,0.14680000000000001381,0.14680000000000001381
59,-63.75,0.050599999999999999145,0.050599999999999999145
60,-63.75,0.049500000000000002331,0.049500000000000002331
61,-63.75,0.14499999999999999001,0.14499999999999999001
62,-63.75,0.52390000000000003233,0.52390000000000003233
63,-63.75,0.71189999999999997726,0.71189999999999997726
64,-63.75,0.52029999999999998472,0.52029999999999998472
65,-63.75,0.33079999999999998295,0.33079999999999998295
66,-63.75,0.099900000000000002687,0.099900000000000002687
67,-63.75,0.058200000000000001732,0.058200000000000001732
68,-63.75,0.11970000000000000084,0.11970000000000000084
69,-63.75,0.45760000000000000675,0.45760000000000000675
70,-63.75,0.6840000000000000524,0.6840000000000000524
-69,-62.5,0.47029999999999999583,0.47029999999999999583
-68,-62.5,0.64539999999999997371,0.64539999999999997371
-67,-62.5,0.88229999999999997318,0.88229999999999997318
-66,-62.5,0.44540000000000001812,0.44540000000000001812
-65,-62.5,0.97980000000000000426,0.97980000000000000426
-64,-62.5,0.81030000000000002025,0.81030000000000002025
-63,-62.5,0.69059999999999999165,0.69059999999999999165
-62,-62.5,0.34660000000000001918,0.34660000000000001918
-61,-62.5,0.17050000000000001266,0.17050000000000001266
-60,-62.5,0.17929999999999998717,0.17929999999999998717
-59,-62.5,0.16320000000000001172,0.16320000000000001172
-58,-62.5,0.10219999999999999918,0.10219999999999999918
-57,-62.5,0.41470000000000001306,0.41470000000000001306
-56,-62.5,0.48199999999999998401,0.48199999999999998401
-55,-62.5,0.33019999999999999352,0.33019999999999999352
-54,-62.5,0.32250000000000000888,0.32250000000000000888
-53,-62.5,0.23269999999999999019,0.23269999999999999019
-52,-62.5,0.62280000000000002025,0.62280000000000002025
-51,-62.5,0.84509999999999996234,0.84509999999999996234
-50,-62.5,0.99780000000000002025,0.99780000000000002025
-49,-62.5,0.61180000000000001048,0.61180000000000001048
-48,-62.5,0.20890000000000000235,0.20890000000000000235
-47,-62.5,0.22259999999999999232,0.22259999999999999232
-46,-62.5,0.079299999999999995492,0.079299999999999995492
-45,-62.5,0.062700000000000005729,0.062700000000000005729
-44,-62.5,0.13810000000000000053,0.13810000000000000053
-43,-62.5,0.56059999999999998721,0.56059999999999998721
-42,-62.5,0.34250000000000002665,0.34250000000000002665
-41,-62.5,0.02960000000000000131,0.02960000000000000131
-40,-62.5,0.32579999999999997851,0.32579999999999997851
-39,-62.5,0.19769999999999998685,0.19769999999999998685
-38,-62.5,0.055100000000000003142,0.055100000000000003142
-37,-62.5,0.17869999999999999774,0.17869999999999999774
-36,-62.5,0.039800000000000002043,0.039800000000000002043
-35,-62.5,0.013499999999999999847,0.013499999999999999847
-34,-62.5,0.3679000000000000048,0.3679000000000000048
-33,-62.5,0.16819999999999998841,0.16819999999999998841
-32,-62.5,0.082799999999999998601,0.082799999999999998601
-31,-62.5,0.16759999999999999898,0.16759999999999999898
-30,-62.5,0.14299999999999998823,0.14299999999999998823
-29,-62.5,0.34720000000000000862,0.34720000000000000862
-28,-62.5,0.6349000000000000199,0.6349000000000000199
-27,-62.5,0.5275999999999999579,0.5275999999999999579
-26,-62.5,0.21420000000000000151,0.21420000000000000151
-25,-62.5,0.037900000000000003131,0.037900000000000003131
-24,-62.5,0.018900000000000000133,0.018900000000000000133
-23,-62.5,0.1262999999999999956,0.1262999999999999956
-22,-62.5,0.20880000000000001337,0.20880000000000001337
-21,-62.5,0.21540000000000000813,0.21540000000000000813
-20,-62.5,0.17260000000000000342,0.17260000000000000342
-19,-62.5,0.096799999999999997158,0.096799999999999997158
-18,-62.5,0.14569999999999999618,0.14569999999999999618
-17,-62.5,0.051600000000000000033,0.051600000000000000033
-16,-62.5,0.051700000000000002898,0.051700000000000002898
-15,-62.5,0.066100000000000005973,0.066100000000000005973
-14,-62.5,0.093600000000000002642,0.093600000000000002642
-13,-62.5,0.03869999999999999829,0.03869999999999999829
-12,-62.5,0.060999999999999998668,0.060999999999999998668
-11,-62.5,0.153999999999999998,0.153999999999999998
-10,-62.5,0.18470000000000000306,0.18470000000000000306
-9,-62.5,0.26400000000000001243,0.26400000000000001243
-8,-62.5,0.31879999999999997229,0.31879999999999997229
-7,-62.5,0.24310000000000001052,0.24310000000000001052
-6,-62.5,0.13430000000000000271,0.13430000000000000271
-5,-62.5,0.024299999999999998684,0.024299999999999998684
-4,-62.5,0.0080000000000000001665,0.0080000000000000001665
-3,-62.5,0.016299999999999998518,0.016299999999999998518
-2,-62.5,0.00040000000000000001917,0.00040000000000000001917
-1,-62.5,0.010899999999999999967,0.010899999999999999967
0,-62.5,0.0041999999999999997405,0.0041999999999999997405
1,-62.5,0.0073000000000000000652,0.0073000000000000000652
2,-62.5,0.026100000000000001671,0.026100000000000001671
3,-62.5,0.032599999999999997036,0.032599999999999997036
4,-62.5,0.013799999999999999767,0.013799999999999999767
5,-62.5,0.034900000000000000466,0.034900000000000000466
6,-62.5,0.026300000000000000461,0.026300000000000000461
7,-62.5,0.05920000000000000262,0.05920000000000000262
8,-62.5,0.02709999999999999909,0.02709999999999999909
9,-62.5,0.0043000000000000000028,0.0043000000000000000028
10,-62.5,0.0033999999999999998106,0.0033999999999999998106
11,-62.5,0.0097000000000000002887,0.0097000000000000002887
12,-62.5,0.039300000000000001599,0.039300000000000001599
13,-62.5,0.040000000000000000833,0.040000000000000000833
14,-62.5,0.14050000000000001377,0.14050000000000001377
15,-62.5,0.31690000000000001501,0.31690000000000001501
16,-62.5,0.38329999999999997407,0.38329999999999997407
17,-62.5,0.37569999999999997842,0.37569999999999997842
18,-62.5,0.26200000000000001066,0.26200000000000001066
19,-62.5,0.37180000000000001936,0.37180000000000001936
20,-62.5,0.37169999999999997486,0.37169999999999997486
21,-62.5,0.6135000000000000453,0.6135000000000000453
22,-62.5,0.75829999999999997407,0.75829999999999997407
23,-62.5,0.82709999999999994635,0.82709999999999994635
24,-62.5,0.64080000000000003624,0.64080000000000003624
25,-62.5,0.3875000000000000111,0.3875000000000000111
26,-62.5,0.46899999999999997247,0.46899999999999997247
27,-62.5,0.55889999999999995239,0.55889999999999995239
28,-62.5,0.45829999999999998517,0.45829999999999998517
29,-62.5,0.43159999999999998366,0.43159999999999998366
30,-62.5,0.29570000000000001839,0.29570000000000001839
31,-62.5,0.1691999999999999893,0.1691999999999999893
32,-62.5,0.15679999999999999494,0.15679999999999999494
33,-62.5,0.30759999999999998455,0.30759999999999998455
34,-62.5,0.43959999999999999076,0.43959999999999999076
35,-62.5,0.24979999999999999427,0.24979999999999999427
36,-62.5,0.1839000000000000079,0.1839000000000000079
37,-62.5,0.76280000000000003357,0.76280000000000003357
38,-62.5,0.56320000000000003393,0.56320000000000003393
39,-62.5,0.21809999999999998832,0.21809999999999998832
40,-62.5,0.14590000000000000191,0.14590000000000000191
41,-62.5,0.50600000000000000533,0.50600000000000000533
42,-62.5,0.4097999999999999976,0.4097999999999999976
43,-62.5,0.56240000000000001101,0.56240000000000001101
44,-62.5,0.93189999999999995062,0.93189999999999995062
45,-62.5,0.93610000000000004317,0.93610000000000004317
46,-62.5,0.83409999999999995257,0.83409999999999995257
47,-62.5,0.89249999999999996003,0.89249999999999996003
48,-62.5,0.79700000000000004174,0.79700000000000004174
49,-62.5,0.81559999999999999165,0.81559999999999999165
50,-62.5,0.32459999999999999964,0.32459999999999999964
51,-62.5,0.41120000000000000995,0.41120000000000000995
52,-62.5,0.86890000000000000568,0.86890000000000000568
53,-62.5,0.33989999999999997993,0.33989999999999997993
54,-62.5,0.11290000000000000036,0.11290000000000000036
55,-62.5,0.071099999999999996536,0.071099999999999996536
56,-62.5,0.10380000000000000338,0.10380000000000000338
57,-62.5,0.17439999999999999947,0.17439999999999999947
58,-62.5,0.10939999999999999725,0.10939999999999999725
59,-62.5,0.036700000000000003453,0.036700000000000003453
60,-62.5,0.046100000000000002087,0.046100000000000002087
61,-62.5,0.19859999999999999876,0.19859999999999999876
62,-62.5,0.53220000000000000639,0.53220000000000000639
63,-62.5,0.85909999999999997478,0.85909999999999997478
64,-62.5,0.3785999999999999921,0.3785999999999999921
65,-62.5,0.18599999999999999867,0.18599999999999999867
66,-62.5,0.11680000000000000104,0.11680000000000000104
67,-62.5,0.034200000000000001232,0.034200000000000001232
68,-62.5,0.061300000000000000322,0.061300000000000000322
69,-62.5,0.2786000000000000143,0.2786000000000000143
70,-62.5,0.48859999999999997877,0.48859999999999997877
-69,-61.25,0.45190000000000002389,0.45190000000000002389
-68,-61.25,0.35770000000000001794,0.35770000000000001794
-67,-61.25,0.89219999999999999307,0.89219999999999999307
-66,-61.25,0.2048999999999999988,0.2048999999999999988
-65,-61.25,0.76229999999999997762,0.76229999999999997762
-64,-61.25,0.89419999999999999485,0.89419999999999999485
-63,-61.25,0.72399999999999997691,0.72399999999999997691
-62,-61.25,0.35989999999999999769,0.35989999999999999769
-61,-61.25,0.19919999999999998819,0.19919999999999998819
-60,-61.25,0.12399999999999999911,0.12399999999999999911
-59,-61.25,0.14230000000000000981,0.14230000000000000981
-58,-61.25,0.12839999999999998637,0.12839999999999998637
-57,-61.25,0.44600000000000000755,0.44600000000000000755
-56,-61.25,0.50890000000000001901,0.50890000000000001901
-55,-61.25,0.38969999999999999085,0.38969999999999999085
-54,-61.25,0.25,0.25
-53,-61.25,0.18640000000000001013,0.18640000000000001013
-52,-61.25,0.47520000000000001128,0.47520000000000001128
-51,-61.25,0.76580000000000003624,0.76580000000000003624
-50,-61.25,0.99660000000000004139,0.99660000000000004139
-49,-61.25,0.62280000000000002025,0.62280000000000002025
-48,-61.25,0.19350000000000000533,0.19350000000000000533
-47,-61.25,0.17640000000000000124,0.17640000000000000124
-46,-61.25,0.14530000000000001248,0.14530000000000001248
-45,-61.25,0.21079999999999998739,0.21079999999999998739
-44,-61.25,0.82989999999999997105,0.82989999999999997105
-43,-61.25,0.7608000000000000318,0.7608000000000000318
-42,-61.25,0.15329999999999999183,0.15329999999999999183
-41,-61.25,0.0625,0.0625
-40,-61.25,0.30840000000000000746,0.30840000000000000746
-39,-61.25,0.54069999999999995843,0.54069999999999995843
-38,-61.25,0.68530000000000002025,0.68530000000000002025
-37,-61.25,0.92479999999999995541,0.92479999999999995541
-36,-61.25,0.120499999999999996,0.120499999999999996
-35,-61.25,0.20089999999999999525,0.20089999999999999525
-34,-61.25,0.59550000000000002931,0.59550000000000002931
-33,-61.25,0.40060000000000001164,0.40060000000000001164
-32,-61.25,0.23239999999999999547,0.23239999999999999547
-31,-61.25,0.23790000000000000036,0.23790000000000000036
-30,-61.25,0.25030000000000002247,0.25030000000000002247
-29,-61.25,0.2094000000000000028,0.2094000000000000028
-28,-61.25,0.72670000000000001261,0.72670000000000001261
-27,-61.25,0.6847999999999999643,0.6847999999999999643
-26,-61.25,0.43249999999999999556,0.43249999999999999556
-25,-61.25,0.31759999999999999343,0.31759999999999999343
-24,-61.25,0.19380000000000000004,0.19380000000000000004
-23,-61.25,0.50749999999999995115,0.50749999999999995115
-22,-61.25,0.3650999999999999801,0.3650999999999999801
-21,-61.25,0.14380000000000001115,0.14380000000000001115
-20,-61.25,0.12479999999999999427,0.12479999999999999427
-19,-61.25,0.22780000000000000249,0.22780000000000000249
-18,-61.25,0.16719999999999998752,0.16719999999999998752
-17,-61.25,0.047300000000000001765,0.047300000000000001765
-16,-61.25,0.030399999999999999939,0.030399999999999999939
-15,-61.25,0.0086000000000000000056,0.0086000000000000000056
-14,-61.25,0.015100000000000000575,0.015100000000000000575
-13,-61.25,0.038300000000000000711,0.038300000000000000711
-12,-61.25,0.079699999999999993072,0.079699999999999993072
-11,-61.25,0.088499999999999995337,0.088499999999999995337
-10,-61.25,0.18599999999999999867,0.18599999999999999867
-9,-61.25,0.10929999999999999438,0.10929999999999999438
-8,-61.25,0.14810000000000000941,0.14810000000000000941
-7,-61.25,0.19029999999999999694,0.19029999999999999694
-6,-61.25,0.083699999999999996625,0.083699999999999996625
-5,-61.25,0.034500000000000002887,0.034500000000000002887
-4,-61.25,0.0075999999999999999847,0.0075999999999999999847
-3,-61.25,0.012399999999999999564,0.012399999999999999564
-2,-61.25,0.0011000000000000000663,0.0011000000000000000663
-1,-61.25,0.0012999999999999999403,0.0012999999999999999403
0,-61.25,0.013400000000000000452,0.013400000000000000452
1,-61.25,0.0045999999999999999223,0.0045999999999999999223
2,-61.25,0.017200000000000000011,0.017200000000000000011
3,-61.25,0.074599999999999999645,0.074599999999999999645
4,-61.25,0.041700000000000000955,0.041700000000000000955
5,-61.25,0.029499999999999998446,0.029499999999999998446
6,-61.25,0.051499999999999997169,0.051499999999999997169
7,-61.25,0.015499999999999999889,0.015499999999999999889
8,-61.25,0.010200000000000000733,0.010200000000000000733
9,-61.25,0.014399999999999999606,0.014399999999999999606
10,-61.25,0.002500000000000000052,0.002500000000000000052
11,-61.25,0.014500000000000000736,0.014500000000000000736
12,-61.25,0.067799999999999999156,0.067799999999999999156
13,-61.25,0.047300000000000001765,0.047300000000000001765
14,-61.25,0.13000000000000000444,0.13000000000000000444
15,-61.25,0.29030000000000000249,0.29030000000000000249
16,-61.25,0.31659999999999999254,0.31659999999999999254
17,-61.25,0.2893000000000000016,0.2893000000000000016
18,-61.25,0.2963999999999999968,0.2963999999999999968
19,-61.25,0.42659999999999997922,0.42659999999999997922
20,-61.25,0.42470000000000002194,0.42470000000000002194
21,-61.25,0.6222999999999999643,0.6222999999999999643
22,-61.25,0.78410000000000001918,0.78410000000000001918
23,-61.25,0.84070000000000000284,0.84070000000000000284
24,-61.25,0.69540000000000001812,0.69540000000000001812
25,-61.25,0.50019999999999997797,0.50019999999999997797
26,-61.25,0.52610000000000001208,0.52610000000000001208
27,-61.25,0.54359999999999997211,0.54359999999999997211
28,-61.25,0.33129999999999998339,0.33129999999999998339
29,-61.25,0.28629999999999999893,0.28629999999999999893
30,-61.25,0.26900000000000001688,0.26900000000000001688
31,-61.25,0.12720000000000000751,0.12720000000000000751
32,-61.25,0.10620000000000000273,0.10620000000000000273
33,-61.25,0.27850000000000002531,0.27850000000000002531
34,-61.25,0.55840000000000000746,0.55840000000000000746
35,-61.25,0.24240000000000000435,0.24240000000000000435
36,-61.25,0.17269999999999999241,0.17269999999999999241
37,-61.25,0.36420000000000002371,0.36420000000000002371
38,-61.25,0.40960000000000001963,0.40960000000000001963
39,-61.25,0.24310000000000001052,0.24310000000000001052
40,-61.25,0.22939999999999999281,0.22939999999999999281
41,-61.25,0.32029999999999997362,0.32029999999999997362
42,-61.25,0.47510000000000002229,0.47510000000000002229
43,-61.25,0.44080000000000002514,0.44080000000000002514
44,-61.25,0.75790000000000001812,0.75790000000000001812
45,-61.25,0.84499999999999997335,0.84499999999999997335
46,-61.25,0.83940000000000003499,0.83940000000000003499
47,-61.25,0.82630000000000003446,0.82630000000000003446
48,-61.25,0.57550000000000001155,0.57550000000000001155
49,-61.25,0.68159999999999998366,0.68159999999999998366
50,-61.25,0.63880000000000003446,0.63880000000000003446
51,-61.25,0.62009999999999998455,0.62009999999999998455
52,-61.25,0.98790000000000000036,0.98790000000000000036
53,-61.25,0.46949999999999997291,0.46949999999999997291
54,-61.25,0.12729999999999999649,0.12729999999999999649
55,-61.25,0.065299999999999996936,0.065299999999999996936
56,-61.25,0.096299999999999996714,0.096299999999999996714
57,-61.25,0.19639999999999999125,0.19639999999999999125
58,-61.25,0.11940000000000000613,0.11940000000000000613
59,-61.25,0.023099999999999999006,0.023099999999999999006
60,-61.25,0.040099999999999996758,0.040099999999999996758
61,-61.25,0.33260000000000000675,0.33260000000000000675
62,-61.25,0.77029999999999998472,0.77029999999999998472
63,-61.25,0.73089999999999999414,0.73089999999999999414
64,-61.25,0.28189999999999998392,0.28189999999999998392
65,-61.25,0.14199999999999998734,0.14199999999999998734
66,-61.25,0.12559999999999998943,0.12559999999999998943
67,-61.25,0.060499999999999998224,0.060499999999999998224
68,-61.25,0.068599999999999994316,0.068599999999999994316
69,-61.25,0.24729999999999999205,0.24729999999999999205
70,-61.25,0.39750000000000001998,0.39750000000000001998
-69,-60,0.40500000000000002665,0.40500000000000002665
-68,-60,0.30849999999999999645,0.30849999999999999645
-67,-60,0.77700000000000002398,0.77700000000000002398
-66,-60,0.27889999999999998126,0.27889999999999998126
-65,-60,0.41179999999999999938,0.41179999999999999938
-64,-60,0.82699999999999995737,0.82699999999999995737
-63,-60,0.68889999999999995683,0.68889999999999995683
-62,-60,0.37630000000000002336,0.37630000000000002336
-61,-60,0.32640000000000002345,0.32640000000000002345
-60,-60,0.19609999999999999654,0.19609999999999999654
-59,-60,0.072499999999999995004,0.072499999999999995004
-58,-60,0.14610000000000000764,0.14610000000000000764
-57,-60,0.43690000000000001057,0.43690000000000001057
-56,-60,0.72160000000000001918,0.72160000000000001918
-55,-60,0.47989999999999999325,0.47989999999999999325
-54,-60,0.25940000000000001945,0.25940000000000001945
-53,-60,0.27970000000000000417,0.27970000000000000417
-52,-60,0.46889999999999998348,0.46889999999999998348
-51,-60,0.70140000000000002345,0.70140000000000002345
-50,-60,0.99450000000000005063,0.99450000000000005063
-49,-60,0.53680000000000005489,0.53680000000000005489
-48,-60,0.32300000000000000933,0.32300000000000000933
-47,-60,0.38009999999999999343,0.38009999999999999343
-46,-60,0.33019999999999999352,0.33019999999999999352
-45,-60,0.91910000000000002807,0.91910000000000002807
-44,-60,0.83050000000000001599,0.83050000000000001599
-43,-60,0.7874999999999999778,0.7874999999999999778
-42,-60,0.1411000000000000032,0.1411000000000000032
-41,-60,0.19830000000000000404,0.19830000000000000404
-40,-60,0.73219999999999996199,0.73219999999999996199
-39,-60,0.82459999999999999964,0.82459999999999999964
-38,-60,0.9427999999999999714,0.9427999999999999714
-37,-60,0.97850000000000003642,0.97850000000000003642
-36,-60,0.39889999999999997682,0.39889999999999997682
-35,-60,0.27870000000000000329,0.27870000000000000329
-34,-60,0.67379999999999995453,0.67379999999999995453
-33,-60,0.57779999999999998028,0.57779999999999998028
-32,-60,0.15379999999999999227,0.15379999999999999227
-31,-60,0.19150000000000000355,0.19150000000000000355
-30,-60,0.058500000000000003386,0.058500000000000003386
-29,-60,0.10320000000000000007,0.10320000000000000007
-28,-60,0.45329999999999998073,0.45329999999999998073
-27,-60,0.32850000000000001421,0.32850000000000001421
-26,-60,0.099000000000000004663,0.099000000000000004663
-25,-60,0.047600000000000003419,0.047600000000000003419
-24,-60,0.064000000000000001332,0.064000000000000001332
-23,-60,0.19470000000000001195,0.19470000000000001195
-22,-60,0.61950000000000005063,0.61950000000000005063
-21,-60,0.31190000000000001057,0.31190000000000001057
-20,-60,0.17990000000000000435,0.17990000000000000435
-19,-60,0.18959999999999999076,0.18959999999999999076
-18,-60,0.089700000000000001954,0.089700000000000001954
-17,-60,0.017399999999999998801,0.017399999999999998801
-16,-60,0.013100000000000000533,0.013100000000000000533
-15,-60,0.0043000000000000000028,0.0043000000000000000028
-14,-60,0.0047000000000000001846,0.0047000000000000001846
-13,-60,0.0061999999999999997821,0.0061999999999999997821
-12,-60,0.031399999999999997358,0.031399999999999997358
-11,-60,0.084900000000000003242,0.084900000000000003242
-10,-60,0.10730000000000000648,0.10730000000000000648
-9,-60,0.049500000000000002331,0.049500000000000002331
-8,-60,0.16769999999999998797,0.16769999999999998797
-7,-60,0.23100000000000001088,0.23100000000000001088
-6,-60,0.05979999999999999899,0.05979999999999999899
-5,-60,0.01460000000000000013,0.01460000000000000013
-4,-60,0.0047999999999999995795,0.0047999999999999995795
-3,-60,0.0092999999999999992395,0.0092999999999999992395
-2,-60,0.0032000000000000001533,0.0032000000000000001533
-1,-60,0.00010000000000000000479,0.00010000000000000000479
0,-60,0.0041000000000000003456,0.0041000000000000003456
1,-60,0.013100000000000000533,0.013100000000000000533
2,-60,0.021799999999999999933,0.021799999999999999933
3,-60,0.009599999999999999159,0.009599999999999999159
4,-60,0.013599999999999999242,0.013599999999999999242
5,-60,0.0088999999999999999251,0.0088999999999999999251
6,-60,0.0050000000000000001041,0.0050000000000000001041
7,-60,0.0045999999999999999223,0.0045999999999999999223
8,-60,0.012900000000000000008,0.012900000000000000008
9,-60,0.007100000000000000408,0.007100000000000000408
10,-60,0.0022000000000000001325,0.0022000000000000001325
11,-60,0.013499999999999999847,0.013499999999999999847
12,-60,0.067100000000000006861,0.067100000000000006861
13,-60,0.063100000000000003308,0.063100000000000003308
14,-60,0.10430000000000000382,0.10430000000000000382
15,-60,0.17899999999999999245,0.17899999999999999245
16,-60,0.22819999999999998619,0.22819999999999998619
17,-60,0.26079999999999997629,0.26079999999999997629
18,-60,0.48870000000000002327,0.48870000000000002327
19,-60,0.5695999999999999952,0.5695999999999999952
20,-60,0.46100000000000002087,0.46100000000000002087
21,-60,0.66649999999999998135,0.66649999999999998135
22,-60,0.85340000000000004743,0.85340000000000004743
23,-60,0.88349999999999995204,0.88349999999999995204
24,-60,0.75239999999999995772,0.75239999999999995772
25,-60,0.51319999999999998952,0.51319999999999998952
26,-60,0.35930000000000000826,0.35930000000000000826
27,-60,0.4784999999999999809,0.4784999999999999809
28,-60,0.32829999999999998073,0.32829999999999998073
29,-60,0.25559999999999999387,0.25559999999999999387
30,-60,0.12729999999999999649,0.12729999999999999649
31,-60,0.047100000000000002975,0.047100000000000002975
32,-60,0.046199999999999998013,0.046199999999999998013
33,-60,0.096399999999999999578,0.096399999999999999578
34,-60,0.53259999999999996234,0.53259999999999996234
35,-60,0.26969999999999999529,0.26969999999999999529
36,-60,0.36459999999999997966,0.36459999999999997966
37,-60,0.60019999999999995577,0.60019999999999995577
38,-60,0.30390000000000000346,0.30390000000000000346
39,-60,0.17949999999999999289,0.17949999999999999289
40,-60,0.22509999999999999454,0.22509999999999999454
41,-60,0.25650000000000000577,0.25650000000000000577
42,-60,0.65910000000000001918,0.65910000000000001918
43,-60,0.61860000000000003872,0.61860000000000003872
44,-60,0.65490000000000003766,0.65490000000000003766
45,-60,0.6277000000000000357,0.6277000000000000357
46,-60,0.6992000000000000437,0.6992000000000000437
47,-60,0.90690000000000003944,0.90690000000000003944
48,-60,0.82369999999999998774,0.82369999999999998774
49,-60,0.51719999999999999307,0.51719999999999999307
50,-60,0.6088999999999999968,0.6088999999999999968
51,-60,0.53669999999999995488,0.53669999999999995488
52,-60,0.98699999999999998845,0.98699999999999998845
53,-60,0.55179999999999995719,0.55179999999999995719
54,-60,0.21560000000000001386,0.21560000000000001386
55,-60,0.079699999999999993072,0.079699999999999993072
56,-60,0.10530000000000000471,0.10530000000000000471
57,-60,0.17160000000000000253,0.17160000000000000253
58,-60,0.085400000000000003686,0.085400000000000003686
59,-60,0.018399999999999999689,0.018399999999999999689
60,-60,0.11260000000000000564,0.11260000000000000564
61,-60,0.63519999999999998685,0.63519999999999998685
62,-60,0.57889999999999997016,0.57889999999999997016
63,-60,0.27450000000000002176,0.27450000000000002176
64,-60,0.24940000000000001057,0.24940000000000001057
65,-60,0.19789999999999999258,0.19789999999999999258
66,-60,0.15379999999999999227,0.15379999999999999227
67,-60,0.11020000000000000628,0.11020000000000000628
68,-60,0.13389999999999999125,0.13389999999999999125
69,-60,0.30480000000000001537,0.30480000000000001537
70,-60,0.35610000000000002762,0.35610000000000002762
-69,-58.75,0.46550000000000002487,0.46550000000000002487
-68,-58.75,0.32779999999999998028,0.32779999999999998028
-67,-58.75,0.75809999999999999609,0.75809999999999999609
-66,-58.75,0.57159999999999999698,0.57159999999999999698
-65,-58.75,0.10420000000000000095,0.10420000000000000095
-64,-58.75,0.60440000000000004832,0.60440000000000004832
-63,-58.75,0.67039999999999999591,0.67039999999999999591
-62,-58.75,0.40579999999999999405,0.40579999999999999405
-61,-58.75,0.38950000000000001288,0.38950000000000001288
-60,-58.75,0.20719999999999999529,0.20719999999999999529
-59,-58.75,0.042299999999999997324,0.042299999999999997324
-58,-58.75,0.11700000000000000677,0.11700000000000000677
-57,-58.75,0.3276999999999999913,0.3276999999999999913
-56,-58.75,0.70040000000000002256,0.70040000000000002256
-55,-58.75,0.59689999999999998614,0.59689999999999998614
-54,-58.75,0.33639999999999997682,0.33639999999999997682
-53,-58.75,0.20100000000000001199,0.20100000000000001199
-52,-58.75,0.35120000000000001217,0.35120000000000001217
-51,-58.75,0.40239999999999997993,0.40239999999999997993
-50,-58.75,0.9365999999999999881,0.9365999999999999881
-49,-58.75,0.83740000000000003322,0.83740000000000003322
-48,-58.75,0.8152000000000000357,0.8152000000000000357
-47,-58.75,0.84199999999999997069,0.84199999999999997069
-46,-58.75,0.82509999999999994458,0.82509999999999994458
-45,-58.75,0.96830000000000004956,0.96830000000000004956
-44,-58.75,0.87270000000000003126,0.87270000000000003126
-43,-58.75,0.64719999999999999751,0.64719999999999999751
-42,-58.75,0.17419999999999999374,0.17419999999999999374
-41,-58.75,0.68049999999999999378,0.68049999999999999378
-40,-58.75,0.46870000000000000551,0.46870000000000000551
-39,-58.75,0.24460000000000001186,0.24460000000000001186
-38,-58.75,0.785800000000000054,0.785800000000000054
-37,-58.75,0.8356999999999999984,0.8356999999999999984
-36,-58.75,0.50660000000000005027,0.50660000000000005027
-35,-58.75,0.39719999999999999751,0.39719999999999999751
-34,-58.75,0.69820000000000004281,0.69820000000000004281
-33,-58.75,0.5822000000000000508,0.5822000000000000508
-32,-58.75,0.24759999999999998677,0.24759999999999998677
-31,-58.75,0.10169999999999999873,0.10169999999999999873
-30,-58.75,0.015599999999999999284,0.015599999999999999284
-29,-58.75,0.016299999999999998518,0.016299999999999998518
-28,-58.75,0.10939999999999999725,0.10939999999999999725
-27,-58.75,0.18160000000000001141,0.18160000000000001141
-26,-58.75,0.087300000000000002598,0.087300000000000002598
-25,-58.75,0.018100000000000001504,0.018100000000000001504
-24,-58.75,0.050400000000000000355,0.050400000000000000355
-23,-58.75,0.24319999999999999951,0.24319999999999999951
-22,-58.75,0.38600000000000000977,0.38600000000000000977
-21,-58.75,0.33539999999999997593,0.33539999999999997593
-20,-58.75,0.2393000000000000127,0.2393000000000000127
-19,-58.75,0.10639999999999999458,0.10639999999999999458
-18,-58.75,0.038800000000000001155,0.038800000000000001155
-17,-58.75,0.020000000000000000416,0.020000000000000000416
-16,-58.75,0.021899999999999999328,0.021899999999999999328
-15,-58.75,0.0080000000000000001665,0.0080000000000000001665
-14,-58.75,0.0028999999999999998002,0.0028999999999999998002
-13,-58.75,0.0023999999999999997898,0.0023999999999999997898
-12,-58.75,0.003299999999999999982,0.003299999999999999982
-11,-58.75,0.0045999999999999999223,0.0045999999999999999223
-10,-58.75,0.0018999999999999999962,0.0018999999999999999962
-9,-58.75,0.096299999999999996714,0.096299999999999996714
-8,-58.75,0.70509999999999994902,0.70509999999999994902
-7,-58.75,0.49040000000000000258,0.49040000000000000258
-6,-58.75,0.018900000000000000133,0.018900000000000000133
-5,-58.75,0.038800000000000001155,0.038800000000000001155
-4,-58.75,0.017000000000000001221,0.017000000000000001221
-3,-58.75,0.019699999999999998762,0.019699999999999998762
-2,-58.75,0.0037000000000000001638,0.0037000000000000001638
-1,-58.75,0.00020000000000000000958,0.00020000000000000000958
0,-58.75,0.0020999999999999998702,0.0020999999999999998702
1,-58.75,0.010300000000000000128,0.010300000000000000128
2,-58.75,0.0097999999999999996836,0.0097999999999999996836
3,-58.75,0.0016000000000000000767,0.0016000000000000000767
4,-58.75,0.0020999999999999998702,0.0020999999999999998702
5,-58.75,0.0012999999999999999403,0.0012999999999999999403
6,-58.75,0.0030999999999999998911,0.0030999999999999998911
7,-58.75,0.018100000000000001504,0.018100000000000001504
8,-58.75,0.029000000000000001471,0.029000000000000001471
9,-58.75,0.0054000000000000002859,0.0054000000000000002859
10,-58.75,0.0030000000000000000625,0.0030000000000000000625
11,-58.75,0.016400000000000001382,0.016400000000000001382
12,-58.75,0.082699999999999995737,0.082699999999999995737
13,-58.75,0.043599999999999999867,0.043599999999999999867
14,-58.75,0.07199999999999999456,0.07199999999999999456
15,-58.75,0.085599999999999995537,0.085599999999999995537
16,-58.75,0.18270000000000000129,0.18270000000000000129
17,-58.75,0.36470000000000002416,0.36470000000000002416
18,-58.75,0.5786000000000000032,0.5786000000000000032
19,-58.75,0.5739999999999999547,0.5739999999999999547
20,-58.75,0.57220000000000004192,0.57220000000000004192
21,-58.75,0.70809999999999995168,0.70809999999999995168
22,-58.75,0.76619999999999999218,0.76619999999999999218
23,-58.75,0.8579999999999999849,0.8579999999999999849
24,-58.75,0.87860000000000004761,0.87860000000000004761
25,-58.75,0.73470000000000001972,0.73470000000000001972
26,-58.75,0.63709999999999999964,0.63709999999999999964
27,-58.75,0.43590000000000000968,0.43590000000000000968
28,-58.75,0.29160000000000002585,0.29160000000000002585
29,-58.75,0.24829999999999999294,0.24829999999999999294
30,-58.75,0.12159999999999999976,0.12159999999999999976
31,-58.75,0.040300000000000002487,0.040300000000000002487
32,-58.75,0.044400000000000001965,0.044400000000000001965
33,-58.75,0.067299999999999998712,0.067299999999999998712
34,-58.75,0.20419999999999999263,0.20419999999999999263
35,-58.75,0.34439999999999998392,0.34439999999999998392
36,-58.75,0.39319999999999999396,0.39319999999999999396
37,-58.75,0.77029999999999998472,0.77029999999999998472
38,-58.75,0.33519999999999999796,0.33519999999999999796
39,-58.75,0.13430000000000000271,0.13430000000000000271
40,-58.75,0.34579999999999999627,0.34579999999999999627
41,-58.75,0.44519999999999998463,0.44519999999999998463
42,-58.75,0.4393000000000000238,0.4393000000000000238
43,-58.75,0.80840000000000000746,0.80840000000000000746
44,-58.75,0.58560000000000000941,0.58560000000000000941
45,-58.75,0.45100000000000001199,0.45100000000000001199
46,-58.75,0.40239999999999997993,0.40239999999999997993
47,-58.75,0.85229999999999994653,0.85229999999999994653
48,-58.75,0.97470000000000001084,0.97470000000000001084
49,-58.75,0.78459999999999996412,0.78459999999999996412
50,-58.75,0.53129999999999999449,0.53129999999999999449
51,-58.75,0.62709999999999999076,0.62709999999999999076
52,-58.75,0.94979999999999997762,0.94979999999999997762
53,-58.75,0.64739999999999997549,0.64739999999999997549
54,-58.75,0.37509999999999998899,0.37509999999999998899
55,-58.75,0.10080000000000000071,0.10080000000000000071
56,-58.75,0.15929999999999999716,0.15929999999999999716
57,-58.75,0.13609999999999999876,0.13609999999999999876
58,-58.75,0.039899999999999997968,0.039899999999999997968
59,-58.75,0.099699999999999996958,0.099699999999999996958
60,-58.75,0.5009000000000000119,0.5009000000000000119
61,-58.75,0.90569999999999994955,0.90569999999999994955
62,-58.75,0.25390000000000001457,0.25390000000000001457
63,-58.75,0.065900000000000000244,0.065900000000000000244
64,-58.75,0.11269999999999999463,0.11269999999999999463
65,-58.75,0.18199999999999999512,0.18199999999999999512
66,-58.75,0.18970000000000000751,0.18970000000000000751
67,-58.75,0.079200000000000006506,0.079200000000000006506
68,-58.75,0.17799999999999999156,0.17799999999999999156
69,-58.75,0.22239999999999998659,0.22239999999999998659
70,-58.75,0.34699999999999997513,0.34699999999999997513
-69,-57.5,0.51570000000000004725,0.51570000000000004725
-68,-57.5,0.30209999999999997966,0.30209999999999997966
-67,-57.5,0.6909999999999999476,0.6909999999999999476
-66,-57.5,0.78820000000000001172,0.78820000000000001172
-65,-57.5,0.28610000000000002096,0.28610000000000002096
-64,-57.5,0.62529999999999996696,0.62529999999999996696
-63,-57.5,0.76859999999999994991,0.76859999999999994991
-62,-57.5,0.59640000000000004121,0.59640000000000004121
-61,-57.5,0.48239999999999999547,0.48239999999999999547
-60,-57.5,0.20699999999999998956,0.20699999999999998956
-59,-57.5,0.073400000000000006906,0.073400000000000006906
-58,-57.5,0.060299999999999999434,0.060299999999999999434
-57,-57.5,0.17189999999999999725,0.17189999999999999725
-56,-57.5,0.46789999999999998259,0.46789999999999998259
-55,-57.5,0.74699999999999999734,0.74699999999999999734
-54,-57.5,0.2954999999999999849,0.2954999999999999849
-53,-57.5,0.14289999999999999925,0.14289999999999999925
-52,-57.5,0.28129999999999999449,0.28129999999999999449
-51,-57.5,0.25300000000000000266,0.25300000000000000266
-50,-57.5,0.54120000000000001439,0.54120000000000001439
-49,-57.5,0.49899999999999999911,0.49899999999999999911
-48,-57.5,0.83309999999999995168,0.83309999999999995168
-47,-57.5,0.86219999999999996643,0.86219999999999996643
-46,-57.5,0.57960000000000000409,0.57960000000000000409
-45,-57.5,0.69969999999999998863,0.69969999999999998863
-44,-57.5,0.54910000000000003251,0.54910000000000003251
-43,-57.5,0.24690000000000000835,0.24690000000000000835
-42,-57.5,0.16120000000000000995,0.16120000000000000995
-41,-57.5,0.72670000000000001261,0.72670000000000001261
-40,-57.5,0.43580000000000002069,0.43580000000000002069
-39,-57.5,0.18340000000000000746,0.18340000000000000746
-38,-57.5,0.42649999999999999023,0.42649999999999999023
-37,-57.5,0.25150000000000000133,0.25150000000000000133
-36,-57.5,0.40760000000000001785,0.40760000000000001785
-35,-57.5,0.39919999999999999929,0.39919999999999999929
-34,-57.5,0.33619999999999999885,0.33619999999999999885
-33,-57.5,0.30120000000000002327,0.30120000000000002327
-32,-57.5,0.254500000000000004,0.254500000000000004
-31,-57.5,0.06289999999999999758,0.06289999999999999758
-30,-57.5,0.011900000000000000855,0.011900000000000000855
-29,-57.5,0.013700000000000000372,0.013700000000000000372
-28,-57.5,0.083199999999999996181,0.083199999999999996181
-27,-57.5,0.10190000000000000446,0.10190000000000000446
-26,-57.5,0.062700000000000005729,0.062700000000000005729
-25,-57.5,0.082299999999999998157,0.082299999999999998157
-24,-57.5,0.12089999999999999358,0.12089999999999999358
-23,-57.5,0.16619999999999998663,0.16619999999999998663
-22,-57.5,0.35670000000000001705,0.35670000000000001705
-21,-57.5,0.22539999999999998925,0.22539999999999998925
-20,-57.5,0.092700000000000004619,0.092700000000000004619
-19,-57.5,0.036600000000000000588,0.036600000000000000588
-18,-57.5,0.050599999999999999145,0.050599999999999999145
-17,-57.5,0.040399999999999998412,0.040399999999999998412
-16,-57.5,0.041399999999999999301,0.041399999999999999301
-15,-57.5,0.059099999999999999756,0.059099999999999999756
-14,-57.5,0.02670000000000000151,0.02670000000000000151
-13,-57.5,0.05920000000000000262,0.05920000000000000262
-12,-57.5,0.01170000000000000033,0.01170000000000000033
-11,-57.5,0.00069999999999999999289,0.00069999999999999999289
-10,-57.5,0.0010000000000000000208,0.0010000000000000000208
-9,-57.5,0.039899999999999997968,0.039899999999999997968
-8,-57.5,0.90769999999999995133,0.90769999999999995133
-7,-57.5,0.46670000000000000373,0.46670000000000000373
-6,-57.5,0.069500000000000006217,0.069500000000000006217
-5,-57.5,0.097699999999999995182,0.097699999999999995182
-4,-57.5,0.05689999999999999919,0.05689999999999999919
-3,-57.5,0.025700000000000000622,0.025700000000000000622
-2,-57.5,0.022399999999999999772,0.022399999999999999772
-1,-57.5,0.003899999999999999821,0.003899999999999999821
0,-57.5,0.0010000000000000000208,0.0010000000000000000208
1,-57.5,0.0010000000000000000208,0.0010000000000000000208
2,-57.5,0.0013999999999999999858,0.0013999999999999999858
3,-57.5,0.00040000000000000001917,0.00040000000000000001917
4,-57.5,0.00029999999999999997372,0.00029999999999999997372
5,-57.5,0.00010000000000000000479,0.00010000000000000000479
6,-57.5,0.0085000000000000006106,0.0085000000000000006106
7,-57.5,0.016799999999999998962,0.016799999999999998962
8,-57.5,0.02089999999999999844,0.02089999999999999844
9,-57.5,0.010600000000000000047,0.010600000000000000047
10,-57.5,0.011799999999999999725,0.011799999999999999725
11,-57.5,0.03579999999999999849,0.03579999999999999849
12,-57.5,0.072300000000000003153,0.072300000000000003153
13,-57.5,0.067000000000000003997,0.067000000000000003997
14,-57.5,0.078200000000000005618,0.078200000000000005618
15,-57.5,0.098900000000000001799,0.098900000000000001799
16,-57.5,0.2258999999999999897,0.2258999999999999897
17,-57.5,0.39210000000000000409,0.39210000000000000409
18,-57.5,0.49349999999999999423,0.49349999999999999423
19,-57.5,0.42009999999999997344,0.42009999999999997344
20,-57.5,0.6293999999999999595,0.6293999999999999595
21,-57.5,0.80879999999999996341,0.80879999999999996341
22,-57.5,0.89149999999999995914,0.89149999999999995914
23,-57.5,0.97699999999999997957,0.97699999999999997957
24,-57.5,0.93179999999999996163,0.93179999999999996163
25,-57.5,0.6713999999999999968,0.6713999999999999968
26,-57.5,0.41530000000000000249,0.41530000000000000249
27,-57.5,0.28379999999999999671,0.28379999999999999671
28,-57.5,0.28999999999999998002,0.28999999999999998002
29,-57.5,0.20510000000000000453,0.20510000000000000453
30,-57.5,0.095100000000000003975,0.095100000000000003975
31,-57.5,0.041700000000000000955,0.041700000000000000955
32,-57.5,0.053699999999999997735,0.053699999999999997735
33,-57.5,0.089899999999999993805,0.089899999999999993805
34,-57.5,0.11409999999999999309,0.11409999999999999309
35,-57.5,0.27019999999999999574,0.27019999999999999574
36,-57.5,0.80020000000000002238,0.80020000000000002238
37,-57.5,0.95669999999999999485,0.95669999999999999485
38,-57.5,0.53859999999999996767,0.53859999999999996767
39,-57.5,0.13830000000000000626,0.13830000000000000626
40,-57.5,0.42780000000000001359,0.42780000000000001359
41,-57.5,0.6141999999999999682,0.6141999999999999682
42,-57.5,0.48320000000000001839,0.48320000000000001839
43,-57.5,0.67540000000000000036,0.67540000000000000036
44,-57.5,0.64619999999999999662,0.64619999999999999662
45,-57.5,0.34399999999999997247,0.34399999999999997247
46,-57.5,0.26600000000000001421,0.26600000000000001421
47,-57.5,0.69589999999999996305,0.69589999999999996305
48,-57.5,0.87250000000000005329,0.87250000000000005329
49,-57.5,0.77380000000000004334,0.77380000000000004334
50,-57.5,0.42980000000000001537,0.42980000000000001537
51,-57.5,0.44869999999999998774,0.44869999999999998774
52,-57.5,0.94799999999999995381,0.94799999999999995381
53,-57.5,0.76680000000000003713,0.76680000000000003713
54,-57.5,0.29820000000000002061,0.29820000000000002061
55,-57.5,0.1192000000000000004,0.1192000000000000004
56,-57.5,0.22909999999999999809,0.22909999999999999809
57,-57.5,0.094000000000000000222,0.094000000000000000222
58,-57.5,0.087599999999999997313,0.087599999999999997313
59,-57.5,0.36390000000000000124,0.36390000000000000124
60,-57.5,0.91259999999999996678,0.91259999999999996678
61,-57.5,0.77969999999999994866,0.77969999999999994866
62,-57.5,0.23449999999999998623,0.23449999999999998623
63,-57.5,0.057399999999999999634,0.057399999999999999634
64,-57.5,0.058500000000000003386,0.058500000000000003386
65,-57.5,0.12180000000000000548,0.12180000000000000548
66,-57.5,0.15020000000000000018,0.15020000000000000018
67,-57.5,0.095500000000000001554,0.095500000000000001554
68,-57.5,0.15709999999999998965,0.15709999999999998965
69,-57.5,0.22400000000000000466,0.22400000000000000466
70,-57.5,0.39169999999999999263,0.39169999999999999263
-69,-56.25,0.50700000000000000622,0.50700000000000000622
-68,-56.25,0.35460000000000002629,0.35460000000000002629
-67,-56.25,0.71489999999999997993,0.71489999999999997993
-66,-56.25,0.86160000000000003251,0.86160000000000003251
-65,-56.25,0.73839999999999994529,0.73839999999999994529
-64,-56.25,0.73289999999999999591,0.73289999999999999591
-63,-56.25,0.74399999999999999467,0.74399999999999999467
-62,-56.25,0.83819999999999994511,0.83819999999999994511
-61,-56.25,0.63470000000000004192,0.63470000000000004192
-60,-56.25,0.25290000000000001368,0.25290000000000001368
-59,-56.25,0.07449999999999999678,0.07449999999999999678
-58,-56.25,0.028600000000000000422,0.028600000000000000422
-57,-56.25,0.068800000000000000044,0.068800000000000000044
-56,-56.25,0.30930000000000001936,0.30930000000000001936
-55,-56.25,0.57660000000000000142,0.57660000000000000142
-54,-56.25,0.24379999999999998894,0.24379999999999998894
-53,-56.25,0.12449999999999999956,0.12449999999999999956
-52,-56.25,0.25230000000000002425,0.25230000000000002425
-51,-56.25,0.23019999999999998797,0.23019999999999998797
-50,-56.25,0.38600000000000000977,0.38600000000000000977
-49,-56.25,0.2911000000000000254,0.2911000000000000254
-48,-56.25,0.6052999999999999492,0.6052999999999999492
-47,-56.25,0.33460000000000000853,0.33460000000000000853
-46,-56.25,0.13559999999999999831,0.13559999999999999831
-45,-56.25,0.41499999999999998002,0.41499999999999998002
-44,-56.25,0.40479999999999999316,0.40479999999999999316
-43,-56.25,0.25280000000000002469,0.25280000000000002469
-42,-56.25,0.53180000000000005045,0.53180000000000005045
-41,-56.25,0.73419999999999996376,0.73419999999999996376
-40,-56.25,0.18140000000000000568,0.18140000000000000568
-39,-56.25,0.12600000000000000089,0.12600000000000000089
-38,-56.25,0.17990000000000000435,0.17990000000000000435
-37,-56.25,0.10480000000000000426,0.10480000000000000426
-36,-56.25,0.32629999999999997895,0.32629999999999997895
-35,-56.25,0.59979999999999999982,0.59979999999999999982
-34,-56.25,0.31290000000000001146,0.31290000000000001146
-33,-56.25,0.3652000000000000246,0.3652000000000000246
-32,-56.25,0.24240000000000000435,0.24240000000000000435
-31,-56.25,0.048399999999999998579,0.048399999999999998579
-30,-56.25,0.0079000000000000007716,0.0079000000000000007716
-29,-56.25,0.0355999999999999997,0.0355999999999999997
-28,-56.25,0.027900000000000001188,0.027900000000000001188
-27,-56.25,0.048199999999999999789,0.048199999999999999789
-26,-56.25,0.047100000000000002975,0.047100000000000002975
-25,-56.25,0.10440000000000000668,0.10440000000000000668
-24,-56.25,0.17180000000000000826,0.17180000000000000826
-23,-56.25,0.2258999999999999897,0.2258999999999999897
-22,-56.25,0.65369999999999994778,0.65369999999999994778
-21,-56.25,0.16659999999999999809,0.16659999999999999809
-20,-56.25,0.14660000000000000808,0.14660000000000000808
-19,-56.25,0.082400000000000001021,0.082400000000000001021
-18,-56.25,0.076399999999999995692,0.076399999999999995692
-17,-56.25,0.032000000000000000666,0.032000000000000000666
-16,-56.25,0.095100000000000003975,0.095100000000000003975
-15,-56.25,0.033300000000000003209,0.033300000000000003209
-14,-56.25,0.099500000000000005107,0.099500000000000005107
-13,-56.25,0.20210000000000000187,0.20210000000000000187
-12,-56.25,0.0044000000000000002651,0.0044000000000000002651
-11,-56.25,0.00020000000000000000958,0.00020000000000000000958
-10,-56.25,0.00040000000000000001917,0.00040000000000000001917
-9,-56.25,0.00040000000000000001917,0.00040000000000000001917
-8,-56.25,0.21640000000000000902,0.21640000000000000902
-7,-56.25,0.11569999999999999729,0.11569999999999999729
-6,-56.25,0.092700000000000004619,0.092700000000000004619
-5,-56.25,0.11229999999999999705,0.11229999999999999705
-4,-56.25,0.042000000000000002609,0.042000000000000002609
-3,-56.25,0.022200000000000000983,0.022200000000000000983
-2,-56.25,0.029000000000000001471,0.029000000000000001471
-1,-56.25,0.027300000000000001349,0.027300000000000001349
0,-56.25,0.0047999999999999995795,0.0047999999999999995795
1,-56.25,0.00050000000000000001041,0.00050000000000000001041
2,-56.25,0.0010000000000000000208,0.0010000000000000000208
3,-56.25,0.00020000000000000000958,0.00020000000000000000958
4,-56.25,0.00069999999999999999289,0.00069999999999999999289
5,-56.25,0.00069999999999999999289,0.00069999999999999999289
6,-56.25,0.008300000000000000086,0.008300000000000000086
7,-56.25,0.030300000000000000544,0.030300000000000000544
8,-56.25,0.034400000000000000022,0.034400000000000000022
9,-56.25,0.032599999999999997036,0.032599999999999997036
10,-56.25,0.018999999999999999528,0.018999999999999999528
11,-56.25,0.074300000000000004929,0.074300000000000004929
12,-56.25,0.096699999999999994293,0.096699999999999994293
13,-56.25,0.096699999999999994293,0.096699999999999994293
14,-56.25,0.092999999999999999334,0.092999999999999999334
15,-56.25,0.095200000000000006839,0.095200000000000006839
16,-56.25,0.27360000000000000986,0.27360000000000000986
17,-56.25,0.46750000000000002665,0.46750000000000002665
18,-56.25,0.48399999999999998579,0.48399999999999998579
19,-56.25,0.39779999999999998694,0.39779999999999998694
20,-56.25,0.61929999999999996163,0.61929999999999996163
21,-56.25,0.714199999999999946,0.714199999999999946
22,-56.25,0.94359999999999999432,0.94359999999999999432
23,-56.25,0.98640000000000005453,0.98640000000000005453
24,-56.25,0.9885000000000000453,0.9885000000000000453
25,-56.25,0.47570000000000001172,0.47570000000000001172
26,-56.25,0.31940000000000001723,0.31940000000000001723
27,-56.25,0.31269999999999997797,0.31269999999999997797
28,-56.25,0.37169999999999997486,0.37169999999999997486
29,-56.25,0.27329999999999998739,0.27329999999999998739
30,-56.25,0.20610000000000000542,0.20610000000000000542
31,-56.25,0.10739999999999999547,0.10739999999999999547
32,-56.25,0.034700000000000001676,0.034700000000000001676
33,-56.25,0.063399999999999998024,0.063399999999999998024
34,-56.25,0.089399999999999993361,0.089399999999999993361
35,-56.25,0.17849999999999999201,0.17849999999999999201
36,-56.25,0.53939999999999999059,0.53939999999999999059
37,-56.25,0.88439999999999996394,0.88439999999999996394
38,-56.25,0.89610000000000000764,0.89610000000000000764
39,-56.25,0.32890000000000002567,0.32890000000000002567
40,-56.25,0.45739999999999997327,0.45739999999999997327
41,-56.25,0.5383999999999999897,0.5383999999999999897
42,-56.25,0.68440000000000000835,0.68440000000000000835
43,-56.25,0.65549999999999997158,0.65549999999999997158
44,-56.25,0.69969999999999998863,0.69969999999999998863
45,-56.25,0.45710000000000000631,0.45710000000000000631
46,-56.25,0.27839999999999998082,0.27839999999999998082
47,-56.25,0.51649999999999995914,0.51649999999999995914
48,-56.25,0.60129999999999994564,0.60129999999999994564
49,-56.25,0.54420000000000001705,0.54420000000000001705
50,-56.25,0.49559999999999998499,0.49559999999999998499
51,-56.25,0.42320000000000002061,0.42320000000000002061
52,-56.25,0.64280000000000003801,0.64280000000000003801
53,-56.25,0.84519999999999995133,0.84519999999999995133
54,-56.25,0.39569999999999999618,0.39569999999999999618
55,-56.25,0.26910000000000000586,0.26910000000000000586
56,-56.25,0.16470000000000001306,0.16470000000000001306
57,-56.25,0.11840000000000000524,0.11840000000000000524
58,-56.25,0.25700000000000000622,0.25700000000000000622
59,-56.25,0.60389999999999999236,0.60389999999999999236
60,-56.25,0.99629999999999996341,0.99629999999999996341
61,-56.25,0.71940000000000003944,0.71940000000000003944
62,-56.25,0.35030000000000000027,0.35030000000000000027
63,-56.25,0.10370000000000000051,0.10370000000000000051
64,-56.25,0.081500000000000002998,0.081500000000000002998
65,-56.25,0.163000000000000006,0.163000000000000006
66,-56.25,0.16530000000000000249,0.16530000000000000249
67,-56.25,0.15090000000000000635,0.15090000000000000635
68,-56.25,0.2490999999999999881,0.2490999999999999881
69,-56.25,0.40829999999999999627,0.40829999999999999627
70,-56.25,0.63770000000000004459,0.63770000000000004459
-69,-55,0.51539999999999996927,0.51539999999999996927
-68,-55,0.3927999999999999825,0.3927999999999999825
-67,-55,0.75360000000000004761,0.75360000000000004761
-66,-55,0.66500000000000003553,0.66500000000000003553
-65,-55,0.58520000000000005347,0.58520000000000005347
-64,-55,0.5454999999999999849,0.5454999999999999849
-63,-55,0.56489999999999995772,0.56489999999999995772
-62,-55,0.95379999999999998117,0.95379999999999998117
-61,-55,0.6463999999999999746,0.6463999999999999746
-60,-55,0.32779999999999998028,0.32779999999999998028
-59,-55,0.14610000000000000764,0.14610000000000000764
-58,-55,0.076899999999999996136,0.076899999999999996136
-57,-55,0.1175999999999999962,0.1175999999999999962
-56,-55,0.28999999999999998002,0.28999999999999998002
-55,-55,0.36720000000000002638,0.36720000000000002638
-54,-55,0.23319999999999999063,0.23319999999999999063
-53,-55,0.11890000000000000568,0.11890000000000000568
-52,-55,0.31590000000000001412,0.31590000000000001412
-51,-55,0.20219999999999999085,0.20219999999999999085
-50,-55,0.35999999999999998668,0.35999999999999998668
-49,-55,0.2061999999999999944,0.2061999999999999944
-48,-55,0.27400000000000002132,0.27400000000000002132
-47,-55,0.11329999999999999793,0.11329999999999999793
-46,-55,0.14249999999999998779,0.14249999999999998779
-45,-55,0.098900000000000001799,0.098900000000000001799
-44,-55,0.33329999999999998517,0.33329999999999998517
-43,-55,0.43740000000000001101,0.43740000000000001101
-42,-55,0.6311999999999999833,0.6311999999999999833
-41,-55,0.37290000000000000924,0.37290000000000000924
-40,-55,0.11859999999999999709,0.11859999999999999709
-39,-55,0.13730000000000000537,0.13730000000000000537
-38,-55,0.15359999999999998654,0.15359999999999998654
-37,-55,0.078299999999999994604,0.078299999999999994604
-36,-55,0.34920000000000001039,0.34920000000000001039
-35,-55,0.44790000000000002034,0.44790000000000002034
-34,-55,0.23880000000000001226,0.23880000000000001226
-33,-55,0.12470000000000000528,0.12470000000000000528
-32,-55,0.12820000000000000839,0.12820000000000000839
-31,-55,0.13730000000000000537,0.13730000000000000537
-30,-55,0.036100000000000000144,0.036100000000000000144
-29,-55,0.042299999999999997324,0.042299999999999997324
-28,-55,0.04469999999999999668,0.04469999999999999668
-27,-55,0.065900000000000000244,0.065900000000000000244
-26,-55,0.090899999999999994693,0.090899999999999994693
-25,-55,0.18829999999999999516,0.18829999999999999516
-24,-55,0.20790000000000000147,0.20790000000000000147
-23,-55,0.4732000000000000095,0.4732000000000000095
-22,-55,0.77329999999999998739,0.77329999999999998739
-21,-55,0.24390000000000000568,0.24390000000000000568
-20,-55,0.13430000000000000271,0.13430000000000000271
-19,-55,0.042200000000000001399,0.042200000000000001399
-18,-55,0.012200000000000000774,0.012200000000000000774
-17,-55,0.033000000000000001554,0.033000000000000001554
-16,-55,0.046300000000000000877,0.046300000000000000877
-15,-55,0.05340000000000000302,0.05340000000000000302
-14,-55,0.11999999999999999556,0.11999999999999999556
-13,-55,0.089700000000000001954,0.089700000000000001954
-12,-55,0.0028999999999999998002,0.0028999999999999998002
-11,-55,0.00029999999999999997372,0.00029999999999999997372
-10,-55,0.00080000000000000003834,0.00080000000000000003834
-9,-55,0.0017999999999999999507,0.0017999999999999999507
-8,-55,0.033599999999999997924,0.033599999999999997924
-7,-55,0.016199999999999999123,0.016199999999999999123
-6,-55,0.055800000000000002376,0.055800000000000002376
-5,-55,0.061600000000000001976,0.061600000000000001976
-4,-55,0.028799999999999999212,0.028799999999999999212
-3,-55,0.014699999999999999525,0.014699999999999999525
-2,-55,0.010300000000000000128,0.010300000000000000128
-1,-55,0.048199999999999999789,0.048199999999999999789
0,-55,0.094000000000000000222,0.094000000000000000222
1,-55,0.051499999999999997169,0.051499999999999997169
2,-55,0.13029999999999999916,0.13029999999999999916
3,-55,0.079200000000000006506,0.079200000000000006506
4,-55,0.020099999999999999811,0.020099999999999999811
5,-55,0.021999999999999998723,0.021999999999999998723
6,-55,0.043799999999999998657,0.043799999999999998657
7,-55,0.078600000000000003197,0.078600000000000003197
8,-55,0.048700000000000000233,0.048700000000000000233
9,-55,0.063899999999999998468,0.063899999999999998468
10,-55,0.039300000000000001599,0.039300000000000001599
11,-55,0.093299999999999994049,0.093299999999999994049
12,-55,0.11550000000000000544,0.11550000000000000544
13,-55,0.12740000000000001323,0.12740000000000001323
14,-55,0.23339999999999999636,0.23339999999999999636
15,-55,0.14160000000000000364,0.14160000000000000364
16,-55,0.35299999999999998046,0.35299999999999998046
17,-55,0.48890000000000000124,0.48890000000000000124
18,-55,0.4590000000000000191,0.4590000000000000191
19,-55,0.45569999999999999396,0.45569999999999999396
20,-55,0.49469999999999997309,0.49469999999999997309
21,-55,0.72289999999999998703,0.72289999999999998703
22,-55,0.88049999999999994937,0.88049999999999994937
23,-55,0.99850000000000005418,0.99850000000000005418
24,-55,0.97699999999999997957,0.97699999999999997957
25,-55,0.455400000000000027,0.455400000000000027
26,-55,0.43830000000000002292,0.43830000000000002292
27,-55,0.29039999999999999147,0.29039999999999999147
28,-55,0.33219999999999999529,0.33219999999999999529
29,-55,0.51829999999999998295,0.51829999999999998295
30,-55,0.49230000000000001537,0.49230000000000001537
31,-55,0.3411000000000000143,0.3411000000000000143
32,-55,0.12399999999999999911,0.12399999999999999911
33,-55,0.079699999999999993072,0.079699999999999993072
34,-55,0.088900000000000006795,0.088900000000000006795
35,-55,0.1121000000000000052,0.1121000000000000052
36,-55,0.46420000000000000151,0.46420000000000000151
37,-55,0.99190000000000000391,0.99190000000000000391
38,-55,0.9777000000000000135,0.9777000000000000135
39,-55,0.93669999999999997708,0.93669999999999997708
40,-55,0.74590000000000000746,0.74590000000000000746
41,-55,0.57069999999999998508,0.57069999999999998508
42,-55,0.7168999999999999817,0.7168999999999999817
43,-55,0.84550000000000002931,0.84550000000000002931
44,-55,0.8456000000000000183,0.8456000000000000183
45,-55,0.62480000000000002203,0.62480000000000002203
46,-55,0.34679999999999999716,0.34679999999999999716
47,-55,0.25259999999999999121,0.25259999999999999121
48,-55,0.29260000000000002673,0.29260000000000002673
49,-55,0.48359999999999997433,0.48359999999999997433
50,-55,0.41199999999999997735,0.41199999999999997735
51,-55,0.34479999999999999538,0.34479999999999999538
52,-55,0.51470000000000004636,0.51470000000000004636
53,-55,0.88170000000000003926,0.88170000000000003926
54,-55,0.5402000000000000135,0.5402000000000000135
55,-55,0.37869999999999998108,0.37869999999999998108
56,-55,0.16719999999999998752,0.16719999999999998752
57,-55,0.34410000000000001696,0.34410000000000001696
58,-55,0.58289999999999997371,0.58289999999999997371
59,-55,0.77080000000000004068,0.77080000000000004068
60,-55,0.99709999999999998632,0.99709999999999998632
61,-55,0.74699999999999999734,0.74699999999999999734
62,-55,0.35820000000000001839,0.35820000000000001839
63,-55,0.19869999999999998774,0.19869999999999998774
64,-55,0.18010000000000001008,0.18010000000000001008
65,-55,0.22150000000000000244,0.22150000000000000244
66,-55,0.19550000000000000711,0.19550000000000000711
67,-55,0.21929999999999999494,0.21929999999999999494
68,-55,0.34829999999999999849,0.34829999999999999849
69,-55,0.57450000000000001066,0.57450000000000001066
70,-55,0.81820000000000003837,0.81820000000000003837
-69,-53.75,0.49830000000000002069,0.49830000000000002069
-68,-53.75,0.43940000000000001279,0.43940000000000001279
-67,-53.75,0.74699999999999999734,0.74699999999999999734
-66,-53.75,0.59370000000000000551,0.59370000000000000551
-65,-53.75,0.44529999999999997362,0.44529999999999997362
-64,-53.75,0.48080000000000000515,0.48080000000000000515
-63,-53.75,0.57879999999999998117,0.57879999999999998117
-62,-53.75,0.89859999999999995435,0.89859999999999995435
-61,-53.75,0.52980000000000004867,0.52980000000000004867
-60,-53.75,0.40479999999999999316,0.40479999999999999316
-59,-53.75,0.36580000000000001403,0.36580000000000001403
-58,-53.75,0.23009999999999999898,0.23009999999999999898
-57,-53.75,0.31259999999999998899,0.31259999999999998899
-56,-53.75,0.36449999999999999067,0.36449999999999999067
-55,-53.75,0.25550000000000000488,0.25550000000000000488
-54,-53.75,0.33810000000000001164,0.33810000000000001164
-53,-53.75,0.10299999999999999434,0.10299999999999999434
-52,-53.75,0.37449999999999999956,0.37449999999999999956
-51,-53.75,0.19489999999999998992,0.19489999999999998992
-50,-53.75,0.20730000000000001203,0.20730000000000001203
-49,-53.75,0.12180000000000000548,0.12180000000000000548
-48,-53.75,0.21620000000000000329,0.21620000000000000329
-47,-53.75,0.1179000000000000048,0.1179000000000000048
-46,-53.75,0.052499999999999998057,0.052499999999999998057
-45,-53.75,0.050900000000000000799,0.050900000000000000799
-44,-53.75,0.58440000000000003055,0.58440000000000003055
-43,-53.75,0.89310000000000000497,0.89310000000000000497
-42,-53.75,0.41710000000000002629,0.41710000000000002629
-41,-53.75,0.14069999999999999174,0.14069999999999999174
-40,-53.75,0.0384999999999999995,0.0384999999999999995
-39,-53.75,0.086900000000000005018,0.086900000000000005018
-38,-53.75,0.15199999999999999623,0.15199999999999999623
-37,-53.75,0.081699999999999994849,0.081699999999999994849
-36,-53.75,0.38300000000000000711,0.38300000000000000711
-35,-53.75,0.44700000000000000844,0.44700000000000000844
-34,-53.75,0.17480000000000001092,0.17480000000000001092
-33,-53.75,0.090700000000000002842,0.090700000000000002842
-32,-53.75,0.13980000000000000759,0.13980000000000000759
-31,-53.75,0.24460000000000001186,0.24460000000000001186
-30,-53.75,0.092700000000000004619,0.092700000000000004619
-29,-53.75,0.051900000000000001688,0.051900000000000001688
-28,-53.75,0.037900000000000003131,0.037900000000000003131
-27,-53.75,0.058900000000000000966,0.058900000000000000966
-26,-53.75,0.078299999999999994604,0.078299999999999994604
-25,-53.75,0.2767999999999999905,0.2767999999999999905
-24,-53.75,0.42099999999999998535,0.42099999999999998535
-23,-53.75,0.79839999999999999858,0.79839999999999999858
-22,-53.75,0.77249999999999996447,0.77249999999999996447
-21,-53.75,0.51459999999999994635,0.51459999999999994635
-20,-53.75,0.10190000000000000446,0.10190000000000000446
-19,-53.75,0.0037000000000000001638,0.0037000000000000001638
-18,-53.75,0.00899999999999999932,0.00899999999999999932
-17,-53.75,0.0092999999999999992395,0.0092999999999999992395
-16,-53.75,0.011900000000000000855,0.011900000000000000855
-15,-53.75,0.0022999999999999999611,0.0022999999999999999611
-14,-53.75,0.012900000000000000008,0.012900000000000000008
-13,-53.75,0.012999999999999999403,0.012999999999999999403
-12,-53.75,0.00069999999999999999289,0.00069999999999999999289
-11,-53.75,0.00029999999999999997372,0.00029999999999999997372
-10,-53.75,0.003299999999999999982,0.003299999999999999982
-9,-53.75,0.010300000000000000128,0.010300000000000000128
-8,-53.75,0.025299999999999999573,0.025299999999999999573
-7,-53.75,0.034000000000000002442,0.034000000000000002442
-6,-53.75,0.13300000000000000711,0.13300000000000000711
-5,-53.75,0.2258999999999999897,0.2258999999999999897
-4,-53.75,0.13300000000000000711,0.13300000000000000711
-3,-53.75,0.036600000000000000588,0.036600000000000000588
-2,-53.75,0.01490000000000000005,0.01490000000000000005
-1,-53.75,0.21499999999999999667,0.21499999999999999667
0,-53.75,0.40739999999999998437,0.40739999999999998437
1,-53.75,0.29139999999999999236,0.29139999999999999236
2,-53.75,0.225500000000000006,0.225500000000000006
3,-53.75,0.17879999999999998672,0.17879999999999998672
4,-53.75,0.15040000000000000591,0.15040000000000000591
5,-53.75,0.057200000000000000844,0.057200000000000000844
6,-53.75,0.13780000000000000582,0.13780000000000000582
7,-53.75,0.10849999999999999922,0.10849999999999999922
8,-53.75,0.091800000000000006595,0.091800000000000006595
9,-53.75,0.088200000000000000622,0.088200000000000000622
10,-53.75,0.098900000000000001799,0.098900000000000001799
11,-53.75,0.11700000000000000677,0.11700000000000000677
12,-53.75,0.2106999999999999984,0.2106999999999999984
13,-53.75,0.21190000000000000502,0.21190000000000000502
14,-53.75,0.31740000000000001545,0.31740000000000001545
15,-53.75,0.2767999999999999905,0.2767999999999999905
16,-53.75,0.32819999999999999174,0.32819999999999999174
17,-53.75,0.42239999999999999769,0.42239999999999999769
18,-53.75,0.58819999999999994511,0.58819999999999994511
19,-53.75,0.59919999999999995488,0.59919999999999995488
20,-53.75,0.65839999999999998526,0.65839999999999998526
21,-53.75,0.8820999999999999952,0.8820999999999999952
22,-53.75,0.91120000000000000995,0.91120000000000000995
23,-53.75,0.97509999999999996678,0.97509999999999996678
24,-53.75,0.97130000000000005222,0.97130000000000005222
25,-53.75,0.84770000000000000906,0.84770000000000000906
26,-53.75,0.62390000000000001013,0.62390000000000001013
27,-53.75,0.36330000000000001181,0.36330000000000001181
28,-53.75,0.34010000000000001341,0.34010000000000001341
29,-53.75,0.58509999999999995346,0.58509999999999995346
30,-53.75,0.72319999999999995399,0.72319999999999995399
31,-53.75,0.40070000000000000062,0.40070000000000000062
32,-53.75,0.1710000000000000131,0.1710000000000000131
33,-53.75,0.052999999999999998501,0.052999999999999998501
34,-53.75,0.12959999999999999298,0.12959999999999999298
35,-53.75,0.18490000000000000879,0.18490000000000000879
36,-53.75,0.24720000000000000306,0.24720000000000000306
37,-53.75,0.91930000000000000604,0.91930000000000000604
38,-53.75,0.99899999999999999911,0.99899999999999999911
39,-53.75,0.93449999999999999734,0.93449999999999999734
40,-53.75,0.9133999999999999897,0.9133999999999999897
41,-53.75,0.89949999999999996625,0.89949999999999996625
42,-53.75,0.95240000000000002434,0.95240000000000002434
43,-53.75,0.91900000000000003908,0.91900000000000003908
44,-53.75,0.94430000000000002824,0.94430000000000002824
45,-53.75,0.61370000000000002327,0.61370000000000002327
46,-53.75,0.379500000000000004,0.379500000000000004
47,-53.75,0.070499999999999993228,0.070499999999999993228
48,-53.75,0.13059999999999999387,0.13059999999999999387
49,-53.75,0.43480000000000001981,0.43480000000000001981
50,-53.75,0.37040000000000000702,0.37040000000000000702
51,-53.75,0.1746000000000000052,0.1746000000000000052
52,-53.75,0.31500000000000000222,0.31500000000000000222
53,-53.75,0.78149999999999997247,0.78149999999999997247
54,-53.75,0.58160000000000000586,0.58160000000000000586
55,-53.75,0.4124999999999999778,0.4124999999999999778
56,-53.75,0.3195999999999999952,0.3195999999999999952
57,-53.75,0.72919999999999995932,0.72919999999999995932
58,-53.75,0.71099999999999996536,0.71099999999999996536
59,-53.75,0.8947000000000000508,0.8947000000000000508
60,-53.75,0.99739999999999995328,0.99739999999999995328
61,-53.75,0.75629999999999997229,0.75629999999999997229
62,-53.75,0.38309999999999999609,0.38309999999999999609
63,-53.75,0.32100000000000000755,0.32100000000000000755
64,-53.75,0.2313000000000000056,0.2313000000000000056
65,-53.75,0.20780000000000001248,0.20780000000000001248
66,-53.75,0.12460000000000000242,0.12460000000000000242
67,-53.75,0.32009999999999999565,0.32009999999999999565
68,-53.75,0.50200000000000000178,0.50200000000000000178
69,-53.75,0.55230000000000001315,0.55230000000000001315
70,-53.75,0.69699999999999995293,0.69699999999999995293
-69,-52.5,0.56730000000000002647,0.56730000000000002647
-68,-52.5,0.54620000000000001883,0.54620000000000001883
-67,-52.5,0.79510000000000002895,0.79510000000000002895
-66,-52.5,0.58530000000000004245,0.58530000000000004245
-65,-52.5,0.49080000000000001403,0.49080000000000001403
-64,-52.5,0.53939999999999999059,0.53939999999999999059
-63,-52.5,0.53869999999999995666,0.53869999999999995666
-62,-52.5,0.91649999999999998135,0.91649999999999998135
-61,-52.5,0.51919999999999999485,0.51919999999999999485
-60,-52.5,0.48049999999999998268,0.48049999999999998268
-59,-52.5,0.63149999999999995026,0.63149999999999995026
-58,-52.5,0.42559999999999997833,0.42559999999999997833
-57,-52.5,0.53390000000000004121,0.53390000000000004121
-56,-52.5,0.38340000000000001856,0.38340000000000001856
-55,-52.5,0.21370000000000000107,0.21370000000000000107
-54,-52.5,0.32929999999999998161,0.32929999999999998161
-53,-52.5,0.075800000000000006262,0.075800000000000006262
-52,-52.5,0.25509999999999999343,0.25509999999999999343
-51,-52.5,0.19250000000000000444,0.19250000000000000444
-50,-52.5,0.10620000000000000273,0.10620000000000000273
-49,-52.5,0.14189999999999999836,0.14189999999999999836
-48,-52.5,0.20999999999999999223,0.20999999999999999223
-47,-52.5,0.10799999999999999878,0.10799999999999999878
-46,-52.5,0.032000000000000000666,0.032000000000000000666
-45,-52.5,0.10780000000000000693,0.10780000000000000693
-44,-52.5,0.73360000000000002984,0.73360000000000002984
-43,-52.5,0.80910000000000004139,0.80910000000000004139
-42,-52.5,0.52070000000000005169,0.52070000000000005169
-41,-52.5,0.11890000000000000568,0.11890000000000000568
-40,-52.5,0.051600000000000000033,0.051600000000000000033
-39,-52.5,0.13359999999999999654,0.13359999999999999654
-38,-52.5,0.13500000000000000888,0.13500000000000000888
-37,-52.5,0.10230000000000000204,0.10230000000000000204
-36,-52.5,0.41499999999999998002,0.41499999999999998002
-35,-52.5,0.21809999999999998832,0.21809999999999998832
-34,-52.5,0.22909999999999999809,0.22909999999999999809
-33,-52.5,0.36649999999999999245,0.36649999999999999245
-32,-52.5,0.50570000000000003837,0.50570000000000003837
-31,-52.5,0.48909999999999997922,0.48909999999999997922
-30,-52.5,0.29230000000000000426,0.29230000000000000426
-29,-52.5,0.11419999999999999596,0.11419999999999999596
-28,-52.5,0.095200000000000006839,0.095200000000000006839
-27,-52.5,0.06500000000000000222,0.06500000000000000222
-26,-52.5,0.13289999999999999036,0.13289999999999999036
-25,-52.5,0.37019999999999997353,0.37019999999999997353
-24,-52.5,0.37540000000000001146,0.37540000000000001146
-23,-52.5,0.74209999999999998188,0.74209999999999998188
-22,-52.5,0.9304000000000000048,0.9304000000000000048
-21,-52.5,0.56859999999999999432,0.56859999999999999432
-20,-52.5,0.48959999999999997966,0.48959999999999997966
-19,-52.5,0.057599999999999998423,0.057599999999999998423
-18,-52.5,0.016099999999999999728,0.016099999999999999728
-17,-52.5,0.0016000000000000000767,0.0016000000000000000767
-16,-52.5,0.0035999999999999999015,0.0035999999999999999015
-15,-52.5,0.00020000000000000000958,0.00020000000000000000958
-14,-52.5,0.002500000000000000052,0.002500000000000000052
-13,-52.5,0.010999999999999999362,0.010999999999999999362
-12,-52.5,0.0010000000000000000208,0.0010000000000000000208
-11,-52.5,0.0010000000000000000208,0.0010000000000000000208
-10,-52.5,0.020799999999999999045,0.020799999999999999045
-9,-52.5,0.055699999999999999512,0.055699999999999999512
-8,-52.5,0.073499999999999995892,0.073499999999999995892
-7,-52.5,0.08260000000000000675,0.08260000000000000675
-6,-52.5,0.28270000000000000684,0.28270000000000000684
-5,-52.5,0.70279999999999998028,0.70279999999999998028
-4,-52.5,0.47339999999999998748,0.47339999999999998748
-3,-52.5,0.14869999999999999885,0.14869999999999999885
-2,-52.5,0.035499999999999996836,0.035499999999999996836
-1,-52.5,0.125,0.125
0,-52.5,0.69340000000000001634,0.69340000000000001634
1,-52.5,0.55659999999999998366,0.55659999999999998366
2,-52.5,0.10789999999999999591,0.10789999999999999591
3,-52.5,0.31780000000000002691,0.31780000000000002691
4,-52.5,0.34689999999999998614,0.34689999999999998614
5,-52.5,0.19789999999999999258,0.19789999999999999258
6,-52.5,0.22120000000000000773,0.22120000000000000773
7,-52.5,0.13029999999999999916,0.13029999999999999916
8,-52.5,0.13189999999999998948,0.13189999999999998948
9,-52.5,0.078700000000000006062,0.078700000000000006062
10,-52.5,0.094899999999999998246,0.094899999999999998246
11,-52.5,0.1134000000000000008,0.1134000000000000008
12,-52.5,0.24520000000000000129,0.24520000000000000129
13,-52.5,0.22850000000000000866,0.22850000000000000866
14,-52.5,0.26360000000000000098,0.26360000000000000098
15,-52.5,0.24649999999999999689,0.24649999999999999689
16,-52.5,0.25119999999999997886,0.25119999999999997886
17,-52.5,0.42339999999999999858,0.42339999999999999858
18,-52.5,0.59179999999999999272,0.59179999999999999272
19,-52.5,0.70220000000000004636,0.70220000000000004636
20,-52.5,0.74219999999999997087,0.74219999999999997087
21,-52.5,0.8224000000000000199,0.8224000000000000199
22,-52.5,0.92710000000000003517,0.92710000000000003517
23,-52.5,0.9445999999999999952,0.9445999999999999952
24,-52.5,0.96309999999999995612,0.96309999999999995612
25,-52.5,0.84730000000000005311,0.84730000000000005311
26,-52.5,0.84070000000000000284,0.84070000000000000284
27,-52.5,0.75370000000000003659,0.75370000000000003659
28,-52.5,0.73880000000000001226,0.73880000000000001226
29,-52.5,0.79739999999999999769,0.79739999999999999769
30,-52.5,0.90820000000000000728,0.90820000000000000728
31,-52.5,0.60470000000000001528,0.60470000000000001528
32,-52.5,0.17219999999999999196,0.17219999999999999196
33,-52.5,0.031399999999999997358,0.031399999999999997358
34,-52.5,0.016500000000000000777,0.016500000000000000777
35,-52.5,0.099299999999999999378,0.099299999999999999378
36,-52.5,0.27429999999999998828,0.27429999999999998828
37,-52.5,0.51060000000000005382,0.51060000000000005382
38,-52.5,0.73270000000000001794,0.73270000000000001794
39,-52.5,0.97370000000000000995,0.97370000000000000995
40,-52.5,0.67320000000000002061,0.67320000000000002061
41,-52.5,0.59570000000000000728,0.59570000000000000728
42,-52.5,0.76800000000000001599,0.76800000000000001599
43,-52.5,0.71379999999999999005,0.71379999999999999005
44,-52.5,0.96550000000000002487,0.96550000000000002487
45,-52.5,0.59399999999999997247,0.59399999999999997247
46,-52.5,0.37790000000000001368,0.37790000000000001368
47,-52.5,0.15459999999999998743,0.15459999999999998743
48,-52.5,0.12929999999999999827,0.12929999999999999827
49,-52.5,0.28279999999999999583,0.28279999999999999583
50,-52.5,0.18410000000000001363,0.18410000000000001363
51,-52.5,0.16059999999999999276,0.16059999999999999276
52,-52.5,0.21329999999999998961,0.21329999999999998961
53,-52.5,0.35189999999999999059,0.35189999999999999059
54,-52.5,0.83350000000000001865,0.83350000000000001865
55,-52.5,0.42909999999999998144,0.42909999999999998144
56,-52.5,0.26710000000000000409,0.26710000000000000409
57,-52.5,0.67320000000000002061,0.67320000000000002061
58,-52.5,0.66279999999999994476,0.66279999999999994476
59,-52.5,0.82689999999999996838,0.82689999999999996838
60,-52.5,0.99450000000000005063,0.99450000000000005063
61,-52.5,0.73960000000000003517,0.73960000000000003517
62,-52.5,0.34100000000000002531,0.34100000000000002531
63,-52.5,0.26569999999999999174,0.26569999999999999174
64,-52.5,0.25900000000000000799,0.25900000000000000799
65,-52.5,0.23019999999999998797,0.23019999999999998797
66,-52.5,0.084900000000000003242,0.084900000000000003242
67,-52.5,0.58650000000000002132,0.58650000000000002132
68,-52.5,0.79930000000000001048,0.79930000000000001048
69,-52.5,0.60409999999999997033,0.60409999999999997033
70,-52.5,0.68140000000000000568,0.68140000000000000568
-69,-51.25,0.67200000000000004174,0.67200000000000004174
-68,-51.25,0.62860000000000004761,0.62860000000000004761
-67,-51.25,0.83399999999999996358,0.83399999999999996358
-66,-51.25,0.71899999999999997247,0.71899999999999997247
-65,-51.25,0.56230000000000002203,0.56230000000000002203
-64,-51.25,0.55320000000000002505,0.55320000000000002505
-63,-51.25,0.54479999999999995097,0.54479999999999995097
-62,-51.25,0.93389999999999995239,0.93389999999999995239
-61,-51.25,0.67400000000000004352,0.67400000000000004352
-60,-51.25,0.60070000000000001172,0.60070000000000001172
-59,-51.25,0.77210000000000000853,0.77210000000000000853
-58,-51.25,0.60499999999999998224,0.60499999999999998224
-57,-51.25,0.48339999999999999636,0.48339999999999999636
-56,-51.25,0.24809999999999998721,0.24809999999999998721
-55,-51.25,0.25750000000000000666,0.25750000000000000666
-54,-51.25,0.28089999999999998304,0.28089999999999998304
-53,-51.25,0.081699999999999994849,0.081699999999999994849
-52,-51.25,0.2058000000000000107,0.2058000000000000107
-51,-51.25,0.26810000000000000497,0.26810000000000000497
-50,-51.25,0.12239999999999999492,0.12239999999999999492
-49,-51.25,0.28880000000000000115,0.28880000000000000115
-48,-51.25,0.20060000000000000053,0.20060000000000000053
-47,-51.25,0.18890000000000001235,0.18890000000000001235
-46,-51.25,0.054100000000000002254,0.054100000000000002254
-45,-51.25,0.44479999999999997318,0.44479999999999997318
-44,-51.25,0.77100000000000001865,0.77100000000000001865
-43,-51.25,0.9597999999999999865,0.9597999999999999865
-42,-51.25,0.81579999999999996962,0.81579999999999996962
-41,-51.25,0.34929999999999999938,0.34929999999999999938
-40,-51.25,0.20899999999999999134,0.20899999999999999134
-39,-51.25,0.10140000000000000402,0.10140000000000000402
-38,-51.25,0.073499999999999995892,0.073499999999999995892
-37,-51.25,0.11869999999999999996,0.11869999999999999996
-36,-51.25,0.41949999999999998401,0.41949999999999998401
-35,-51.25,0.21959999999999998965,0.21959999999999998965
-34,-51.25,0.40920000000000000817,0.40920000000000000817
-33,-51.25,0.65059999999999995612,0.65059999999999995612
-32,-51.25,0.42699999999999999067,0.42699999999999999067
-31,-51.25,0.70569999999999999396,0.70569999999999999396
-30,-51.25,0.59150000000000002576,0.59150000000000002576
-29,-51.25,0.25530000000000002691,0.25530000000000002691
-28,-51.25,0.075100000000000000089,0.075100000000000000089
-27,-51.25,0.033700000000000000788,0.033700000000000000788
-26,-51.25,0.17549999999999998934,0.17549999999999998934
-25,-51.25,0.35549999999999998268,0.35549999999999998268
-24,-51.25,0.43399999999999999689,0.43399999999999999689
-23,-51.25,0.77370000000000005436,0.77370000000000005436
-22,-51.25,0.8811999999999999833,0.8811999999999999833
-21,-51.25,0.71399999999999996803,0.71399999999999996803
-20,-51.25,0.56620000000000003659,0.56620000000000003659
-19,-51.25,0.051499999999999997169,0.051499999999999997169
-18,-51.25,0.0094000000000000003691,0.0094000000000000003691
-17,-51.25,0.040399999999999998412,0.040399999999999998412
-16,-51.25,0.024899999999999998523,0.024899999999999998523
-15,-51.25,0.0030999999999999998911,0.0030999999999999998911
-14,-51.25,0.0065999999999999999639,0.0065999999999999999639
-13,-51.25,0.065699999999999994515,0.065699999999999994515
-12,-51.25,0.082299999999999998157,0.082299999999999998157
-11,-51.25,0.028400000000000001632,0.028400000000000001632
-10,-51.25,0.0625,0.0625
-9,-51.25,0.11060000000000000386,0.11060000000000000386
-8,-51.25,0.063899999999999998468,0.063899999999999998468
-7,-51.25,0.10069999999999999785,0.10069999999999999785
-6,-51.25,0.33179999999999998384,0.33179999999999998384
-5,-51.25,0.64759999999999995346,0.64759999999999995346
-4,-51.25,0.79190000000000004832,0.79190000000000004832
-3,-51.25,0.24440000000000000613,0.24440000000000000613
-2,-51.25,0.078700000000000006062,0.078700000000000006062
-1,-51.25,0.10879999999999999394,0.10879999999999999394
0,-51.25,0.058799999999999998102,0.058799999999999998102
1,-51.25,0.26619999999999999218,0.26619999999999999218
2,-51.25,0.27710000000000001297,0.27710000000000001297
3,-51.25,0.30109999999999997877,0.30109999999999997877
4,-51.25,0.33710000000000001075,0.33710000000000001075
5,-51.25,0.25480000000000002647,0.25480000000000002647
6,-51.25,0.19040000000000001368,0.19040000000000001368
7,-51.25,0.10109999999999999543,0.10109999999999999543
8,-51.25,0.10789999999999999591,0.10789999999999999591
9,-51.25,0.05070000000000000201,0.05070000000000000201
10,-51.25,0.048899999999999999023,0.048899999999999999023
11,-51.25,0.13850000000000001199,0.13850000000000001199
12,-51.25,0.42999999999999999334,0.42999999999999999334
13,-51.25,0.32050000000000000711,0.32050000000000000711
14,-51.25,0.21709999999999998743,0.21709999999999998743
15,-51.25,0.19029999999999999694,0.19029999999999999694
16,-51.25,0.27520000000000000018,0.27520000000000000018
17,-51.25,0.36180000000000001048,0.36180000000000001048
18,-51.25,0.42749999999999999112,0.42749999999999999112
19,-51.25,0.77659999999999995701,0.77659999999999995701
20,-51.25,0.81879999999999997229,0.81879999999999997229
21,-51.25,0.9152000000000000135,0.9152000000000000135
22,-51.25,0.8715000000000000524,0.8715000000000000524
23,-51.25,0.97430000000000005489,0.97430000000000005489
24,-51.25,0.98740000000000005542,0.98740000000000005542
25,-51.25,0.95479999999999998206,0.95479999999999998206
26,-51.25,0.79259999999999997122,0.79259999999999997122
27,-51.25,0.88690000000000002167,0.88690000000000002167
28,-51.25,0.87190000000000000835,0.87190000000000000835
29,-51.25,0.81750000000000000444,0.81750000000000000444
30,-51.25,0.85689999999999999503,0.85689999999999999503
31,-51.25,0.82130000000000003002,0.82130000000000003002
32,-51.25,0.3634000000000000008,0.3634000000000000008
33,-51.25,0.083299999999999999045,0.083299999999999999045
34,-51.25,0.054699999999999998623,0.054699999999999998623
35,-51.25,0.094299999999999994937,0.094299999999999994937
36,-51.25,0.30099999999999998979,0.30099999999999998979
37,-51.25,0.5420000000000000373,0.5420000000000000373
38,-51.25,0.5563000000000000167,0.5563000000000000167
39,-51.25,0.65739999999999998437,0.65739999999999998437
40,-51.25,0.52259999999999995346,0.52259999999999995346
41,-51.25,0.36209999999999997744,0.36209999999999997744
42,-51.25,0.52349999999999996536,0.52349999999999996536
43,-51.25,0.67700000000000004619,0.67700000000000004619
44,-51.25,0.81850000000000000533,0.81850000000000000533
45,-51.25,0.80300000000000004707,0.80300000000000004707
46,-51.25,0.56389999999999995683,0.56389999999999995683
47,-51.25,0.36259999999999997788,0.36259999999999997788
48,-51.25,0.098799999999999998934,0.098799999999999998934
49,-51.25,0.12959999999999999298,0.12959999999999999298
50,-51.25,0.079899999999999998801,0.079899999999999998801
51,-51.25,0.10710000000000000075,0.10710000000000000075
52,-51.25,0.20560000000000000497,0.20560000000000000497
53,-51.25,0.20519999999999999352,0.20519999999999999352
54,-51.25,0.73399999999999998579,0.73399999999999998579
55,-51.25,0.63919999999999999041,0.63919999999999999041
56,-51.25,0.4472999999999999754,0.4472999999999999754
57,-51.25,0.57030000000000002913,0.57030000000000002913
58,-51.25,0.57609999999999994547,0.57609999999999994547
59,-51.25,0.81369999999999997886,0.81369999999999997886
60,-51.25,0.95520000000000004903,0.95520000000000004903
61,-51.25,0.62399999999999999911,0.62399999999999999911
62,-51.25,0.22439999999999998836,0.22439999999999998836
63,-51.25,0.17710000000000000742,0.17710000000000000742
64,-51.25,0.27629999999999999005,0.27629999999999999005
65,-51.25,0.29789999999999999813,0.29789999999999999813
66,-51.25,0.15640000000000001124,0.15640000000000001124
67,-51.25,0.92079999999999995186,0.92079999999999995186
68,-51.25,0.86499999999999999112,0.86499999999999999112
69,-51.25,0.71830000000000004956,0.71830000000000004956
70,-51.25,0.73999999999999999112,0.73999999999999999112
-69,-50,0.75560000000000004938,0.75560000000000004938
-68,-50,0.69010000000000004672,0.69010000000000004672
-67,-50,0.85840000000000005187,0.85840000000000005187
-66,-50,0.81100000000000005418,0.81100000000000005418
-65,-50,0.60880000000000000782,0.60880000000000000782
-64,-50,0.60960000000000003073,0.60960000000000003073
-63,-50,0.57830000000000003624,0.57830000000000003624
-62,-50,0.93600000000000005418,0.93600000000000005418
-61,-50,0.83560000000000000941,0.83560000000000000941
-60,-50,0.70089999999999996749,0.70089999999999996749
-59,-50,0.80210000000000003517,0.80210000000000003517
-58,-50,0.77419999999999999929,0.77419999999999999929
-57,-50,0.52439999999999997726,0.52439999999999997726
-56,-50,0.14419999999999999485,0.14419999999999999485
-55,-50,0.40050000000000002265,0.40050000000000002265
-54,-50,0.24229999999999998761,0.24229999999999998761
-53,-50,0.085199999999999997957,0.085199999999999997957
-52,-50,0.23080000000000000515,0.23080000000000000515
-51,-50,0.30930000000000001936,0.30930000000000001936
-50,-50,0.18270000000000000129,0.18270000000000000129
-49,-50,0.37909999999999999254,0.37909999999999999254
-48,-50,0.16000000000000000333,0.16000000000000000333
-47,-50,0.37980000000000002647,0.37980000000000002647
-46,-50,0.14580000000000001292,0.14580000000000001292
-45,-50,0.67239999999999999769,0.67239999999999999769
-44,-50,0.63870000000000004547,0.63870000000000004547
-43,-50,0.69659999999999999698,0.69659999999999999698
-42,-50,0.91830000000000000515,0.91830000000000000515
-41,-50,0.67749999999999999112,0.67749999999999999112
-40,-50,0.15349999999999999756,0.15349999999999999756
-39,-50,0.064600000000000004641,0.064600000000000004641
-38,-50,0.10190000000000000446,0.10190000000000000446
-37,-50,0.11730000000000000149,0.11730000000000000149
-36,-50,0.3295000000000000151,0.3295000000000000151
-35,-50,0.1978000000000000036,0.1978000000000000036
-34,-50,0.60719999999999996199,0.60719999999999996199
-33,-50,0.75980000000000003091,0.75980000000000003091
-32,-50,0.47560000000000002274,0.47560000000000002274
-31,-50,0.65300000000000002487,0.65300000000000002487
-30,-50,0.77110000000000000764,0.77110000000000000764
-29,-50,0.34599999999999997424,0.34599999999999997424
-28,-50,0.055000000000000000278,0.055000000000000000278
-27,-50,0.10770000000000000406,0.10770000000000000406
-26,-50,0.60509999999999997122,0.60509999999999997122
-25,-50,0.59040000000000003588,0.59040000000000003588
-24,-50,0.8072000000000000286,0.8072000000000000286
-23,-50,0.86719999999999997087,0.86719999999999997087
-22,-50,0.72350000000000003197,0.72350000000000003197
-21,-50,0.58840000000000003411,0.58840000000000003411
-20,-50,0.50190000000000001279,0.50190000000000001279
-19,-50,0.084500000000000005662,0.084500000000000005662
-18,-50,0.019800000000000001626,0.019800000000000001626
-17,-50,0.047800000000000002209,0.047800000000000002209
-16,-50,0.0094999999999999997641,0.0094999999999999997641
-15,-50,0.0017999999999999999507,0.0017999999999999999507
-14,-50,0.0023999999999999997898,0.0023999999999999997898
-13,-50,0.049599999999999998257,0.049599999999999998257
-12,-50,0.018300000000000000294,0.018300000000000000294
-11,-50,0.022700000000000001427,0.022700000000000001427
-10,-50,0.080199999999999993516,0.080199999999999993516
-9,-50,0.099400000000000002243,0.099400000000000002243
-8,-50,0.097299999999999997602,0.097299999999999997602
-7,-50,0.27889999999999998126,0.27889999999999998126
-6,-50,0.71289999999999997815,0.71289999999999997815
-5,-50,0.60880000000000000782,0.60880000000000000782
-4,-50,0.74980000000000002203,0.74980000000000002203
-3,-50,0.32540000000000002256,0.32540000000000002256
-2,-50,0.022800000000000000822,0.022800000000000000822
-1,-50,0.075600000000000000533,0.075600000000000000533
0,-50,0.10320000000000000007,0.10320000000000000007
1,-50,0.15409999999999998699,0.15409999999999998699
2,-50,0.29520000000000001794,0.29520000000000001794
3,-50,0.32200000000000000844,0.32200000000000000844
4,-50,0.29789999999999999813,0.29789999999999999813
5,-50,0.2741000000000000103,0.2741000000000000103
6,-50,0.15700000000000000067,0.15700000000000000067
7,-50,0.079899999999999998801,0.079899999999999998801
8,-50,0.080799999999999996825,0.080799999999999996825
9,-50,0.053300000000000000155,0.053300000000000000155
10,-50,0.033500000000000001998,0.033500000000000001998
11,-50,0.087800000000000003042,0.087800000000000003042
12,-50,0.53830000000000000071,0.53830000000000000071
13,-50,0.33489999999999997549,0.33489999999999997549
14,-50,0.2570999999999999952,0.2570999999999999952
15,-50,0.26479999999999997984,0.26479999999999997984
16,-50,0.21149999999999999356,0.21149999999999999356
17,-50,0.20510000000000000453,0.20510000000000000453
18,-50,0.32329999999999997629,0.32329999999999997629
19,-50,0.62929999999999997051,0.62929999999999997051
20,-50,0.839199999999999946,0.839199999999999946
21,-50,0.9313000000000000167,0.9313000000000000167
22,-50,0.88529999999999997584,0.88529999999999997584
23,-50,0.98009999999999997122,0.98009999999999997122
24,-50,0.98640000000000005453,0.98640000000000005453
25,-50,0.76249999999999995559,0.76249999999999995559
26,-50,0.49280000000000001581,0.49280000000000001581
27,-50,0.60370000000000001439,0.60370000000000001439
28,-50,0.89180000000000003713,0.89180000000000003713
29,-50,0.73609999999999997655,0.73609999999999997655
30,-50,0.64139999999999997016,0.64139999999999997016
31,-50,0.7302999999999999492,0.7302999999999999492
32,-50,0.57069999999999998508,0.57069999999999998508
33,-50,0.47129999999999999671,0.47129999999999999671
34,-50,0.40189999999999997948,0.40189999999999997948
35,-50,0.34539999999999998481,0.34539999999999998481
36,-50,0.40550000000000002709,0.40550000000000002709
37,-50,0.66820000000000001616,0.66820000000000001616
38,-50,0.4749999999999999778,0.4749999999999999778
39,-50,0.42330000000000000959,0.42330000000000000959
40,-50,0.42059999999999997389,0.42059999999999997389
41,-50,0.35060000000000002274,0.35060000000000002274
42,-50,0.40370000000000000329,0.40370000000000000329
43,-50,0.62890000000000001457,0.62890000000000001457
44,-50,0.77720000000000000195,0.77720000000000000195
45,-50,0.96040000000000003144,0.96040000000000003144
46,-50,0.89070000000000004725,0.89070000000000004725
47,-50,0.64349999999999996092,0.64349999999999996092
48,-50,0.21679999999999999272,0.21679999999999999272
49,-50,0.12790000000000001368,0.12790000000000001368
50,-50,0.061899999999999996692,0.061899999999999996692
51,-50,0.064000000000000001332,0.064000000000000001332
52,-50,0.12199999999999999734,0.12199999999999999734
53,-50,0.25669999999999998375,0.25669999999999998375
54,-50,0.58609999999999995435,0.58609999999999995435
55,-50,0.79310000000000002718,0.79310000000000002718
56,-50,0.82540000000000002256,0.82540000000000002256
57,-50,0.70789999999999997371,0.70789999999999997371
58,-50,0.62099999999999999645,0.62099999999999999645
59,-50,0.84509999999999996234,0.84509999999999996234
60,-50,0.82740000000000002434,0.82740000000000002434
61,-50,0.34139999999999998126,0.34139999999999998126
62,-50,0.12540000000000001146,0.12540000000000001146
63,-50,0.13380000000000000226,0.13380000000000000226
64,-50,0.32969999999999999307,0.32969999999999999307
65,-50,0.38819999999999998952,0.38819999999999998952
66,-50,0.50760000000000005116,0.50760000000000005116
67,-50,0.71630000000000004778,0.71630000000000004778
68,-50,0.75919999999999998597,0.75919999999999998597
69,-50,0.65149999999999996803,0.65149999999999996803
70,-50,0.61699999999999999289,0.61699999999999999289
-69,-48.75,0.78629999999999999893,0.78629999999999999893
-68,-48.75,0.73409999999999997478,0.73409999999999997478
-67,-48.75,0.87819999999999998064,0.87819999999999998064
-66,-48.75,0.87960000000000004849,0.87960000000000004849
-65,-48.75,0.66890000000000005009,0.66890000000000005009
-64,-48.75,0.62819999999999998064,0.62819999999999998064
-63,-48.75,0.69589999999999996305,0.69589999999999996305
-62,-48.75,0.95260000000000000231,0.95260000000000000231
-61,-48.75,0.94499999999999995115,0.94499999999999995115
-60,-48.75,0.73680000000000001048,0.73680000000000001048
-59,-48.75,0.75360000000000004761,0.75360000000000004761
-58,-48.75,0.79600000000000004086,0.79600000000000004086
-57,-48.75,0.56910000000000005027,0.56910000000000005027
-56,-48.75,0.26569999999999999174,0.26569999999999999174
-55,-48.75,0.40289999999999998037,0.40289999999999998037
-54,-48.75,0.23319999999999999063,0.23319999999999999063
-53,-48.75,0.13709999999999999964,0.13709999999999999964
-52,-48.75,0.47010000000000001785,0.47010000000000001785
-51,-48.75,0.3920000000000000151,0.3920000000000000151
-50,-48.75,0.39029999999999998028,0.39029999999999998028
-49,-48.75,0.26279999999999997806,0.26279999999999997806
-48,-48.75,0.15740000000000001212,0.15740000000000001212
-47,-48.75,0.30209999999999997966,0.30209999999999997966
-46,-48.75,0.30349999999999999201,0.30349999999999999201
-45,-48.75,0.38140000000000001679,0.38140000000000001679
-44,-48.75,0.52429999999999998828,0.52429999999999998828
-43,-48.75,0.71379999999999999005,0.71379999999999999005
-42,-48.75,0.97460000000000002185,0.97460000000000002185
-41,-48.75,0.65639999999999998348,0.65639999999999998348
-40,-48.75,0.17080000000000000737,0.17080000000000000737
-39,-48.75,0.085400000000000003686,0.085400000000000003686
-38,-48.75,0.066600000000000006417,0.066600000000000006417
-37,-48.75,0.1433000000000000107,0.1433000000000000107
-36,-48.75,0.22930000000000000382,0.22930000000000000382
-35,-48.75,0.17269999999999999241,0.17269999999999999241
-34,-48.75,0.45560000000000000497,0.45560000000000000497
-33,-48.75,0.50670000000000003926,0.50670000000000003926
-32,-48.75,0.486599999999999977,0.486599999999999977
-31,-48.75,0.74509999999999998455,0.74509999999999998455
-30,-48.75,0.60999999999999998668,0.60999999999999998668
-29,-48.75,0.26690000000000002611,0.26690000000000002611
-28,-48.75,0.052999999999999998501,0.052999999999999998501
-27,-48.75,0.057799999999999997213,0.057799999999999997213
-26,-48.75,0.58520000000000005347,0.58520000000000005347
-25,-48.75,0.63109999999999999432,0.63109999999999999432
-24,-48.75,0.86170000000000002149,0.86170000000000002149
-23,-48.75,0.8715000000000000524,0.8715000000000000524
-22,-48.75,0.82930000000000003713,0.82930000000000003713
-21,-48.75,0.83340000000000002967,0.83340000000000002967
-20,-48.75,0.6543999999999999817,0.6543999999999999817
-19,-48.75,0.26290000000000002256,0.26290000000000002256
-18,-48.75,0.031399999999999997358,0.031399999999999997358
-17,-48.75,0.036100000000000000144,0.036100000000000000144
-16,-48.75,0.018100000000000001504,0.018100000000000001504
-15,-48.75,0.0041999999999999997405,0.0041999999999999997405
-14,-48.75,0.0055999999999999999431,0.0055999999999999999431
-13,-48.75,0.013499999999999999847,0.013499999999999999847
-12,-48.75,0.027799999999999998324,0.027799999999999998324
-11,-48.75,0.051099999999999999589,0.051099999999999999589
-10,-48.75,0.14360000000000000542,0.14360000000000000542
-9,-48.75,0.24249999999999999334,0.24249999999999999334
-8,-48.75,0.37459999999999998854,0.37459999999999998854
-7,-48.75,0.31180000000000002158,0.31180000000000002158
-6,-48.75,0.57640000000000002345,0.57640000000000002345
-5,-48.75,0.482099999999999973,0.482099999999999973
-4,-48.75,0.58720000000000005524,0.58720000000000005524
-3,-48.75,0.35410000000000002585,0.35410000000000002585
-2,-48.75,0.040500000000000001277,0.040500000000000001277
-1,-48.75,0.035700000000000002565,0.035700000000000002565
0,-48.75,0.060299999999999999434,0.060299999999999999434
1,-48.75,0.11880000000000000282,0.11880000000000000282
2,-48.75,0.35739999999999999547,0.35739999999999999547
3,-48.75,0.28649999999999997691,0.28649999999999997691
4,-48.75,0.26219999999999998863,0.26219999999999998863
5,-48.75,0.22709999999999999631,0.22709999999999999631
6,-48.75,0.11250000000000000278,0.11250000000000000278
7,-48.75,0.058999999999999996891,0.058999999999999996891
8,-48.75,0.095600000000000004419,0.095600000000000004419
9,-48.75,0.037199999999999996958,0.037199999999999996958
10,-48.75,0.021600000000000001144,0.021600000000000001144
11,-48.75,0.080199999999999993516,0.080199999999999993516
12,-48.75,0.53049999999999997158,0.53049999999999997158
13,-48.75,0.45569999999999999396,0.45569999999999999396
14,-48.75,0.46229999999999998872,0.46229999999999998872
15,-48.75,0.40720000000000000639,0.40720000000000000639
16,-48.75,0.15609999999999998876,0.15609999999999998876
17,-48.75,0.10829999999999999349,0.10829999999999999349
18,-48.75,0.31879999999999997229,0.31879999999999997229
19,-48.75,0.53949999999999997957,0.53949999999999997957
20,-48.75,0.8635000000000000453,0.8635000000000000453
21,-48.75,0.81110000000000004317,0.81110000000000004317
22,-48.75,0.81079999999999996518,0.81079999999999996518
23,-48.75,0.99890000000000001013,0.99890000000000001013
24,-48.75,0.93169999999999997264,0.93169999999999997264
25,-48.75,0.59819999999999995399,0.59819999999999995399
26,-48.75,0.23410000000000000253,0.23410000000000000253
27,-48.75,0.33069999999999999396,0.33069999999999999396
28,-48.75,0.73489999999999999769,0.73489999999999999769
29,-48.75,0.62309999999999998721,0.62309999999999998721
30,-48.75,0.7206000000000000183,0.7206000000000000183
31,-48.75,0.80289999999999994706,0.80289999999999994706
32,-48.75,0.47920000000000001483,0.47920000000000001483
33,-48.75,0.71860000000000001652,0.71860000000000001652
34,-48.75,0.56640000000000001457,0.56640000000000001457
35,-48.75,0.56999999999999995115,0.56999999999999995115
36,-48.75,0.2947000000000000175,0.2947000000000000175
37,-48.75,0.53569999999999995399,0.53569999999999995399
38,-48.75,0.53069999999999994955,0.53069999999999994955
39,-48.75,0.54320000000000001616,0.54320000000000001616
40,-48.75,0.58269999999999999574,0.58269999999999999574
41,-48.75,0.45800000000000001821,0.45800000000000001821
42,-48.75,0.37399999999999999911,0.37399999999999999911
43,-48.75,0.50549999999999994937,0.50549999999999994937
44,-48.75,0.68859999999999998987,0.68859999999999998987
45,-48.75,0.88109999999999999432,0.88109999999999999432
46,-48.75,0.99160000000000003695,0.99160000000000003695
47,-48.75,0.77380000000000004334,0.77380000000000004334
48,-48.75,0.57089999999999996305,0.57089999999999996305
49,-48.75,0.31650000000000000355,0.31650000000000000355
50,-48.75,0.16950000000000001177,0.16950000000000001177
51,-48.75,0.11890000000000000568,0.11890000000000000568
52,-48.75,0.10530000000000000471,0.10530000000000000471
53,-48.75,0.21449999999999999623,0.21449999999999999623
54,-48.75,0.43719999999999997753,0.43719999999999997753
55,-48.75,0.7026999999999999913,0.7026999999999999913
56,-48.75,0.78869999999999995666,0.78869999999999995666
57,-48.75,0.69159999999999999254,0.69159999999999999254
58,-48.75,0.68600000000000005418,0.68600000000000005418
59,-48.75,0.81350000000000000089,0.81350000000000000089
60,-48.75,0.63280000000000002913,0.63280000000000002913
61,-48.75,0.12130000000000000504,0.12130000000000000504
62,-48.75,0.084699999999999997513,0.084699999999999997513
63,-48.75,0.1433000000000000107,0.1433000000000000107
64,-48.75,0.34860000000000002096,0.34860000000000002096
65,-48.75,0.33100000000000001643,0.33100000000000001643
66,-48.75,0.53000000000000002665,0.53000000000000002665
67,-48.75,0.54490000000000005098,0.54490000000000005098
68,-48.75,0.73060000000000002718,0.73060000000000002718
69,-48.75,0.72389999999999998792,0.72389999999999998792
70,-48.75,0.67689999999999994618,0.67689999999999994618
-69,-47.5,0.77559999999999995612,0.77559999999999995612
-68,-47.5,0.77210000000000000853,0.77210000000000000853
-67,-47.5,0.90620000000000000551,0.90620000000000000551
-66,-47.5,0.94889999999999996572,0.94889999999999996572
-65,-47.5,0.7338999999999999968,0.7338999999999999968
-64,-47.5,0.7116000000000000103,0.7116000000000000103
-63,-47.5,0.85970000000000001972,0.85970000000000001972
-62,-47.5,0.97819999999999995843,0.97819999999999995843
-61,-47.5,0.95040000000000002256,0.95040000000000002256
-60,-47.5,0.71919999999999995044,0.71919999999999995044
-59,-47.5,0.80330000000000001403,0.80330000000000001403
-58,-47.5,0.71370000000000000107,0.71370000000000000107
-57,-47.5,0.6222999999999999643,0.6222999999999999643
-56,-47.5,0.46750000000000002665,0.46750000000000002665
-55,-47.5,0.28220000000000000639,0.28220000000000000639
-54,-47.5,0.26860000000000000542,0.26860000000000000542
-53,-47.5,0.34789999999999998703,0.34789999999999998703
-52,-47.5,0.54410000000000002807,0.54410000000000002807
-51,-47.5,0.40410000000000001474,0.40410000000000001474
-50,-47.5,0.35599999999999998312,0.35599999999999998312
-49,-47.5,0.18190000000000000613,0.18190000000000000613
-48,-47.5,0.16850000000000001088,0.16850000000000001088
-47,-47.5,0.41449999999999997957,0.41449999999999997957
-46,-47.5,0.38540000000000002034,0.38540000000000002034
-45,-47.5,0.26510000000000000231,0.26510000000000000231
-44,-47.5,0.65539999999999998259,0.65539999999999998259
-43,-47.5,0.84499999999999997335,0.84499999999999997335
-42,-47.5,0.81669999999999998153,0.81669999999999998153
-41,-47.5,0.54849999999999998757,0.54849999999999998757
-40,-47.5,0.15079999999999998961,0.15079999999999998961
-39,-47.5,0.12360000000000000153,0.12360000000000000153
-38,-47.5,0.11239999999999999991,0.11239999999999999991
-37,-47.5,0.29080000000000000293,0.29080000000000000293
-36,-47.5,0.2396999999999999964,0.2396999999999999964
-35,-47.5,0.3222999999999999754,0.3222999999999999754
-34,-47.5,0.32000000000000000666,0.32000000000000000666
-33,-47.5,0.44629999999999997451,0.44629999999999997451
-32,-47.5,0.72379999999999999893,0.72379999999999999893
-31,-47.5,0.92569999999999996732,0.92569999999999996732
-30,-47.5,0.52990000000000003766,0.52990000000000003766
-29,-47.5,0.46779999999999999361,0.46779999999999999361
-28,-47.5,0.19100000000000000311,0.19100000000000000311
-27,-47.5,0.26640000000000002567,0.26640000000000002567
-26,-47.5,0.63449999999999995293,0.63449999999999995293
-25,-47.5,0.85240000000000004654,0.85240000000000004654
-24,-47.5,0.64970000000000005524,0.64970000000000005524
-23,-47.5,0.96960000000000001741,0.96960000000000001741
-22,-47.5,0.84260000000000001563,0.84260000000000001563
-21,-47.5,0.79679999999999995275,0.79679999999999995275
-20,-47.5,0.71060000000000000941,0.71060000000000000941
-19,-47.5,0.097100000000000005751,0.097100000000000005751
-18,-47.5,0.024600000000000000339,0.024600000000000000339
-17,-47.5,0.0094999999999999997641,0.0094999999999999997641
-16,-47.5,0.019300000000000001182,0.019300000000000001182
-15,-47.5,0.045900000000000003297,0.045900000000000003297
-14,-47.5,0.053699999999999997735,0.053699999999999997735
-13,-47.5,0.072999999999999995448,0.072999999999999995448
-12,-47.5,0.052200000000000003342,0.052200000000000003342
-11,-47.5,0.055199999999999999067,0.055199999999999999067
-10,-47.5,0.09909999999999999365,0.09909999999999999365
-9,-47.5,0.21490000000000000768,0.21490000000000000768
-8,-47.5,0.44100000000000000311,0.44100000000000000311
-7,-47.5,0.29489999999999999547,0.29489999999999999547
-6,-47.5,0.12740000000000001323,0.12740000000000001323
-5,-47.5,0.092299999999999993161,0.092299999999999993161
-4,-47.5,0.046800000000000001321,0.046800000000000001321
-3,-47.5,0.14349999999999998868,0.14349999999999998868
-2,-47.5,0.079200000000000006506,0.079200000000000006506
-1,-47.5,0.03309999999999999748,0.03309999999999999748
0,-47.5,0.046499999999999999667,0.046499999999999999667
1,-47.5,0.066100000000000005973,0.066100000000000005973
2,-47.5,0.27189999999999997504,0.27189999999999997504
3,-47.5,0.31149999999999999911,0.31149999999999999911
4,-47.5,0.26819999999999999396,0.26819999999999999396
5,-47.5,0.29039999999999999147,0.29039999999999999147
6,-47.5,0.12270000000000000351,0.12270000000000000351
7,-47.5,0.069599999999999995204,0.069599999999999995204
8,-47.5,0.097799999999999998046,0.097799999999999998046
9,-47.5,0.044799999999999999545,0.044799999999999999545
10,-47.5,0.027900000000000001188,0.027900000000000001188
11,-47.5,0.082900000000000001465,0.082900000000000001465
12,-47.5,0.49680000000000001936,0.49680000000000001936
13,-47.5,0.6240999999999999881,0.6240999999999999881
14,-47.5,0.62629999999999996785,0.62629999999999996785
15,-47.5,0.38700000000000001066,0.38700000000000001066
16,-47.5,0.15950000000000000289,0.15950000000000000289
17,-47.5,0.1353000000000000036,0.1353000000000000036
18,-47.5,0.37800000000000000266,0.37800000000000000266
19,-47.5,0.66259999999999996678,0.66259999999999996678
20,-47.5,0.98440000000000005276,0.98440000000000005276
21,-47.5,0.62700000000000000178,0.62700000000000000178
22,-47.5,0.56130000000000002114,0.56130000000000002114
23,-47.5,0.98819999999999996732,0.98819999999999996732
24,-47.5,0.66969999999999996199,0.66969999999999996199
25,-47.5,0.90620000000000000551,0.90620000000000000551
26,-47.5,0.44280000000000002691,0.44280000000000002691
27,-47.5,0.55579999999999996074,0.55579999999999996074
28,-47.5,0.63200000000000000622,0.63200000000000000622
29,-47.5,0.25950000000000000844,0.25950000000000000844
30,-47.5,0.4277000000000000246,0.4277000000000000246
31,-47.5,0.47220000000000000862,0.47220000000000000862
32,-47.5,0.24119999999999999774,0.24119999999999999774
33,-47.5,0.27260000000000000897,0.27260000000000000897
34,-47.5,0.58930000000000004601,0.58930000000000004601
35,-47.5,0.45419999999999999263,0.45419999999999999263
36,-47.5,0.81169999999999997708,0.81169999999999997708
37,-47.5,0.63829999999999997851,0.63829999999999997851
38,-47.5,0.67020000000000001794,0.67020000000000001794
39,-47.5,0.63249999999999995115,0.63249999999999995115
40,-47.5,0.50909999999999999698,0.50909999999999999698
41,-47.5,0.60229999999999994653,0.60229999999999994653
42,-47.5,0.31199999999999999956,0.31199999999999999956
43,-47.5,0.29239999999999999325,0.29239999999999999325
44,-47.5,0.7215000000000000302,0.7215000000000000302
45,-47.5,0.94479999999999997318,0.94479999999999997318
46,-47.5,0.86580000000000001403,0.86580000000000001403
47,-47.5,0.95209999999999994635,0.95209999999999994635
48,-47.5,0.6840000000000000524,0.6840000000000000524
49,-47.5,0.46529999999999999138,0.46529999999999999138
50,-47.5,0.26860000000000000542,0.26860000000000000542
51,-47.5,0.18979999999999999649,0.18979999999999999649
52,-47.5,0.18310000000000001275,0.18310000000000001275
53,-47.5,0.25890000000000001901,0.25890000000000001901
54,-47.5,0.40849999999999997424,0.40849999999999997424
55,-47.5,0.49759999999999998677,0.49759999999999998677
56,-47.5,0.7079999999999999627,0.7079999999999999627
57,-47.5,0.69120000000000003659,0.69120000000000003659
58,-47.5,0.63900000000000001243,0.63900000000000001243
59,-47.5,0.81630000000000002558,0.81630000000000002558
60,-47.5,0.40320000000000000284,0.40320000000000000284
61,-47.5,0.092600000000000001754,0.092600000000000001754
62,-47.5,0.12920000000000000928,0.12920000000000000928
63,-47.5,0.16170000000000001039,0.16170000000000001039
64,-47.5,0.29289999999999999369,0.29289999999999999369
65,-47.5,0.24460000000000001186,0.24460000000000001186
66,-47.5,0.35389999999999999236,0.35389999999999999236
67,-47.5,0.49040000000000000258,0.49040000000000000258
68,-47.5,0.68689999999999995506,0.68689999999999995506
69,-47.5,0.73440000000000005276,0.73440000000000005276
70,-47.5,0.69010000000000004672,0.69010000000000004672
-69,-46.25,0.80820000000000002949,0.80820000000000002949
-68,-46.25,0.79410000000000002807,0.79410000000000002807
-67,-46.25,0.89139999999999997016,0.89139999999999997016
-66,-46.25,0.95599999999999996092,0.95599999999999996092
-65,-46.25,0.8322000000000000508,0.8322000000000000508
-64,-46.25,0.84219999999999994866,0.84219999999999994866
-63,-46.25,0.9650999999999999579,0.9650999999999999579
-62,-46.25,0.99809999999999998721,0.99809999999999998721
-61,-46.25,0.84470000000000000639,0.84470000000000000639
-60,-46.25,0.63460000000000005294,0.63460000000000005294
-59,-46.25,0.76659999999999994813,0.76659999999999994813
-58,-46.25,0.78969999999999995755,0.78969999999999995755
-57,-46.25,0.65369999999999994778,0.65369999999999994778
-56,-46.25,0.38369999999999998552,0.38369999999999998552
-55,-46.25,0.29759999999999997566,0.29759999999999997566
-54,-46.25,0.33360000000000000764,0.33360000000000000764
-53,-46.25,0.41089999999999998748,0.41089999999999998748
-52,-46.25,0.53159999999999996145,0.53159999999999996145
-51,-46.25,0.57779999999999998028,0.57779999999999998028
-50,-46.25,0.32840000000000002522,0.32840000000000002522
-49,-46.25,0.21640000000000000902,0.21640000000000000902
-48,-46.25,0.3179000000000000159,0.3179000000000000159
-47,-46.25,0.33350000000000001865,0.33350000000000001865
-46,-46.25,0.32960000000000000409,0.32960000000000000409
-45,-46.25,0.49940000000000001057,0.49940000000000001057
-44,-46.25,0.68230000000000001759,0.68230000000000001759
-43,-46.25,0.79649999999999998579,0.79649999999999998579
-42,-46.25,0.94489999999999996216,0.94489999999999996216
-41,-46.25,0.4410999999999999921,0.4410999999999999921
-40,-46.25,0.12009999999999999842,0.12009999999999999842
-39,-46.25,0.21799999999999999933,0.21799999999999999933
-38,-46.25,0.19450000000000000622,0.19450000000000000622
-37,-46.25,0.30299999999999999156,0.30299999999999999156
-36,-46.25,0.51819999999999999396,0.51819999999999999396
-35,-46.25,0.68630000000000002114,0.68630000000000002114
-34,-46.25,0.72840000000000004743,0.72840000000000004743
-33,-46.25,0.90529999999999999361,0.90529999999999999361
-32,-46.25,0.95299999999999995826,0.95299999999999995826
-31,-46.25,0.94640000000000001901,0.94640000000000001901
-30,-46.25,0.58560000000000000941,0.58560000000000000941
-29,-46.25,0.50290000000000001368,0.50290000000000001368
-28,-46.25,0.21310000000000001164,0.21310000000000001164
-27,-46.25,0.16900000000000001132,0.16900000000000001132
-26,-46.25,0.42070000000000001839,0.42070000000000001839
-25,-46.25,0.94359999999999999432,0.94359999999999999432
-24,-46.25,0.85289999999999999147,0.85289999999999999147
-23,-46.25,0.96640000000000003677,0.96640000000000003677
-22,-46.25,0.76670000000000004814,0.76670000000000004814
-21,-46.25,0.64839999999999997637,0.64839999999999997637
-20,-46.25,0.22570000000000001172,0.22570000000000001172
-19,-46.25,0.1887999999999999956,0.1887999999999999956
-18,-46.25,0.34889999999999998792,0.34889999999999998792
-17,-46.25,0.21950000000000000067,0.21950000000000000067
-16,-46.25,0.153999999999999998,0.153999999999999998
-15,-46.25,0.22350000000000000422,0.22350000000000000422
-14,-46.25,0.1317000000000000115,0.1317000000000000115
-13,-46.25,0.055100000000000003142,0.055100000000000003142
-12,-46.25,0.044200000000000003175,0.044200000000000003175
-11,-46.25,0.027300000000000001349,0.027300000000000001349
-10,-46.25,0.092600000000000001754,0.092600000000000001754
-9,-46.25,0.15359999999999998654,0.15359999999999998654
-8,-46.25,0.25059999999999998943,0.25059999999999998943
-7,-46.25,0.17130000000000000782,0.17130000000000000782
-6,-46.25,0.11229999999999999705,0.11229999999999999705
-5,-46.25,0.018800000000000000738,0.018800000000000000738
-4,-46.25,0.020000000000000000416,0.020000000000000000416
-3,-46.25,0.088599999999999998201,0.088599999999999998201
-2,-46.25,0.10000000000000000555,0.10000000000000000555
-1,-46.25,0.038600000000000002365,0.038600000000000002365
0,-46.25,0.054399999999999996969,0.054399999999999996969
1,-46.25,0.054600000000000002698,0.054600000000000002698
2,-46.25,0.15740000000000001212,0.15740000000000001212
3,-46.25,0.33860000000000001208,0.33860000000000001208
4,-46.25,0.31730000000000002647,0.31730000000000002647
5,-46.25,0.3820999999999999952,0.3820999999999999952
6,-46.25,0.22459999999999999409,0.22459999999999999409
7,-46.25,0.11459999999999999354,0.11459999999999999354
8,-46.25,0.12529999999999999472,0.12529999999999999472
9,-46.25,0.079100000000000003642,0.079100000000000003642
10,-46.25,0.034000000000000002442,0.034000000000000002442
11,-46.25,0.063000000000000000444,0.063000000000000000444
12,-46.25,0.43959999999999999076,0.43959999999999999076
13,-46.25,0.57599999999999995648,0.57599999999999995648
14,-46.25,0.74370000000000002771,0.74370000000000002771
15,-46.25,0.34789999999999998703,0.34789999999999998703
16,-46.25,0.23109999999999999987,0.23109999999999999987
17,-46.25,0.37709999999999999076,0.37709999999999999076
18,-46.25,0.48509999999999997566,0.48509999999999997566
19,-46.25,0.919599999999999973,0.919599999999999973
20,-46.25,0.95730000000000003979,0.95730000000000003979
21,-46.25,0.72619999999999995666,0.72619999999999995666
22,-46.25,0.45779999999999998472,0.45779999999999998472
23,-46.25,0.84899999999999997691,0.84899999999999997691
24,-46.25,0.90480000000000004867,0.90480000000000004867
25,-46.25,0.87809999999999999165,0.87809999999999999165
26,-46.25,0.69399999999999995026,0.69399999999999995026
27,-46.25,0.56910000000000005027,0.56910000000000005027
28,-46.25,0.46629999999999999227,0.46629999999999999227
29,-46.25,0.37909999999999999254,0.37909999999999999254
30,-46.25,0.38229999999999997318,0.38229999999999997318
31,-46.25,0.54710000000000003073,0.54710000000000003073
32,-46.25,0.47939999999999999281,0.47939999999999999281
33,-46.25,0.33829999999999998961,0.33829999999999998961
34,-46.25,0.42189999999999999725,0.42189999999999999725
35,-46.25,0.66910000000000002807,0.66910000000000002807
36,-46.25,0.85670000000000001705,0.85670000000000001705
37,-46.25,0.84799999999999997602,0.84799999999999997602
38,-46.25,0.88849999999999995648,0.88849999999999995648
39,-46.25,0.75629999999999997229,0.75629999999999997229
40,-46.25,0.27739999999999997993,0.27739999999999997993
41,-46.25,0.28010000000000001563,0.28010000000000001563
42,-46.25,0.50509999999999999343,0.50509999999999999343
43,-46.25,0.32190000000000001945,0.32190000000000001945
44,-46.25,0.58250000000000001776,0.58250000000000001776
45,-46.25,0.95840000000000002967,0.95840000000000002967
46,-46.25,0.74580000000000001847,0.74580000000000001847
47,-46.25,0.85840000000000005187,0.85840000000000005187
48,-46.25,0.7704999999999999627,0.7704999999999999627
49,-46.25,0.38069999999999998286,0.38069999999999998286
50,-46.25,0.24349999999999999423,0.24349999999999999423
51,-46.25,0.28579999999999999849,0.28579999999999999849
52,-46.25,0.31740000000000001545,0.31740000000000001545
53,-46.25,0.37490000000000001101,0.37490000000000001101
54,-46.25,0.38779999999999997806,0.38779999999999997806
55,-46.25,0.43540000000000000924,0.43540000000000000924
56,-46.25,0.72479999999999999982,0.72479999999999999982
57,-46.25,0.87199999999999999734,0.87199999999999999734
58,-46.25,0.6723000000000000087,0.6723000000000000087
59,-46.25,0.66530000000000000249,0.66530000000000000249
60,-46.25,0.14799999999999999267,0.14799999999999999267
61,-46.25,0.079699999999999993072,0.079699999999999993072
62,-46.25,0.14449999999999998956,0.14449999999999998956
63,-46.25,0.23239999999999999547,0.23239999999999999547
64,-46.25,0.21110000000000000986,0.21110000000000000986
65,-46.25,0.14419999999999999485,0.14419999999999999485
66,-46.25,0.25200000000000000178,0.25200000000000000178
67,-46.25,0.32419999999999998819,0.32419999999999998819
68,-46.25,0.4981999999999999762,0.4981999999999999762
69,-46.25,0.63970000000000004636,0.63970000000000004636
70,-46.25,0.5275999999999999579,0.5275999999999999579
-69,-45,0.7661000000000000032,0.7661000000000000032
-68,-45,0.84050000000000002487,0.84050000000000002487
-67,-45,0.86209999999999997744,0.86209999999999997744
-66,-45,0.92859999999999998099,0.92859999999999998099
-65,-45,0.86050000000000004263,0.86050000000000004263
-64,-45,0.94069999999999998064,0.94069999999999998064
-63,-45,0.99339999999999994973,0.99339999999999994973
-62,-45,0.99770000000000003126,0.99770000000000003126
-61,-45,0.76980000000000003979,0.76980000000000003979
-60,-45,0.55359999999999998099,0.55359999999999998099
-59,-45,0.63839999999999996749,0.63839999999999996749
-58,-45,0.67459999999999997744,0.67459999999999997744
-57,-45,0.78969999999999995755,0.78969999999999995755
-56,-45,0.54949999999999998845,0.54949999999999998845
-55,-45,0.38850000000000001199,0.38850000000000001199
-54,-45,0.39469999999999999529,0.39469999999999999529
-53,-45,0.36089999999999999858,0.36089999999999999858
-52,-45,0.56420000000000003482,0.56420000000000003482
-51,-45,0.53800000000000003375,0.53800000000000003375
-50,-45,0.37750000000000000222,0.37750000000000000222
-49,-45,0.27750000000000002442,0.27750000000000002442
-48,-45,0.39489999999999997327,0.39489999999999997327
-47,-45,0.31149999999999999911,0.31149999999999999911
-46,-45,0.42859999999999998099,0.42859999999999998099
-45,-45,0.71650000000000002576,0.71650000000000002576
-44,-45,0.49540000000000000702,0.49540000000000000702
-43,-45,0.70330000000000003624,0.70330000000000003624
-42,-45,0.91590000000000004743,0.91590000000000004743
-41,-45,0.42570000000000002283,0.42570000000000002283
-40,-45,0.19159999999999999254,0.19159999999999999254
-39,-45,0.18699999999999999956,0.18699999999999999956
-38,-45,0.23780000000000001137,0.23780000000000001137
-37,-45,0.25929999999999997495,0.25929999999999997495
-36,-45,0.36399999999999999023,0.36399999999999999023
-35,-45,0.39190000000000002611,0.39190000000000002611
-34,-45,0.71570000000000000284,0.71570000000000000284
-33,-45,0.90939999999999998614,0.90939999999999998614
-32,-45,0.79810000000000003162,0.79810000000000003162
-31,-45,0.94289999999999996039,0.94289999999999996039
-30,-45,0.55200000000000004619,0.55200000000000004619
-29,-45,0.50390000000000001457,0.50390000000000001457
-28,-45,0.39810000000000000941,0.39810000000000000941
-27,-45,0.17210000000000000298,0.17210000000000000298
-26,-45,0.16280000000000000027,0.16280000000000000027
-25,-45,0.61770000000000002682,0.61770000000000002682
-24,-45,0.9170000000000000373,0.9170000000000000373
-23,-45,0.85670000000000001705,0.85670000000000001705
-22,-45,0.69520000000000004015,0.69520000000000004015
-21,-45,0.37330000000000002069,0.37330000000000002069
-20,-45,0.20349999999999998646,0.20349999999999998646
-19,-45,0.39889999999999997682,0.39889999999999997682
-18,-45,0.46450000000000002398,0.46450000000000002398
-17,-45,0.65490000000000003766,0.65490000000000003766
-16,-45,0.57820000000000004725,0.57820000000000004725
-15,-45,0.28329999999999999627,0.28329999999999999627
-14,-45,0.2777000000000000024,0.2777000000000000024
-13,-45,0.11780000000000000193,0.11780000000000000193
-12,-45,0.097100000000000005751,0.097100000000000005751
-11,-45,0.083199999999999996181,0.083199999999999996181
-10,-45,0.15740000000000001212,0.15740000000000001212
-9,-45,0.2670000000000000151,0.2670000000000000151
-8,-45,0.32750000000000001332,0.32750000000000001332
-7,-45,0.16289999999999998925,0.16289999999999998925
-6,-45,0.12970000000000000973,0.12970000000000000973
-5,-45,0.08880000000000000393,0.08880000000000000393
-4,-45,0.040399999999999998412,0.040399999999999998412
-3,-45,0.21229999999999998872,0.21229999999999998872
-2,-45,0.074800000000000005373,0.074800000000000005373
-1,-45,0.054100000000000002254,0.054100000000000002254
0,-45,0.06579999999999999738,0.06579999999999999738
1,-45,0.070499999999999993228,0.070499999999999993228
2,-45,0.12870000000000000884,0.12870000000000000884
3,-45,0.32519999999999998908,0.32519999999999998908
4,-45,0.45069999999999998952,0.45069999999999998952
5,-45,0.55849999999999999645,0.55849999999999999645
6,-45,0.33200000000000001732,0.33200000000000001732
7,-45,0.18920000000000000706,0.18920000000000000706
8,-45,0.25900000000000000799,0.25900000000000000799
9,-45,0.14760000000000000897,0.14760000000000000897
10,-45,0.042900000000000000633,0.042900000000000000633
11,-45,0.13180000000000000049,0.13180000000000000049
12,-45,0.47899999999999998135,0.47899999999999998135
13,-45,0.5374999999999999778,0.5374999999999999778
14,-45,0.56759999999999999343,0.56759999999999999343
15,-45,0.51800000000000001599,0.51800000000000001599
16,-45,0.5349000000000000421,0.5349000000000000421
17,-45,0.51590000000000002522,0.51590000000000002522
18,-45,0.75309999999999999165,0.75309999999999999165
19,-45,0.39719999999999999751,0.39719999999999999751
20,-45,0.42120000000000001883,0.42120000000000001883
21,-45,0.57530000000000003357,0.57530000000000003357
22,-45,0.38679999999999997717,0.38679999999999997717
23,-45,0.57220000000000004192,0.57220000000000004192
24,-45,0.95830000000000004068,0.95830000000000004068
25,-45,0.96979999999999999538,0.96979999999999999538
26,-45,0.68710000000000004405,0.68710000000000004405
27,-45,0.42459999999999997744,0.42459999999999997744
28,-45,0.4304000000000000048,0.4304000000000000048
29,-45,0.27850000000000002531,0.27850000000000002531
30,-45,0.55869999999999997442,0.55869999999999997442
31,-45,0.70020000000000004459,0.70020000000000004459
32,-45,0.82960000000000000409,0.82960000000000000409
33,-45,0.53320000000000000728,0.53320000000000000728
34,-45,0.34829999999999999849,0.34829999999999999849
35,-45,0.70069999999999998952,0.70069999999999998952
36,-45,0.87429999999999996607,0.87429999999999996607
37,-45,0.98499999999999998668,0.98499999999999998668
38,-45,0.96709999999999995968,0.96709999999999995968
39,-45,0.69720000000000004192,0.69720000000000004192
40,-45,0.15950000000000000289,0.15950000000000000289
41,-45,0.17439999999999999947,0.17439999999999999947
42,-45,0.32190000000000001945,0.32190000000000001945
43,-45,0.21340000000000000635,0.21340000000000000635
44,-45,0.19189999999999998725,0.19189999999999998725
45,-45,0.88560000000000005382,0.88560000000000005382
46,-45,0.81579999999999996962,0.81579999999999996962
47,-45,0.77390000000000003233,0.77390000000000003233
48,-45,0.89949999999999996625,0.89949999999999996625
49,-45,0.62239999999999995328,0.62239999999999995328
50,-45,0.24210000000000000964,0.24210000000000000964
51,-45,0.33879999999999999005,0.33879999999999999005
52,-45,0.33379999999999998561,0.33379999999999998561
53,-45,0.43359999999999998543,0.43359999999999998543
54,-45,0.38550000000000000933,0.38550000000000000933
55,-45,0.40089999999999997859,0.40089999999999997859
56,-45,0.68359999999999998543,0.68359999999999998543
57,-45,0.79010000000000002451,0.79010000000000002451
58,-45,0.71199999999999996625,0.71199999999999996625
59,-45,0.70109999999999994547,0.70109999999999994547
60,-45,0.13680000000000000493,0.13680000000000000493
61,-45,0.34960000000000002185,0.34960000000000002185
62,-45,0.79159999999999997033,0.79159999999999997033
63,-45,0.87990000000000001545,0.87990000000000001545
64,-45,0.56659999999999999254,0.56659999999999999254
65,-45,0.18199999999999999512,0.18199999999999999512
66,-45,0.20710000000000000631,0.20710000000000000631
67,-45,0.17860000000000000875,0.17860000000000000875
68,-45,0.24019999999999999685,0.24019999999999999685
69,-45,0.40770000000000000684,0.40770000000000000684
70,-45,0.38810000000000000053,0.38810000000000000053
-69,-43.75,0.65249999999999996891,0.65249999999999996891
-68,-43.75,0.7840000000000000302,0.7840000000000000302
-67,-43.75,0.87290000000000000924,0.87290000000000000924
-66,-43.75,0.96479999999999999094,0.96479999999999999094
-65,-43.75,0.88849999999999995648,0.88849999999999995648
-64,-43.75,0.96440000000000003499,0.96440000000000003499
-63,-43.75,0.99709999999999998632,0.99709999999999998632
-62,-43.75,0.99939999999999995506,0.99939999999999995506
-61,-43.75,0.88480000000000003091,0.88480000000000003091
-60,-43.75,0.58269999999999999574,0.58269999999999999574
-59,-43.75,0.66090000000000004299,0.66090000000000004299
-58,-43.75,0.66839999999999999414,0.66839999999999999414
-57,-43.75,0.79059999999999996945,0.79059999999999996945
-56,-43.75,0.75809999999999999609,0.75809999999999999609
-55,-43.75,0.36120000000000002105,0.36120000000000002105
-54,-43.75,0.32800000000000001377,0.32800000000000001377
-53,-43.75,0.33600000000000002087,0.33600000000000002087
-52,-43.75,0.5822000000000000508,0.5822000000000000508
-51,-43.75,0.31669999999999998153,0.31669999999999998153
-50,-43.75,0.44019999999999998019,0.44019999999999998019
-49,-43.75,0.3224000000000000199,0.3224000000000000199
-48,-43.75,0.49309999999999998277,0.49309999999999998277
-47,-43.75,0.42720000000000002416,0.42720000000000002416
-46,-43.75,0.61439999999999994618,0.61439999999999994618
-45,-43.75,0.57159999999999999698,0.57159999999999999698
-44,-43.75,0.49499999999999999556,0.49499999999999999556
-43,-43.75,0.62139999999999995239,0.62139999999999995239
-42,-43.75,0.94659999999999999698,0.94659999999999999698
-41,-43.75,0.2606999999999999873,0.2606999999999999873
-40,-43.75,0.2290000000000000091,0.2290000000000000091
-39,-43.75,0.37530000000000002247,0.37530000000000002247
-38,-43.75,0.38679999999999997717,0.38679999999999997717
-37,-43.75,0.24690000000000000835,0.24690000000000000835
-36,-43.75,0.2677999999999999825,0.2677999999999999825
-35,-43.75,0.41670000000000001483,0.41670000000000001483
-34,-43.75,0.74590000000000000746,0.74590000000000000746
-33,-43.75,0.7661000000000000032,0.7661000000000000032
-32,-43.75,0.6463999999999999746,0.6463999999999999746
-31,-43.75,0.98629999999999995453,0.98629999999999995453
-30,-43.75,0.91490000000000004654,0.91490000000000004654
-29,-43.75,0.86119999999999996554,0.86119999999999996554
-28,-43.75,0.68789999999999995595,0.68789999999999995595
-27,-43.75,0.26750000000000001554,0.26750000000000001554
-26,-43.75,0.22289999999999998703,0.22289999999999998703
-25,-43.75,0.31380000000000002336,0.31380000000000002336
-24,-43.75,0.93300000000000005151,0.93300000000000005151
-23,-43.75,0.88570000000000004281,0.88570000000000004281
-22,-43.75,0.39919999999999999929,0.39919999999999999929
-21,-43.75,0.15290000000000000813,0.15290000000000000813
-20,-43.75,0.097400000000000000466,0.097400000000000000466
-19,-43.75,0.043999999999999997446,0.043999999999999997446
-18,-43.75,0.16409999999999999587,0.16409999999999999587
-17,-43.75,0.46260000000000001119,0.46260000000000001119
-16,-43.75,0.60119999999999995666,0.60119999999999995666
-15,-43.75,0.41630000000000000338,0.41630000000000000338
-14,-43.75,0.45750000000000001776,0.45750000000000001776
-13,-43.75,0.21690000000000000946,0.21690000000000000946
-12,-43.75,0.12640000000000001235,0.12640000000000001235
-11,-43.75,0.20339999999999999747,0.20339999999999999747
-10,-43.75,0.21759999999999998788,0.21759999999999998788
-9,-43.75,0.34760000000000002007,0.34760000000000002007
-8,-43.75,0.38090000000000001634,0.38090000000000001634
-7,-43.75,0.26590000000000002522,0.26590000000000002522
-6,-43.75,0.16769999999999998797,0.16769999999999998797
-5,-43.75,0.11089999999999999858,0.11089999999999999858
-4,-43.75,0.080000000000000001665,0.080000000000000001665
-3,-43.75,0.37890000000000001457,0.37890000000000001457
-2,-43.75,0.20180000000000000715,0.20180000000000000715
-1,-43.75,0.074800000000000005373,0.074800000000000005373
0,-43.75,0.074999999999999997224,0.074999999999999997224
1,-43.75,0.099599999999999994094,0.099599999999999994094
2,-43.75,0.15090000000000000635,0.15090000000000000635
3,-43.75,0.35330000000000000293,0.35330000000000000293
4,-43.75,0.52180000000000004157,0.52180000000000004157
5,-43.75,0.66539999999999999147,0.66539999999999999147
6,-43.75,0.34270000000000000462,0.34270000000000000462
7,-43.75,0.25509999999999999343,0.25509999999999999343
8,-43.75,0.28279999999999999583,0.28279999999999999583
9,-43.75,0.10989999999999999769,0.10989999999999999769
10,-43.75,0.065500000000000002665,0.065500000000000002665
11,-43.75,0.21609999999999998654,0.21609999999999998654
12,-43.75,0.51649999999999995914,0.51649999999999995914
13,-43.75,0.52839999999999998082,0.52839999999999998082
14,-43.75,0.51410000000000000142,0.51410000000000000142
15,-43.75,0.36499999999999999112,0.36499999999999999112
16,-43.75,0.51500000000000001332,0.51500000000000001332
17,-43.75,0.3250000000000000111,0.3250000000000000111
18,-43.75,0.66220000000000001084,0.66220000000000001084
19,-43.75,0.38309999999999999609,0.38309999999999999609
20,-43.75,0.21270000000000000018,0.21270000000000000018
21,-43.75,0.41120000000000000995,0.41120000000000000995
22,-43.75,0.51890000000000002789,0.51890000000000002789
23,-43.75,0.27160000000000000808,0.27160000000000000808
24,-43.75,0.61219999999999996643,0.61219999999999996643
25,-43.75,0.39979999999999998872,0.39979999999999998872
26,-43.75,0.57189999999999996394,0.57189999999999996394
27,-43.75,0.78149999999999997247,0.78149999999999997247
28,-43.75,0.62670000000000003482,0.62670000000000003482
29,-43.75,0.59140000000000003677,0.59140000000000003677
30,-43.75,0.64700000000000001954,0.64700000000000001954
31,-43.75,0.5275999999999999579,0.5275999999999999579
32,-43.75,0.26979999999999998428,0.26979999999999998428
33,-43.75,0.92479999999999995541,0.92479999999999995541
34,-43.75,0.69330000000000002736,0.69330000000000002736
35,-43.75,0.7206000000000000183,0.7206000000000000183
36,-43.75,0.90149999999999996803,0.90149999999999996803
37,-43.75,0.98689999999999999947,0.98689999999999999947
38,-43.75,0.91490000000000004654,0.91490000000000004654
39,-43.75,0.59530000000000005134,0.59530000000000005134
40,-43.75,0.16569999999999998619,0.16569999999999998619
41,-43.75,0.2713999999999999746,0.2713999999999999746
42,-43.75,0.28149999999999997247,0.28149999999999997247
43,-43.75,0.10249999999999999389,0.10249999999999999389
44,-43.75,0.043799999999999998657,0.043799999999999998657
45,-43.75,0.64690000000000003055,0.64690000000000003055
46,-43.75,0.84770000000000000906,0.84770000000000000906
47,-43.75,0.83499999999999996447,0.83499999999999996447
48,-43.75,0.89000000000000001332,0.89000000000000001332
49,-43.75,0.90880000000000005222,0.90880000000000005222
50,-43.75,0.41670000000000001483,0.41670000000000001483
51,-43.75,0.34939999999999998836,0.34939999999999998836
52,-43.75,0.37990000000000001545,0.37990000000000001545
53,-43.75,0.33289999999999997371,0.33289999999999997371
54,-43.75,0.31890000000000001679,0.31890000000000001679
55,-43.75,0.49209999999999998188,0.49209999999999998188
56,-43.75,0.76619999999999999218,0.76619999999999999218
57,-43.75,0.97789999999999999147,0.97789999999999999147
58,-43.75,0.63890000000000002345,0.63890000000000002345
59,-43.75,0.44509999999999999565,0.44509999999999999565
60,-43.75,0.28739999999999998881,0.28739999999999998881
61,-43.75,0.27329999999999998739,0.27329999999999998739
62,-43.75,0.25309999999999999165,0.25309999999999999165
63,-43.75,0.28860000000000002318,0.28860000000000002318
64,-43.75,0.87539999999999995595,0.87539999999999995595
65,-43.75,0.63439999999999996394,0.63439999999999996394
66,-43.75,0.24410000000000001141,0.24410000000000001141
67,-43.75,0.092700000000000004619,0.092700000000000004619
68,-43.75,0.13539999999999999258,0.13539999999999999258
69,-43.75,0.24099999999999999201,0.24099999999999999201
70,-43.75,0.28739999999999998881,0.28739999999999998881
-69,-42.5,0.57020000000000004015,0.57020000000000004015
-68,-42.5,0.7221999999999999531,0.7221999999999999531
-67,-42.5,0.88590000000000002078,0.88590000000000002078
-66,-42.5,0.96299999999999996714,0.96299999999999996714
-65,-42.5,0.91169999999999995488,0.91169999999999995488
-64,-42.5,0.97340000000000004299,0.97340000000000004299
-63,-42.5,0.99890000000000001013,0.99890000000000001013
-62,-42.5,0.9956000000000000405,0.9956000000000000405
-61,-42.5,0.94230000000000002647,0.94230000000000002647
-60,-42.5,0.61960000000000003961,0.61960000000000003961
-59,-42.5,0.67459999999999997744,0.67459999999999997744
-58,-42.5,0.65269999999999994689,0.65269999999999994689
-57,-42.5,0.75239999999999995772,0.75239999999999995772
-56,-42.5,0.86290000000000000036,0.86290000000000000036
-55,-42.5,0.317000000000000004,0.317000000000000004
-54,-42.5,0.23719999999999999418,0.23719999999999999418
-53,-42.5,0.27100000000000001865,0.27100000000000001865
-52,-42.5,0.58930000000000004601,0.58930000000000004601
-51,-42.5,0.36049999999999998712,0.36049999999999998712
-50,-42.5,0.46010000000000000897,0.46010000000000000897
-49,-42.5,0.34510000000000001785,0.34510000000000001785
-48,-42.5,0.52900000000000002576,0.52900000000000002576
-47,-42.5,0.62450000000000005507,0.62450000000000005507
-46,-42.5,0.56440000000000001279,0.56440000000000001279
-45,-42.5,0.41299999999999997824,0.41299999999999997824
-44,-42.5,0.42949999999999999289,0.42949999999999999289
-43,-42.5,0.73199999999999998401,0.73199999999999998401
-42,-42.5,0.75570000000000003837,0.75570000000000003837
-41,-42.5,0.58289999999999997371,0.58289999999999997371
-40,-42.5,0.50280000000000002469,0.50280000000000002469
-39,-42.5,0.56269999999999997797,0.56269999999999997797
-38,-42.5,0.40820000000000000728,0.40820000000000000728
-37,-42.5,0.23549999999999998712,0.23549999999999998712
-36,-42.5,0.35039999999999998925,0.35039999999999998925
-35,-42.5,0.35380000000000000338,0.35380000000000000338
-34,-42.5,0.40999999999999997558,0.40999999999999997558
-33,-42.5,0.56610000000000004761,0.56610000000000004761
-32,-42.5,0.68689999999999995506,0.68689999999999995506
-31,-42.5,0.99409999999999998366,0.99409999999999998366
-30,-42.5,0.98589999999999999858,0.98589999999999999858
-29,-42.5,0.97509999999999996678,0.97509999999999996678
-28,-42.5,0.69650000000000000799,0.69650000000000000799
-27,-42.5,0.24040000000000000258,0.24040000000000000258
-26,-42.5,0.09790000000000000091,0.09790000000000000091
-25,-42.5,0.18649999999999999911,0.18649999999999999911
-24,-42.5,0.98060000000000002718,0.98060000000000002718
-23,-42.5,0.55910000000000004139,0.55910000000000004139
-22,-42.5,0.39040000000000002478,0.39040000000000002478
-21,-42.5,0.13389999999999999125,0.13389999999999999125
-20,-42.5,0.028199999999999999373,0.028199999999999999373
-19,-42.5,0.002500000000000000052,0.002500000000000000052
-18,-42.5,0.018399999999999999689,0.018399999999999999689
-17,-42.5,0.10720000000000000362,0.10720000000000000362
-16,-42.5,0.083799999999999999489,0.083799999999999999489
-15,-42.5,0.39529999999999998472,0.39529999999999998472
-14,-42.5,0.46119999999999999885,0.46119999999999999885
-13,-42.5,0.16120000000000000995,0.16120000000000000995
-12,-42.5,0.44059999999999999165,0.44059999999999999165
-11,-42.5,0.83940000000000003499,0.83940000000000003499
-10,-42.5,0.73999999999999999112,0.73999999999999999112
-9,-42.5,0.61060000000000003162,0.61060000000000003162
-8,-42.5,0.50460000000000004849,0.50460000000000004849
-7,-42.5,0.41170000000000001039,0.41170000000000001039
-6,-42.5,0.49280000000000001581,0.49280000000000001581
-5,-42.5,0.34720000000000000862,0.34720000000000000862
-4,-42.5,0.19009999999999999121,0.19009999999999999121
-3,-42.5,0.44130000000000002558,0.44130000000000002558
-2,-42.5,0.32490000000000002212,0.32490000000000002212
-1,-42.5,0.16719999999999998752,0.16719999999999998752
0,-42.5,0.08010000000000000453,0.08010000000000000453
1,-42.5,0.06909999999999999476,0.06909999999999999476
2,-42.5,0.17569999999999999507,0.17569999999999999507
3,-42.5,0.3740999999999999881,0.3740999999999999881
4,-42.5,0.55889999999999995239,0.55889999999999995239
5,-42.5,0.74070000000000002505,0.74070000000000002505
6,-42.5,0.49330000000000001625,0.49330000000000001625
7,-42.5,0.36059999999999997611,0.36059999999999997611
8,-42.5,0.26679999999999998161,0.26679999999999998161
9,-42.5,0.16359999999999999543,0.16359999999999999543
10,-42.5,0.22200000000000000289,0.22200000000000000289
11,-42.5,0.32900000000000001465,0.32900000000000001465
12,-42.5,0.49480000000000001759,0.49480000000000001759
13,-42.5,0.60009999999999996678,0.60009999999999996678
14,-42.5,0.65420000000000000373,0.65420000000000000373
15,-42.5,0.38290000000000001812,0.38290000000000001812
16,-42.5,0.33870000000000000107,0.33870000000000000107
17,-42.5,0.32579999999999997851,0.32579999999999997851
18,-42.5,0.46010000000000000897,0.46010000000000000897
19,-42.5,0.62809999999999999165,0.62809999999999999165
20,-42.5,0.33589999999999997637,0.33589999999999997637
21,-42.5,0.46720000000000000417,0.46720000000000000417
22,-42.5,0.714199999999999946,0.714199999999999946
23,-42.5,0.42970000000000002638,0.42970000000000002638
24,-42.5,0.5463999999999999968,0.5463999999999999968
25,-42.5,0.34670000000000000817,0.34670000000000000817
26,-42.5,0.3302999999999999825,0.3302999999999999825
27,-42.5,0.53510000000000002007,0.53510000000000002007
28,-42.5,0.50629999999999997229,0.50629999999999997229
29,-42.5,0.64319999999999999396,0.64319999999999999396
30,-42.5,0.60550000000000003819,0.60550000000000003819
31,-42.5,0.55500000000000004885,0.55500000000000004885
32,-42.5,0.57909999999999994813,0.57909999999999994813
33,-42.5,0.82679999999999997939,0.82679999999999997939
34,-42.5,0.96730000000000004867,0.96730000000000004867
35,-42.5,0.96640000000000003677,0.96640000000000003677
36,-42.5,0.86370000000000002327,0.86370000000000002327
37,-42.5,0.87190000000000000835,0.87190000000000000835
38,-42.5,0.9275999999999999801,0.9275999999999999801
39,-42.5,0.63429999999999997495,0.63429999999999997495
40,-42.5,0.56030000000000002025,0.56030000000000002025
41,-42.5,0.30320000000000002505,0.30320000000000002505
42,-42.5,0.36690000000000000391,0.36690000000000000391
43,-42.5,0.082900000000000001465,0.082900000000000001465
44,-42.5,0.027699999999999998929,0.027699999999999998929
45,-42.5,0.4713999999999999857,0.4713999999999999857
46,-42.5,0.85599999999999998312,0.85599999999999998312
47,-42.5,0.80889999999999995239,0.80889999999999995239
48,-42.5,0.72070000000000000728,0.72070000000000000728
49,-42.5,0.73999999999999999112,0.73999999999999999112
50,-42.5,0.5525999999999999801,0.5525999999999999801
51,-42.5,0.42530000000000001137,0.42530000000000001137
52,-42.5,0.45519999999999999352,0.45519999999999999352
53,-42.5,0.30880000000000001892,0.30880000000000001892
54,-42.5,0.44590000000000001856,0.44590000000000001856
55,-42.5,0.69340000000000001634,0.69340000000000001634
56,-42.5,0.82469999999999998863,0.82469999999999998863
57,-42.5,0.86850000000000004974,0.86850000000000004974
58,-42.5,0.61050000000000004263,0.61050000000000004263
59,-42.5,0.37169999999999997486,0.37169999999999997486
60,-42.5,0.22700000000000000733,0.22700000000000000733
61,-42.5,0.21749999999999999889,0.21749999999999999889
62,-42.5,0.23030000000000000471,0.23030000000000000471
63,-42.5,0.33910000000000001252,0.33910000000000001252
64,-42.5,0.70579999999999998295,0.70579999999999998295
65,-42.5,0.839199999999999946,0.839199999999999946
66,-42.5,0.24460000000000001186,0.24460000000000001186
67,-42.5,0.042999999999999996558,0.042999999999999996558
68,-42.5,0.085199999999999997957,0.085199999999999997957
69,-42.5,0.14799999999999999267,0.14799999999999999267
70,-42.5,0.20999999999999999223,0.20999999999999999223
-69,-41.25,0.64339999999999997193,0.64339999999999997193
-68,-41.25,0.77949999999999997069,0.77949999999999997069
-67,-41.25,0.91769999999999996021,0.91769999999999996021
-66,-41.25,0.95340000000000002522,0.95340000000000002522
-65,-41.25,0.93730000000000002203,0.93730000000000002203
-64,-41.25,0.98399999999999998579,0.98399999999999998579
-63,-41.25,0.99480000000000001759,0.99480000000000001759
-62,-41.25,0.99919999999999997708,0.99919999999999997708
-61,-41.25,0.93059999999999998277,0.93059999999999998277
-60,-41.25,0.62580000000000002292,0.62580000000000002292
-59,-41.25,0.6277000000000000357,0.6277000000000000357
-58,-41.25,0.45379999999999998117,0.45379999999999998117
-57,-41.25,0.65139999999999997904,0.65139999999999997904
-56,-41.25,0.70379999999999998117,0.70379999999999998117
-55,-41.25,0.22309999999999999276,0.22309999999999999276
-54,-41.25,0.10660000000000000031,0.10660000000000000031
-53,-41.25,0.32100000000000000755,0.32100000000000000755
-52,-41.25,0.65190000000000003499,0.65190000000000003499
-51,-41.25,0.61040000000000005365,0.61040000000000005365
-50,-41.25,0.37559999999999998943,0.37559999999999998943
-49,-41.25,0.34929999999999999938,0.34929999999999999938
-48,-41.25,0.4590000000000000191,0.4590000000000000191
-47,-41.25,0.55449999999999999289,0.55449999999999999289
-46,-41.25,0.53700000000000003286,0.53700000000000003286
-45,-41.25,0.45510000000000000453,0.45510000000000000453
-44,-41.25,0.51680000000000003713,0.51680000000000003713
-43,-41.25,0.62239999999999995328,0.62239999999999995328
-42,-41.25,0.77100000000000001865,0.77100000000000001865
-41,-41.25,0.93540000000000000924,0.93540000000000000924
-40,-41.25,0.56910000000000005027,0.56910000000000005027
-39,-41.25,0.50800000000000000711,0.50800000000000000711
-38,-41.25,0.37719999999999997975,0.37719999999999997975
-37,-41.25,0.27010000000000000675,0.27010000000000000675
-36,-41.25,0.31059999999999998721,0.31059999999999998721
-35,-41.25,0.40970000000000000862,0.40970000000000000862
-34,-41.25,0.50249999999999994671,0.50249999999999994671
-33,-41.25,0.34389999999999998348,0.34389999999999998348
-32,-41.25,0.34410000000000001696,0.34410000000000001696
-31,-41.25,0.94299999999999994937,0.94299999999999994937
-30,-41.25,0.88829999999999997851,0.88829999999999997851
-29,-41.25,0.94410000000000005027,0.94410000000000005027
-28,-41.25,0.7116000000000000103,0.7116000000000000103
-27,-41.25,0.18740000000000001101,0.18740000000000001101
-26,-41.25,0.070699999999999998956,0.070699999999999998956
-25,-41.25,0.28739999999999998881,0.28739999999999998881
-24,-41.25,0.98450000000000004174,0.98450000000000004174
-23,-41.25,0.64390000000000002789,0.64390000000000002789
-22,-41.25,0.30299999999999999156,0.30299999999999999156
-21,-41.25,0.08630000000000000171,0.08630000000000000171
-20,-41.25,0.035499999999999996836,0.035499999999999996836
-19,-41.25,0.010500000000000000652,0.010500000000000000652
-18,-41.25,0.010899999999999999967,0.010899999999999999967
-17,-41.25,0.010899999999999999967,0.010899999999999999967
-16,-41.25,0.023300000000000001266,0.023300000000000001266
-15,-41.25,0.12360000000000000153,0.12360000000000000153
-14,-41.25,0.13480000000000000315,0.13480000000000000315
-13,-41.25,0.33910000000000001252,0.33910000000000001252
-12,-41.25,0.79679999999999995275,0.79679999999999995275
-11,-41.25,0.91159999999999996589,0.91159999999999996589
-10,-41.25,0.91029999999999999805,0.91029999999999999805
-9,-41.25,0.68869999999999997886,0.68869999999999997886
-8,-41.25,0.39739999999999997549,0.39739999999999997549
-7,-41.25,0.18559999999999998721,0.18559999999999998721
-6,-41.25,0.24140000000000000346,0.24140000000000000346
-5,-41.25,0.33900000000000002354,0.33900000000000002354
-4,-41.25,0.30790000000000000702,0.30790000000000000702
-3,-41.25,0.49630000000000001892,0.49630000000000001892
-2,-41.25,0.48370000000000001883,0.48370000000000001883
-1,-41.25,0.23000000000000000999,0.23000000000000000999
0,-41.25,0.079299999999999995492,0.079299999999999995492
1,-41.25,0.060900000000000002742,0.060900000000000002742
2,-41.25,0.1768000000000000127,0.1768000000000000127
3,-41.25,0.36109999999999997655,0.36109999999999997655
4,-41.25,0.63910000000000000142,0.63910000000000000142
5,-41.25,0.72379999999999999893,0.72379999999999999893
6,-41.25,0.58279999999999998472,0.58279999999999998472
7,-41.25,0.50029999999999996696,0.50029999999999996696
8,-41.25,0.28439999999999998614,0.28439999999999998614
9,-41.25,0.32429999999999997717,0.32429999999999997717
10,-41.25,0.46550000000000002487,0.46550000000000002487
11,-41.25,0.43830000000000002292,0.43830000000000002292
12,-41.25,0.46260000000000001119,0.46260000000000001119
13,-41.25,0.57369999999999998774,0.57369999999999998774
14,-41.25,0.62549999999999994493,0.62549999999999994493
15,-41.25,0.48620000000000002105,0.48620000000000002105
16,-41.25,0.30840000000000000746,0.30840000000000000746
17,-41.25,0.30940000000000000835,0.30940000000000000835
18,-41.25,0.48609999999999997655,0.48609999999999997655
19,-41.25,0.84779999999999999805,0.84779999999999999805
20,-41.25,0.14349999999999998868,0.14349999999999998868
21,-41.25,0.33539999999999997593,0.33539999999999997593
22,-41.25,0.75800000000000000711,0.75800000000000000711
23,-41.25,0.58089999999999997193,0.58089999999999997193
24,-41.25,0.32779999999999998028,0.32779999999999998028
25,-41.25,0.31650000000000000355,0.31650000000000000355
26,-41.25,0.40629999999999999449,0.40629999999999999449
27,-41.25,0.61639999999999994795,0.61639999999999994795
28,-41.25,0.78020000000000000462,0.78020000000000000462
29,-41.25,0.74109999999999998099,0.74109999999999998099
30,-41.25,0.93379999999999996341,0.93379999999999996341
31,-41.25,0.80149999999999999023,0.80149999999999999023
32,-41.25,0.78500000000000003109,0.78500000000000003109
33,-41.25,0.82750000000000001332,0.82750000000000001332
34,-41.25,0.85960000000000003073,0.85960000000000003073
35,-41.25,0.87880000000000002558,0.87880000000000002558
36,-41.25,0.88900000000000001243,0.88900000000000001243
37,-41.25,0.81369999999999997886,0.81369999999999997886
38,-41.25,0.91749999999999998224,0.91749999999999998224
39,-41.25,0.34100000000000002531,0.34100000000000002531
40,-41.25,0.35859999999999997433,0.35859999999999997433
41,-41.25,0.25080000000000002292,0.25080000000000002292
42,-41.25,0.22029999999999999583,0.22029999999999999583
43,-41.25,0.070800000000000001821,0.070800000000000001821
44,-41.25,0.052200000000000003342,0.052200000000000003342
45,-41.25,0.32619999999999998996,0.32619999999999998996
46,-41.25,0.69950000000000001066,0.69950000000000001066
47,-41.25,0.74180000000000001492,0.74180000000000001492
48,-41.25,0.71840000000000003855,0.71840000000000003855
49,-41.25,0.44569999999999998508,0.44569999999999998508
50,-41.25,0.49480000000000001759,0.49480000000000001759
51,-41.25,0.5590000000000000524,0.5590000000000000524
52,-41.25,0.51029999999999997584,0.51029999999999997584
53,-41.25,0.26889999999999997238,0.26889999999999997238
54,-41.25,0.52300000000000002043,0.52300000000000002043
55,-41.25,0.80200000000000004619,0.80200000000000004619
56,-41.25,0.86109999999999997655,0.86109999999999997655
57,-41.25,0.88219999999999998419,0.88219999999999998419
58,-41.25,0.85999999999999998668,0.85999999999999998668
59,-41.25,0.4597999999999999865,0.4597999999999999865
60,-41.25,0.33679999999999998828,0.33679999999999998828
61,-41.25,0.3070999999999999841,0.3070999999999999841
62,-41.25,0.29680000000000000826,0.29680000000000000826
63,-41.25,0.34899999999999997691,0.34899999999999997691
64,-41.25,0.65539999999999998259,0.65539999999999998259
65,-41.25,0.86129999999999995453,0.86129999999999995453
66,-41.25,0.15529999999999999361,0.15529999999999999361
67,-41.25,0.026100000000000001671,0.026100000000000001671
68,-41.25,0.042400000000000000189,0.042400000000000000189
69,-41.25,0.089300000000000004374,0.089300000000000004374
70,-41.25,0.11479999999999999927,0.11479999999999999927
-69,-40,0.86599999999999999201,0.86599999999999999201
-68,-40,0.89659999999999995257,0.89659999999999995257
-67,-40,0.93899999999999994582,0.93899999999999994582
-66,-40,0.9427999999999999714,0.9427999999999999714
-65,-40,0.95509999999999994902,0.95509999999999994902
-64,-40,0.99060000000000003606,0.99060000000000003606
-63,-40,0.99609999999999998543,0.99609999999999998543
-62,-40,0.99839999999999995417,0.99839999999999995417
-61,-40,0.91849999999999998312,0.91849999999999998312
-60,-40,0.78329999999999999627,0.78329999999999999627
-59,-40,0.67820000000000002505,0.67820000000000002505
-58,-40,0.40060000000000001164,0.40060000000000001164
-57,-40,0.37249999999999999778,0.37249999999999999778
-56,-40,0.51229999999999997762,0.51229999999999997762
-55,-40,0.20780000000000001248,0.20780000000000001248
-54,-40,0.1343999999999999917,0.1343999999999999917
-53,-40,0.60289999999999999147,0.60289999999999999147
-52,-40,0.7973000000000000087,0.7973000000000000087
-51,-40,0.58630000000000004334,0.58630000000000004334
-50,-40,0.24790000000000000924,0.24790000000000000924
-49,-40,0.18709999999999998854,0.18709999999999998854
-48,-40,0.20740000000000000102,0.20740000000000000102
-47,-40,0.40250000000000002442,0.40250000000000002442
-46,-40,0.50719999999999998419,0.50719999999999998419
-45,-40,0.58620000000000005436,0.58620000000000005436
-44,-40,0.60519999999999996021,0.60519999999999996021
-43,-40,0.85009999999999996678,0.85009999999999996678
-42,-40,0.9356999999999999762,0.9356999999999999762
-41,-40,0.98440000000000005276,0.98440000000000005276
-40,-40,0.63429999999999997495,0.63429999999999997495
-39,-40,0.34370000000000000551,0.34370000000000000551
-38,-40,0.19989999999999999436,0.19989999999999999436
-37,-40,0.34050000000000002487,0.34050000000000002487
-36,-40,0.4829999999999999849,0.4829999999999999849
-35,-40,0.56750000000000000444,0.56750000000000000444
-34,-40,0.46200000000000002176,0.46200000000000002176
-33,-40,0.33160000000000000586,0.33160000000000000586
-32,-40,0.63080000000000002736,0.63080000000000002736
-31,-40,0.99270000000000002682,0.99270000000000002682
-30,-40,0.93740000000000001101,0.93740000000000001101
-29,-40,0.99070000000000002505,0.99070000000000002505
-28,-40,0.61990000000000000657,0.61990000000000000657
-27,-40,0.17349999999999998757,0.17349999999999998757
-26,-40,0.10860000000000000209,0.10860000000000000209
-25,-40,0.3820999999999999952,0.3820999999999999952
-24,-40,0.97460000000000002185,0.97460000000000002185
-23,-40,0.44409999999999999476,0.44409999999999999476
-22,-40,0.17369999999999999329,0.17369999999999999329
-21,-40,0.15140000000000000679,0.15140000000000000679
-20,-40,0.071099999999999996536,0.071099999999999996536
-19,-40,0.037600000000000001477,0.037600000000000001477
-18,-40,0.0054999999999999996808,0.0054999999999999996808
-17,-40,0.0044000000000000002651,0.0044000000000000002651
-16,-40,0.0080000000000000001665,0.0080000000000000001665
-15,-40,0.024799999999999999128,0.024799999999999999128
-14,-40,0.079600000000000004086,0.079600000000000004086
-13,-40,0.31840000000000001634,0.31840000000000001634
-12,-40,0.7400999999999999801,0.7400999999999999801
-11,-40,0.580400000000000027,0.580400000000000027
-10,-40,0.81079999999999996518,0.81079999999999996518
-9,-40,0.73040000000000004921,0.73040000000000004921
-8,-40,0.22620000000000001217,0.22620000000000001217
-7,-40,0.15260000000000001341,0.15260000000000001341
-6,-40,0.13450000000000000844,0.13450000000000000844
-5,-40,0.2731999999999999984,0.2731999999999999984
-4,-40,0.38240000000000001767,0.38240000000000001767
-3,-40,0.51529999999999998028,0.51529999999999998028
-2,-40,0.57979999999999998206,0.57979999999999998206
-1,-40,0.22220000000000000862,0.22220000000000000862
0,-40,0.052600000000000000921,0.052600000000000000921
1,-40,0.040000000000000000833,0.040000000000000000833
2,-40,0.14710000000000000853,0.14710000000000000853
3,-40,0.27469999999999999973,0.27469999999999999973
4,-40,0.49969999999999997753,0.49969999999999997753
5,-40,0.68720000000000003304,0.68720000000000003304
6,-40,0.55930000000000001936,0.55930000000000001936
7,-40,0.69379999999999997229,0.69379999999999997229
8,-40,0.35139999999999999014,0.35139999999999999014
9,-40,0.30980000000000001981,0.30980000000000001981
10,-40,0.39029999999999998028,0.39029999999999998028
11,-40,0.42209999999999997522,0.42209999999999997522
12,-40,0.42999999999999999334,0.42999999999999999334
13,-40,0.61670000000000002593,0.61670000000000002593
14,-40,0.59930000000000005489,0.59930000000000005489
15,-40,0.67520000000000002238,0.67520000000000002238
16,-40,0.57079999999999997407,0.57079999999999997407
17,-40,0.48230000000000000648,0.48230000000000000648
18,-40,0.78480000000000005311,0.78480000000000005311
19,-40,0.83999999999999996891,0.83999999999999996891
20,-40,0.088599999999999998201,0.088599999999999998201
21,-40,0.075200000000000002953,0.075200000000000002953
22,-40,0.45179999999999997939,0.45179999999999997939
23,-40,0.59119999999999994778,0.59119999999999994778
24,-40,0.38379999999999997451,0.38379999999999997451
25,-40,0.33329999999999998517,0.33329999999999998517
26,-40,0.45440000000000002611,0.45440000000000002611
27,-40,0.64790000000000003144,0.64790000000000003144
28,-40,0.95309999999999994724,0.95309999999999994724
29,-40,0.98140000000000005009,0.98140000000000005009
30,-40,0.93369999999999997442,0.93369999999999997442
31,-40,0.93910000000000004583,0.93910000000000004583
32,-40,0.9313000000000000167,0.9313000000000000167
33,-40,0.90510000000000001563,0.90510000000000001563
34,-40,0.77470000000000005524,0.77470000000000005524
35,-40,0.69999999999999995559,0.69999999999999995559
36,-40,0.76090000000000002078,0.76090000000000002078
37,-40,0.77549999999999996714,0.77549999999999996714
38,-40,0.65300000000000002487,0.65300000000000002487
39,-40,0.36630000000000001448,0.36630000000000001448
40,-40,0.32800000000000001377,0.32800000000000001377
41,-40,0.23300000000000001266,0.23300000000000001266
42,-40,0.25419999999999998153,0.25419999999999998153
43,-40,0.11809999999999999665,0.11809999999999999665
44,-40,0.054699999999999998623,0.054699999999999998623
45,-40,0.20560000000000000497,0.20560000000000000497
46,-40,0.48599999999999998757,0.48599999999999998757
47,-40,0.65429999999999999272,0.65429999999999999272
48,-40,0.80189999999999994618,0.80189999999999994618
49,-40,0.47949999999999998179,0.47949999999999998179
50,-40,0.47870000000000001439,0.47870000000000001439
51,-40,0.69410000000000005027,0.69410000000000005027
52,-40,0.73680000000000001048,0.73680000000000001048
53,-40,0.37159999999999998588,0.37159999999999998588
54,-40,0.50770000000000004015,0.50770000000000004015
55,-40,0.83620000000000005436,0.83620000000000005436
56,-40,0.94759999999999999787,0.94759999999999999787
57,-40,0.97819999999999995843,0.97819999999999995843
58,-40,0.99119999999999996998,0.99119999999999996998
59,-40,0.59660000000000001918,0.59660000000000001918
60,-40,0.357099999999999973,0.357099999999999973
61,-40,0.36099999999999998757,0.36099999999999998757
62,-40,0.34510000000000001785,0.34510000000000001785
63,-40,0.40970000000000000862,0.40970000000000000862
64,-40,0.59379999999999999449,0.59379999999999999449
65,-40,0.79900000000000004352,0.79900000000000004352
66,-40,0.15970000000000000862,0.15970000000000000862
67,-40,0.011299999999999999281,0.011299999999999999281
68,-40,0.02050000000000000086,0.02050000000000000086
69,-40,0.042999999999999996558,0.042999999999999996558
70,-40,0.051299999999999998379,0.051299999999999998379
-69,-38.75,0.97379999999999999893,0.97379999999999999893
-68,-38.75,0.93820000000000003393,0.93820000000000003393
-67,-38.75,0.9384000000000000119,0.9384000000000000119
-66,-38.75,0.89849999999999996536,0.89849999999999996536
-65,-38.75,0.97179999999999999716,0.97179999999999999716
-64,-38.75,0.99170000000000002593,0.99170000000000002593
-63,-38.75,0.98660000000000003251,0.98660000000000003251
-62,-38.75,0.99899999999999999911,0.99899999999999999911
-61,-38.75,0.92820000000000002505,0.92820000000000002505
-60,-38.75,0.91839999999999999414,0.91839999999999999414
-59,-38.75,0.78220000000000000639,0.78220000000000000639
-58,-38.75,0.39340000000000002744,0.39340000000000002744
-57,-38.75,0.21210000000000001075,0.21210000000000001075
-56,-38.75,0.49159999999999998144,0.49159999999999998144
-55,-38.75,0.49340000000000000524,0.49340000000000000524
-54,-38.75,0.34610000000000001874,0.34610000000000001874
-53,-38.75,0.62639999999999995683,0.62639999999999995683
-52,-38.75,0.76219999999999998863,0.76219999999999998863
-51,-38.75,0.49649999999999999689,0.49649999999999999689
-50,-38.75,0.27210000000000000853,0.27210000000000000853
-49,-38.75,0.097500000000000003331,0.097500000000000003331
-48,-38.75,0.14410000000000000586,0.14410000000000000586
-47,-38.75,0.48249999999999998446,0.48249999999999998446
-46,-38.75,0.56389999999999995683,0.56389999999999995683
-45,-38.75,0.57689999999999996838,0.57689999999999996838
-44,-38.75,0.62719999999999997975,0.62719999999999997975
-43,-38.75,0.92689999999999994618,0.92689999999999994618
-42,-38.75,0.98419999999999996376,0.98419999999999996376
-41,-38.75,0.94879999999999997673,0.94879999999999997673
-40,-38.75,0.36170000000000002149,0.36170000000000002149
-39,-38.75,0.24030000000000001359,0.24030000000000001359
-38,-38.75,0.26229999999999997762,0.26229999999999997762
-37,-38.75,0.52900000000000002576,0.52900000000000002576
-36,-38.75,0.60909999999999997478,0.60909999999999997478
-35,-38.75,0.50160000000000004583,0.50160000000000004583
-34,-38.75,0.45329999999999998073,0.45329999999999998073
-33,-38.75,0.76429999999999997939,0.76429999999999997939
-32,-38.75,0.9882999999999999563,0.9882999999999999563
-31,-38.75,0.9786000000000000254,0.9786000000000000254
-30,-38.75,0.96470000000000000195,0.96470000000000000195
-29,-38.75,0.96270000000000000018,0.96270000000000000018
-28,-38.75,0.33920000000000000151,0.33920000000000000151
-27,-38.75,0.19009999999999999121,0.19009999999999999121
-26,-38.75,0.13270000000000001239,0.13270000000000001239
-25,-38.75,0.66239999999999998881,0.66239999999999998881
-24,-38.75,0.71979999999999999538,0.71979999999999999538
-23,-38.75,0.29670000000000001927,0.29670000000000001927
-22,-38.75,0.32940000000000002611,0.32940000000000002611
-21,-38.75,0.20589999999999999969,0.20589999999999999969
-20,-38.75,0.10269999999999999962,0.10269999999999999962
-19,-38.75,0.13130000000000000004,0.13130000000000000004
-18,-38.75,0.099799999999999999822,0.099799999999999999822
-17,-38.75,0.10710000000000000075,0.10710000000000000075
-16,-38.75,0.13109999999999999432,0.13109999999999999432
-15,-38.75,0.32629999999999997895,0.32629999999999997895
-14,-38.75,0.44009999999999999121,0.44009999999999999121
-13,-38.75,0.254500000000000004,0.254500000000000004
-12,-38.75,0.33989999999999997993,0.33989999999999997993
-11,-38.75,0.32219999999999998641,0.32219999999999998641
-10,-38.75,0.5829999999999999627,0.5829999999999999627
-9,-38.75,0.88200000000000000622,0.88200000000000000622
-8,-38.75,0.39850000000000002087,0.39850000000000002087
-7,-38.75,0.29659999999999997478,0.29659999999999997478
-6,-38.75,0.46489999999999997993,0.46489999999999997993
-5,-38.75,0.44790000000000002034,0.44790000000000002034
-4,-38.75,0.46279999999999998916,0.46279999999999998916
-3,-38.75,0.52329999999999998739,0.52329999999999998739
-2,-38.75,0.52890000000000003677,0.52890000000000003677
-1,-38.75,0.19059999999999999165,0.19059999999999999165
0,-38.75,0.032000000000000000666,0.032000000000000000666
1,-38.75,0.030599999999999998729,0.030599999999999998729
2,-38.75,0.10770000000000000406,0.10770000000000000406
3,-38.75,0.21940000000000001168,0.21940000000000001168
4,-38.75,0.43219999999999997309,0.43219999999999997309
5,-38.75,0.68769999999999997797,0.68769999999999997797
6,-38.75,0.5776999999999999913,0.5776999999999999913
7,-38.75,0.55840000000000000746,0.55840000000000000746
8,-38.75,0.56350000000000000089,0.56350000000000000089
9,-38.75,0.50549999999999994937,0.50549999999999994937
10,-38.75,0.38219999999999998419,0.38219999999999998419
11,-38.75,0.29060000000000002496,0.29060000000000002496
12,-38.75,0.48820000000000002283,0.48820000000000002283
13,-38.75,0.87209999999999998632,0.87209999999999998632
14,-38.75,0.75309999999999999165,0.75309999999999999165
15,-38.75,0.75290000000000001368,0.75290000000000001368
16,-38.75,0.74419999999999997264,0.74419999999999997264
17,-38.75,0.5572000000000000286,0.5572000000000000286
18,-38.75,0.71860000000000001652,0.71860000000000001652
19,-38.75,0.87009999999999998455,0.87009999999999998455
20,-38.75,0.18160000000000001141,0.18160000000000001141
21,-38.75,0.042000000000000002609,0.042000000000000002609
22,-38.75,0.19900000000000001021,0.19900000000000001021
23,-38.75,0.29920000000000002149,0.29920000000000002149
24,-38.75,0.50380000000000002558,0.50380000000000002558
25,-38.75,0.64400000000000001688,0.64400000000000001688
26,-38.75,0.50680000000000002824,0.50680000000000002824
27,-38.75,0.7106999999999999984,0.7106999999999999984
28,-38.75,0.99160000000000003695,0.99160000000000003695
29,-38.75,0.9489999999999999547,0.9489999999999999547
30,-38.75,0.85609999999999997211,0.85609999999999997211
31,-38.75,0.84179999999999999272,0.84179999999999999272
32,-38.75,0.93030000000000001581,0.93030000000000001581
33,-38.75,0.97780000000000000249,0.97780000000000000249
34,-38.75,0.94669999999999998597,0.94669999999999998597
35,-38.75,0.77539999999999997815,0.77539999999999997815
36,-38.75,0.52649999999999996803,0.52649999999999996803
37,-38.75,0.73750000000000004441,0.73750000000000004441
38,-38.75,0.62729999999999996874,0.62729999999999996874
39,-38.75,0.40989999999999998659,0.40989999999999998659
40,-38.75,0.22730000000000000204,0.22730000000000000204
41,-38.75,0.22159999999999999143,0.22159999999999999143
42,-38.75,0.25,0.25
43,-38.75,0.25909999999999999698,0.25909999999999999698
44,-38.75,0.038199999999999997846,0.038199999999999997846
45,-38.75,0.11959999999999999798,0.11959999999999999798
46,-38.75,0.18549999999999999822,0.18549999999999999822
47,-38.75,0.44800000000000000933,0.44800000000000000933
48,-38.75,0.76060000000000005382,0.76060000000000005382
49,-38.75,0.7831000000000000183,0.7831000000000000183
50,-38.75,0.52239999999999997549,0.52239999999999997549
51,-38.75,0.71079999999999998739,0.71079999999999998739
52,-38.75,0.96299999999999996714,0.96299999999999996714
53,-38.75,0.72760000000000002451,0.72760000000000002451
54,-38.75,0.61580000000000001403,0.61580000000000001403
55,-38.75,0.7697000000000000508,0.7697000000000000508
56,-38.75,0.97940000000000004832,0.97940000000000004832
57,-38.75,0.7518000000000000238,0.7518000000000000238
58,-38.75,0.86539999999999994706,0.86539999999999994706
59,-38.75,0.61409999999999997922,0.61409999999999997922
60,-38.75,0.41999999999999998446,0.41999999999999998446
61,-38.75,0.51549999999999995826,0.51549999999999995826
62,-38.75,0.544599999999999973,0.544599999999999973
63,-38.75,0.5250000000000000222,0.5250000000000000222
64,-38.75,0.66830000000000000515,0.66830000000000000515
65,-38.75,0.62280000000000002025,0.62280000000000002025
66,-38.75,0.054899999999999997413,0.054899999999999997413
67,-38.75,0.007799999999999999642,0.007799999999999999642
68,-38.75,0.018599999999999998479,0.018599999999999998479
69,-38.75,0.014999999999999999445,0.014999999999999999445
70,-38.75,0.018599999999999998479,0.018599999999999998479
-69,-37.5,0.98929999999999995719,0.98929999999999995719
-68,-37.5,0.96579999999999999183,0.96579999999999999183
-67,-37.5,0.89390000000000002789,0.89390000000000002789
-66,-37.5,0.80730000000000001759,0.80730000000000001759
-65,-37.5,0.93530000000000002025,0.93530000000000002025
-64,-37.5,0.96699999999999997069,0.96699999999999997069
-63,-37.5,0.92310000000000003162,0.92310000000000003162
-62,-37.5,0.99050000000000004707,0.99050000000000004707
-61,-37.5,0.97250000000000003109,0.97250000000000003109
-60,-37.5,0.95320000000000004725,0.95320000000000004725
-59,-37.5,0.79910000000000003251,0.79910000000000003251
-58,-37.5,0.40570000000000000506,0.40570000000000000506
-57,-37.5,0.31130000000000002114,0.31130000000000002114
-56,-37.5,0.57579999999999997851,0.57579999999999997851
-55,-37.5,0.86980000000000001759,0.86980000000000001759
-54,-37.5,0.49409999999999998366,0.49409999999999998366
-53,-37.5,0.58609999999999995435,0.58609999999999995435
-52,-37.5,0.66449999999999997957,0.66449999999999997957
-51,-37.5,0.57789999999999996927,0.57789999999999996927
-50,-37.5,0.33179999999999998384,0.33179999999999998384
-49,-37.5,0.10169999999999999873,0.10169999999999999873
-48,-37.5,0.22470000000000001084,0.22470000000000001084
-47,-37.5,0.5652000000000000357,0.5652000000000000357
-46,-37.5,0.50239999999999995772,0.50239999999999995772
-45,-37.5,0.57099999999999995204,0.57099999999999995204
-44,-37.5,0.69750000000000000888,0.69750000000000000888
-43,-37.5,0.67339999999999999858,0.67339999999999999858
-42,-37.5,0.97750000000000003553,0.97750000000000003553
-41,-37.5,0.80920000000000003038,0.80920000000000003038
-40,-37.5,0.30849999999999999645,0.30849999999999999645
-39,-37.5,0.25950000000000000844,0.25950000000000000844
-38,-37.5,0.3820999999999999952,0.3820999999999999952
-37,-37.5,0.31509999999999999121,0.31509999999999999121
-36,-37.5,0.40520000000000000462,0.40520000000000000462
-35,-37.5,0.5108000000000000318,0.5108000000000000318
-34,-37.5,0.67810000000000003606,0.67810000000000003606
-33,-37.5,0.88300000000000000711,0.88300000000000000711
-32,-37.5,0.96279999999999998916,0.96279999999999998916
-31,-37.5,0.96479999999999999094,0.96479999999999999094
-30,-37.5,0.95430000000000003713,0.95430000000000003713
-29,-37.5,0.90500000000000002665,0.90500000000000002665
-28,-37.5,0.31469999999999997975,0.31469999999999997975
-27,-37.5,0.21499999999999999667,0.21499999999999999667
-26,-37.5,0.46350000000000002309,0.46350000000000002309
-25,-37.5,0.74119999999999996998,0.74119999999999996998
-24,-37.5,0.71819999999999994955,0.71819999999999994955
-23,-37.5,0.68169999999999997264,0.68169999999999997264
-22,-37.5,0.52559999999999995612,0.52559999999999995612
-21,-37.5,0.14160000000000000364,0.14160000000000000364
-20,-37.5,0.21310000000000001164,0.21310000000000001164
-19,-37.5,0.33060000000000000497,0.33060000000000000497
-18,-37.5,0.25440000000000001501,0.25440000000000001501
-17,-37.5,0.20660000000000000586,0.20660000000000000586
-16,-37.5,0.77439999999999997726,0.77439999999999997726
-15,-37.5,0.80130000000000001226,0.80130000000000001226
-14,-37.5,0.62629999999999996785,0.62629999999999996785
-13,-37.5,0.65829999999999999627,0.65829999999999999627
-12,-37.5,0.65669999999999995044,0.65669999999999995044
-11,-37.5,0.44400000000000000577,0.44400000000000000577
-10,-37.5,0.75600000000000000533,0.75600000000000000533
-9,-37.5,0.81850000000000000533,0.81850000000000000533
-8,-37.5,0.68120000000000002771,0.68120000000000002771
-7,-37.5,0.61240000000000005542,0.61240000000000005542
-6,-37.5,0.60009999999999996678,0.60009999999999996678
-5,-37.5,0.53610000000000002096,0.53610000000000002096
-4,-37.5,0.64539999999999997371,0.64539999999999997371
-3,-37.5,0.69150000000000000355,0.69150000000000000355
-2,-37.5,0.58630000000000004334,0.58630000000000004334
-1,-37.5,0.12920000000000000928,0.12920000000000000928
0,-37.5,0.016600000000000000172,0.016600000000000000172
1,-37.5,0.028500000000000001027,0.028500000000000001027
2,-37.5,0.077399999999999996581,0.077399999999999996581
3,-37.5,0.17749999999999999112,0.17749999999999999112
4,-37.5,0.4777000000000000135,0.4777000000000000135
5,-37.5,0.71719999999999994866,0.71719999999999994866
6,-37.5,0.4945999999999999841,0.4945999999999999841
7,-37.5,0.44130000000000002558,0.44130000000000002558
8,-37.5,0.45550000000000001599,0.45550000000000001599
9,-37.5,0.32819999999999999174,0.32819999999999999174
10,-37.5,0.33619999999999999885,0.33619999999999999885
11,-37.5,0.32050000000000000711,0.32050000000000000711
12,-37.5,0.6847999999999999643,0.6847999999999999643
13,-37.5,0.93600000000000005418,0.93600000000000005418
14,-37.5,0.81889999999999996128,0.81889999999999996128
15,-37.5,0.5918999999999999817,0.5918999999999999817
16,-37.5,0.70079999999999997851,0.70079999999999997851
17,-37.5,0.51070000000000004281,0.51070000000000004281
18,-37.5,0.46060000000000000941,0.46060000000000000941
19,-37.5,0.77339999999999997637,0.77339999999999997637
20,-37.5,0.23150000000000001132,0.23150000000000001132
21,-37.5,0.078700000000000006062,0.078700000000000006062
22,-37.5,0.11039999999999999813,0.11039999999999999813
23,-37.5,0.27269999999999999796,0.27269999999999999796
24,-37.5,0.38869999999999998996,0.38869999999999998996
25,-37.5,0.46179999999999998828,0.46179999999999998828
26,-37.5,0.54010000000000002451,0.54010000000000002451
27,-37.5,0.74990000000000001101,0.74990000000000001101
28,-37.5,0.97999999999999998224,0.97999999999999998224
29,-37.5,0.91710000000000002629,0.91710000000000002629
30,-37.5,0.82259999999999999787,0.82259999999999999787
31,-37.5,0.76190000000000002167,0.76190000000000002167
32,-37.5,0.80089999999999994529,0.80089999999999994529
33,-37.5,0.99550000000000005151,0.99550000000000005151
34,-37.5,0.90200000000000002398,0.90200000000000002398
35,-37.5,0.77810000000000001386,0.77810000000000001386
36,-37.5,0.75470000000000003748,0.75470000000000003748
37,-37.5,0.70309999999999994724,0.70309999999999994724
38,-37.5,0.66510000000000002451,0.66510000000000002451
39,-37.5,0.43369999999999997442,0.43369999999999997442
40,-37.5,0.25300000000000000266,0.25300000000000000266
41,-37.5,0.17519999999999999463,0.17519999999999999463
42,-37.5,0.16350000000000000644,0.16350000000000000644
43,-37.5,0.19980000000000000537,0.19980000000000000537
44,-37.5,0.073899999999999993472,0.073899999999999993472
45,-37.5,0.066299999999999997824,0.066299999999999997824
46,-37.5,0.068500000000000005329,0.068500000000000005329
47,-37.5,0.18229999999999998983,0.18229999999999998983
48,-37.5,0.45110000000000000098,0.45110000000000000098
49,-37.5,0.49499999999999999556,0.49499999999999999556
50,-37.5,0.62490000000000001101,0.62490000000000001101
51,-37.5,0.69799999999999995381,0.69799999999999995381
52,-37.5,0.82179999999999997495,0.82179999999999997495
53,-37.5,0.9526999999999999913,0.9526999999999999913
54,-37.5,0.78729999999999999982,0.78729999999999999982
55,-37.5,0.90269999999999994689,0.90269999999999994689
56,-37.5,0.94220000000000003748,0.94220000000000003748
57,-37.5,0.78269999999999995133,0.78269999999999995133
58,-37.5,0.90239999999999997993,0.90239999999999997993
59,-37.5,0.64090000000000002522,0.64090000000000002522
60,-37.5,0.56469999999999997975,0.56469999999999997975
61,-37.5,0.66359999999999996767,0.66359999999999996767
62,-37.5,0.63049999999999994937,0.63049999999999994937
63,-37.5,0.70579999999999998295,0.70579999999999998295
64,-37.5,0.91039999999999998703,0.91039999999999998703
65,-37.5,0.48070000000000001616,0.48070000000000001616
66,-37.5,0.031399999999999997358,0.031399999999999997358
67,-37.5,0.0080999999999999995615,0.0080999999999999995615
68,-37.5,0.019099999999999998923,0.019099999999999998923
69,-37.5,0.022499999999999999167,0.022499999999999999167
70,-37.5,0.015599999999999999284,0.015599999999999999284
-69,-36.25,0.96679999999999999272,0.96679999999999999272
-68,-36.25,0.97940000000000004832,0.97940000000000004832
-67,-36.25,0.89749999999999996447,0.89749999999999996447
-66,-36.25,0.77300000000000002043,0.77300000000000002043
-65,-36.25,0.83079999999999998295,0.83079999999999998295
-64,-36.25,0.84599999999999997424,0.84599999999999997424
-63,-36.25,0.86629999999999995897,0.86629999999999995897
-62,-36.25,0.95899999999999996358,0.95899999999999996358
-61,-36.25,0.94259999999999999343,0.94259999999999999343
-60,-36.25,0.98770000000000002238,0.98770000000000002238
-59,-36.25,0.88090000000000001634,0.88090000000000001634
-58,-36.25,0.52749999999999996891,0.52749999999999996891
-57,-36.25,0.57179999999999997495,0.57179999999999997495
-56,-36.25,0.69879999999999997673,0.69879999999999997673
-55,-36.25,0.71309999999999995612,0.71309999999999995612
-54,-36.25,0.46479999999999999094,0.46479999999999999094
-53,-36.25,0.63790000000000002256,0.63790000000000002256
-52,-36.25,0.62729999999999996874,0.62729999999999996874
-51,-36.25,0.60009999999999996678,0.60009999999999996678
-50,-36.25,0.56550000000000000266,0.56550000000000000266
-49,-36.25,0.36620000000000002549,0.36620000000000002549
-48,-36.25,0.38890000000000002345,0.38890000000000002345
-47,-36.25,0.53159999999999996145,0.53159999999999996145
-46,-36.25,0.45810000000000000719,0.45810000000000000719
-45,-36.25,0.5590000000000000524,0.5590000000000000524
-44,-36.25,0.60940000000000005276,0.60940000000000005276
-43,-36.25,0.7954999999999999849,0.7954999999999999849
-42,-36.25,0.93489999999999995328,0.93489999999999995328
-41,-36.25,0.63990000000000002434,0.63990000000000002434
-40,-36.25,0.38279999999999997362,0.38279999999999997362
-39,-36.25,0.3679000000000000048,0.3679000000000000048
-38,-36.25,0.30140000000000000124,0.30140000000000000124
-37,-36.25,0.23430000000000000826,0.23430000000000000826
-36,-36.25,0.45610000000000000542,0.45610000000000000542
-35,-36.25,0.56469999999999997975,0.56469999999999997975
-34,-36.25,0.8313000000000000389,0.8313000000000000389
-33,-36.25,0.95079999999999997851,0.95079999999999997851
-32,-36.25,0.94399999999999995026,0.94399999999999995026
-31,-36.25,0.96770000000000000462,0.96770000000000000462
-30,-36.25,0.72009999999999996234,0.72009999999999996234
-29,-36.25,0.98719999999999996643,0.98719999999999996643
-28,-36.25,0.83930000000000004601,0.83930000000000004601
-27,-36.25,0.50490000000000001545,0.50490000000000001545
-26,-36.25,0.62199999999999999734,0.62199999999999999734
-25,-36.25,0.51810000000000000497,0.51810000000000000497
-24,-36.25,0.80449999999999999289,0.80449999999999999289
-23,-36.25,0.8239999999999999547,0.8239999999999999547
-22,-36.25,0.48689999999999999947,0.48689999999999999947
-21,-36.25,0.16129999999999999893,0.16129999999999999893
-20,-36.25,0.31290000000000001146,0.31290000000000001146
-19,-36.25,0.5331000000000000183,0.5331000000000000183
-18,-36.25,0.50429999999999997051,0.50429999999999997051
-17,-36.25,0.43319999999999997398,0.43319999999999997398
-16,-36.25,0.79890000000000005453,0.79890000000000005453
-15,-36.25,0.90849999999999997424,0.90849999999999997424
-14,-36.25,0.74970000000000003304,0.74970000000000003304
-13,-36.25,0.87050000000000005151,0.87050000000000005151
-12,-36.25,0.87329999999999996518,0.87329999999999996518
-11,-36.25,0.83350000000000001865,0.83350000000000001865
-10,-36.25,0.9340000000000000524,0.9340000000000000524
-9,-36.25,0.81010000000000004228,0.81010000000000004228
-8,-36.25,0.84540000000000004032,0.84540000000000004032
-7,-36.25,0.58599999999999996536,0.58599999999999996536
-6,-36.25,0.52559999999999995612,0.52559999999999995612
-5,-36.25,0.64770000000000005347,0.64770000000000005347
-4,-36.25,0.77580000000000004512,0.77580000000000004512
-3,-36.25,0.83720000000000005524,0.83720000000000005524
-2,-36.25,0.48049999999999998268,0.48049999999999998268
-1,-36.25,0.076600000000000001421,0.076600000000000001421
0,-36.25,0.0067000000000000002262,0.0067000000000000002262
1,-36.25,0.016400000000000001382,0.016400000000000001382
2,-36.25,0.0567000000000000004,0.0567000000000000004
3,-36.25,0.21549999999999999711,0.21549999999999999711
4,-36.25,0.48370000000000001883,0.48370000000000001883
5,-36.25,0.61209999999999997744,0.61209999999999997744
6,-36.25,0.51249999999999995559,0.51249999999999995559
7,-36.25,0.54820000000000002061,0.54820000000000002061
8,-36.25,0.75119999999999997886,0.75119999999999997886
9,-36.25,0.42520000000000002238,0.42520000000000002238
10,-36.25,0.38030000000000002691,0.38030000000000002691
11,-36.25,0.30570000000000002727,0.30570000000000002727
12,-36.25,0.58340000000000002967,0.58340000000000002967
13,-36.25,0.88280000000000002913,0.88280000000000002913
14,-36.25,0.79990000000000005542,0.79990000000000005542
15,-36.25,0.49040000000000000258,0.49040000000000000258
16,-36.25,0.54430000000000000604,0.54430000000000000604
17,-36.25,0.47960000000000002629,0.47960000000000002629
18,-36.25,0.34300000000000002709,0.34300000000000002709
19,-36.25,0.83469999999999999751,0.83469999999999999751
20,-36.25,0.36899999999999999467,0.36899999999999999467
21,-36.25,0.12759999999999999121,0.12759999999999999121
22,-36.25,0.17419999999999999374,0.17419999999999999374
23,-36.25,0.30420000000000002593,0.30420000000000002593
24,-36.25,0.39810000000000000941,0.39810000000000000941
25,-36.25,0.44900000000000001021,0.44900000000000001021
26,-36.25,0.53959999999999996856,0.53959999999999996856
27,-36.25,0.75390000000000001457,0.75390000000000001457
28,-36.25,0.86619999999999996998,0.86619999999999996998
29,-36.25,0.98419999999999996376,0.98419999999999996376
30,-36.25,0.98619999999999996554,0.98619999999999996554
31,-36.25,0.88139999999999996128,0.88139999999999996128
32,-36.25,0.72650000000000003464,0.72650000000000003464
33,-36.25,0.66559999999999996945,0.66559999999999996945
34,-36.25,0.96109999999999995435,0.96109999999999995435
35,-36.25,0.95760000000000000675,0.95760000000000000675
36,-36.25,0.86370000000000002327,0.86370000000000002327
37,-36.25,0.66469999999999995755,0.66469999999999995755
38,-36.25,0.48949999999999999067,0.48949999999999999067
39,-36.25,0.41739999999999999325,0.41739999999999999325
40,-36.25,0.30549999999999999378,0.30549999999999999378
41,-36.25,0.26919999999999999485,0.26919999999999999485
42,-36.25,0.26019999999999998685,0.26019999999999998685
43,-36.25,0.25959999999999999742,0.25959999999999999742
44,-36.25,0.22150000000000000244,0.22150000000000000244
45,-36.25,0.16039999999999998703,0.16039999999999998703
46,-36.25,0.12959999999999999298,0.12959999999999999298
47,-36.25,0.21540000000000000813,0.21540000000000000813
48,-36.25,0.38350000000000000755,0.38350000000000000755
49,-36.25,0.30209999999999997966,0.30209999999999997966
50,-36.25,0.37090000000000000746,0.37090000000000000746
51,-36.25,0.61380000000000001226,0.61380000000000001226
52,-36.25,0.55730000000000001759,0.55730000000000001759
53,-36.25,0.66449999999999997957,0.66449999999999997957
54,-36.25,0.91320000000000001172,0.91320000000000001172
55,-36.25,0.92369999999999996554,0.92369999999999996554
56,-36.25,0.8947000000000000508,0.8947000000000000508
57,-36.25,0.83840000000000003411,0.83840000000000003411
58,-36.25,0.94130000000000002558,0.94130000000000002558
59,-36.25,0.67959999999999998188,0.67959999999999998188
60,-36.25,0.6766999999999999682,0.6766999999999999682
61,-36.25,0.83160000000000000586,0.83160000000000000586
62,-36.25,0.66359999999999996767,0.66359999999999996767
63,-36.25,0.848300000000000054,0.848300000000000054
64,-36.25,0.92789999999999994706,0.92789999999999994706
65,-36.25,0.424099999999999977,0.424099999999999977
66,-36.25,0.051499999999999997169,0.051499999999999997169
67,-36.25,0.073400000000000006906,0.073400000000000006906
68,-36.25,0.099199999999999996514,0.099199999999999996514
69,-36.25,0.0625,0.0625
70,-36.25,0.046100000000000002087,0.046100000000000002087
-69,-35,0.93579999999999996518,0.93579999999999996518
-68,-35,0.97379999999999999893,0.97379999999999999893
-67,-35,0.8873999999999999666,0.8873999999999999666
-66,-35,0.76370000000000004547,0.76370000000000004547
-65,-35,0.71919999999999995044,0.71919999999999995044
-64,-35,0.65959999999999996412,0.65959999999999996412
-63,-35,0.80020000000000002238,0.80020000000000002238
-62,-35,0.87629999999999996785,0.87629999999999996785
-61,-35,0.8474000000000000421,0.8474000000000000421
-60,-35,0.83520000000000005347,0.83520000000000005347
-59,-35,0.8731999999999999762,0.8731999999999999762
-58,-35,0.72030000000000005134,0.72030000000000005134
-57,-35,0.64180000000000003713,0.64180000000000003713
-56,-35,0.77969999999999994866,0.77969999999999994866
-55,-35,0.68789999999999995595,0.68789999999999995595
-54,-35,0.54249999999999998224,0.54249999999999998224
-53,-35,0.58650000000000002132,0.58650000000000002132
-52,-35,0.70750000000000001776,0.70750000000000001776
-51,-35,0.57430000000000003268,0.57430000000000003268
-50,-35,0.74170000000000002593,0.74170000000000002593
-49,-35,0.63380000000000003002,0.63380000000000003002
-48,-35,0.35970000000000001972,0.35970000000000001972
-47,-35,0.51919999999999999485,0.51919999999999999485
-46,-35,0.46629999999999999227,0.46629999999999999227
-45,-35,0.54990000000000005542,0.54990000000000005542
-44,-35,0.79159999999999997033,0.79159999999999997033
-43,-35,0.96109999999999995435,0.96109999999999995435
-42,-35,0.87080000000000001847,0.87080000000000001847
-41,-35,0.34829999999999999849,0.34829999999999999849
-40,-35,0.33879999999999999005,0.33879999999999999005
-39,-35,0.2026999999999999913,0.2026999999999999913
-38,-35,0.14319999999999999396,0.14319999999999999396
-37,-35,0.26360000000000000098,0.26360000000000000098
-36,-35,0.48570000000000002061,0.48570000000000002061
-35,-35,0.41420000000000001261,0.41420000000000001261
-34,-35,0.42699999999999999067,0.42699999999999999067
-33,-35,0.42920000000000002593,0.42920000000000002593
-32,-35,0.88449999999999995293,0.88449999999999995293
-31,-35,0.92740000000000000213,0.92740000000000000213
-30,-35,0.70660000000000000586,0.70660000000000000586
-29,-35,0.99250000000000004885,0.99250000000000004885
-28,-35,0.7295000000000000373,0.7295000000000000373
-27,-35,0.59309999999999996056,0.59309999999999996056
-26,-35,0.64149999999999995914,0.64149999999999995914
-25,-35,0.38860000000000000098,0.38860000000000000098
-24,-35,0.60840000000000005187,0.60840000000000005187
-23,-35,0.72009999999999996234,0.72009999999999996234
-22,-35,0.46360000000000001208,0.46360000000000001208
-21,-35,0.25569999999999998286,0.25569999999999998286
-20,-35,0.51380000000000003446,0.51380000000000003446
-19,-35,0.67820000000000002505,0.67820000000000002505
-18,-35,0.44609999999999999654,0.44609999999999999654
-17,-35,0.33550000000000002043,0.33550000000000002043
-16,-35,0.77249999999999996447,0.77249999999999996447
-15,-35,0.78269999999999995133,0.78269999999999995133
-14,-35,0.84079999999999999183,0.84079999999999999183
-13,-35,0.97099999999999997424,0.97099999999999997424
-12,-35,0.9706000000000000183,0.9706000000000000183
-11,-35,0.94450000000000000622,0.94450000000000000622
-10,-35,0.92930000000000001492,0.92930000000000001492
-9,-35,0.92730000000000001315,0.92730000000000001315
-8,-35,0.92339999999999999858,0.92339999999999999858
-7,-35,0.8858000000000000318,0.8858000000000000318
-6,-35,0.76939999999999997282,0.76939999999999997282
-5,-35,0.7874999999999999778,0.7874999999999999778
-4,-35,0.86089999999999999858,0.86089999999999999858
-3,-35,0.88829999999999997851,0.88829999999999997851
-2,-35,0.37390000000000001013,0.37390000000000001013
-1,-35,0.034500000000000002887,0.034500000000000002887
0,-35,0.0058999999999999998626,0.0058999999999999998626
1,-35,0.018700000000000001343,0.018700000000000001343
2,-35,0.077399999999999996581,0.077399999999999996581
3,-35,0.22720000000000001306,0.22720000000000001306
4,-35,0.47999999999999998224,0.47999999999999998224
5,-35,0.46129999999999998783,0.46129999999999998783
6,-35,0.41129999999999999893,0.41129999999999999893
7,-35,0.53639999999999998792,0.53639999999999998792
8,-35,0.96389999999999997904,0.96389999999999997904
9,-35,0.71770000000000000462,0.71770000000000000462
10,-35,0.75339999999999995861,0.75339999999999995861
11,-35,0.56930000000000002824,0.56930000000000002824
12,-35,0.67020000000000001794,0.67020000000000001794
13,-35,0.88280000000000002913,0.88280000000000002913
14,-35,0.83930000000000004601,0.83930000000000004601
15,-35,0.71919999999999995044,0.71919999999999995044
16,-35,0.41499999999999998002,0.41499999999999998002
17,-35,0.39839999999999997637,0.39839999999999997637
18,-35,0.30980000000000001981,0.30980000000000001981
19,-35,0.42380000000000001004,0.42380000000000001004
20,-35,0.67930000000000001492,0.67930000000000001492
21,-35,0.29630000000000000782,0.29630000000000000782
22,-35,0.22400000000000000466,0.22400000000000000466
23,-35,0.21729999999999999316,0.21729999999999999316
24,-35,0.3534999999999999809,0.3534999999999999809
25,-35,0.51310000000000000053,0.51310000000000000053
26,-35,0.50009999999999998899,0.50009999999999998899
27,-35,0.61609999999999998099,0.61609999999999998099
28,-35,0.79979999999999995541,0.79979999999999995541
29,-35,0.9848000000000000087,0.9848000000000000087
30,-35,0.98809999999999997833,0.98809999999999997833
31,-35,0.97740000000000004654,0.97740000000000004654
32,-35,0.9418999999999999595,0.9418999999999999595
33,-35,0.6411000000000000032,0.6411000000000000032
34,-35,0.59589999999999998526,0.59589999999999998526
35,-35,0.96140000000000003233,0.96140000000000003233
36,-35,0.98219999999999996199,0.98219999999999996199
37,-35,0.88180000000000002824,0.88180000000000002824
38,-35,0.50729999999999997318,0.50729999999999997318
39,-35,0.41420000000000001261,0.41420000000000001261
40,-35,0.28910000000000002363,0.28910000000000002363
41,-35,0.42540000000000000036,0.42540000000000000036
42,-35,0.54359999999999997211,0.54359999999999997211
43,-35,0.44879999999999997673,0.44879999999999997673
44,-35,0.33779999999999998916,0.33779999999999998916
45,-35,0.33350000000000001865,0.33350000000000001865
46,-35,0.17910000000000000919,0.17910000000000000919
47,-35,0.19939999999999999392,0.19939999999999999392
48,-35,0.35939999999999999725,0.35939999999999999725
49,-35,0.18950000000000000178,0.18950000000000000178
50,-35,0.16550000000000000822,0.16550000000000000822
51,-35,0.38529999999999997584,0.38529999999999997584
52,-35,0.36870000000000002771,0.36870000000000002771
53,-35,0.42830000000000001403,0.42830000000000001403
54,-35,0.73589999999999999858,0.73589999999999999858
55,-35,0.84799999999999997602,0.84799999999999997602
56,-35,0.90910000000000001918,0.90910000000000001918
57,-35,0.88609999999999999876,0.88609999999999999876
58,-35,0.93620000000000003215,0.93620000000000003215
59,-35,0.64280000000000003801,0.64280000000000003801
60,-35,0.68530000000000002025,0.68530000000000002025
61,-35,0.79649999999999998579,0.79649999999999998579
62,-35,0.78180000000000005045,0.78180000000000005045
63,-35,0.9260000000000000453,0.9260000000000000453
64,-35,0.84230000000000004867,0.84230000000000004867
65,-35,0.48909999999999997922,0.48909999999999997922
66,-35,0.12609999999999998987,0.12609999999999998987
67,-35,0.1945999999999999952,0.1945999999999999952
68,-35,0.1378999999999999948,0.1378999999999999948
69,-35,0.065299999999999996936,0.065299999999999996936
70,-35,0.10009999999999999454,0.10009999999999999454
-69,-33.75,0.93589999999999995417,0.93589999999999995417
-68,-33.75,0.97780000000000000249,0.97780000000000000249
-67,-33.75,0.83720000000000005524,0.83720000000000005524
-66,-33.75,0.67789999999999994706,0.67789999999999994706
-65,-33.75,0.60109999999999996767,0.60109999999999996767
-64,-33.75,0.59430000000000005045,0.59430000000000005045
-63,-33.75,0.7277000000000000135,0.7277000000000000135
-62,-33.75,0.80240000000000000213,0.80240000000000000213
-61,-33.75,0.72870000000000001439,0.72870000000000001439
-60,-33.75,0.58669999999999999929,0.58669999999999999929
-59,-33.75,0.66310000000000002274,0.66310000000000002274
-58,-33.75,0.65949999999999997513,0.65949999999999997513
-57,-33.75,0.77180000000000004157,0.77180000000000004157
-56,-33.75,0.87729999999999996874,0.87729999999999996874
-55,-33.75,0.82410000000000005471,0.82410000000000005471
-54,-33.75,0.69699999999999995293,0.69699999999999995293
-53,-33.75,0.51839999999999997193,0.51839999999999997193
-52,-33.75,0.64659999999999995257,0.64659999999999995257
-51,-33.75,0.60119999999999995666,0.60119999999999995666
-50,-33.75,0.7382999999999999563,0.7382999999999999563
-49,-33.75,0.48599999999999998757,0.48599999999999998757
-48,-33.75,0.39160000000000000364,0.39160000000000000364
-47,-33.75,0.53100000000000002753,0.53100000000000002753
-46,-33.75,0.56179999999999996607,0.56179999999999996607
-45,-33.75,0.59930000000000005489,0.59930000000000005489
-44,-33.75,0.84519999999999995133,0.84519999999999995133
-43,-33.75,0.97789999999999999147,0.97789999999999999147
-42,-33.75,0.91590000000000004743,0.91590000000000004743
-41,-33.75,0.39569999999999999618,0.39569999999999999618
-40,-33.75,0.34629999999999999671,0.34629999999999999671
-39,-33.75,0.27850000000000002531,0.27850000000000002531
-38,-33.75,0.14849999999999999312,0.14849999999999999312
-37,-33.75,0.27460000000000001075,0.27460000000000001075
-36,-33.75,0.40510000000000001563,0.40510000000000001563
-35,-33.75,0.38500000000000000888,0.38500000000000000888
-34,-33.75,0.25150000000000000133,0.25150000000000000133
-33,-33.75,0.49469999999999997309,0.49469999999999997309
-32,-33.75,0.96430000000000004601,0.96430000000000004601
-31,-33.75,0.59260000000000001563,0.59260000000000001563
-30,-33.75,0.77700000000000002398,0.77700000000000002398
-29,-33.75,0.98999999999999999112,0.98999999999999999112
-28,-33.75,0.69650000000000000799,0.69650000000000000799
-27,-33.75,0.94569999999999998508,0.94569999999999998508
-26,-33.75,0.64980000000000004423,0.64980000000000004423
-25,-33.75,0.37230000000000001981,0.37230000000000001981
-24,-33.75,0.80579999999999996074,0.80579999999999996074
-23,-33.75,0.78529999999999999805,0.78529999999999999805
-22,-33.75,0.75729999999999997318,0.75729999999999997318
-21,-33.75,0.75449999999999994849,0.75449999999999994849
-20,-33.75,0.9882999999999999563,0.9882999999999999563
-19,-33.75,0.95179999999999997939,0.95179999999999997939
-18,-33.75,0.70040000000000002256,0.70040000000000002256
-17,-33.75,0.53720000000000001084,0.53720000000000001084
-16,-33.75,0.84340000000000003855,0.84340000000000003855
-15,-33.75,0.69489999999999996216,0.69489999999999996216
-14,-33.75,0.81479999999999996874,0.81479999999999996874
-13,-33.75,0.98509999999999997566,0.98509999999999997566
-12,-33.75,0.97160000000000001918,0.97160000000000001918
-11,-33.75,0.94440000000000001723,0.94440000000000001723
-10,-33.75,0.83960000000000001297,0.83960000000000001297
-9,-33.75,0.87700000000000000178,0.87700000000000000178
-8,-33.75,0.90049999999999996714,0.90049999999999996714
-7,-33.75,0.92069999999999996287,0.92069999999999996287
-6,-33.75,0.89939999999999997726,0.89939999999999997726
-5,-33.75,0.92479999999999995541,0.92479999999999995541
-4,-33.75,0.97399999999999997691,0.97399999999999997691
-3,-33.75,0.8679000000000000048,0.8679000000000000048
-2,-33.75,0.28349999999999997424,0.28349999999999997424
-1,-33.75,0.028799999999999999212,0.028799999999999999212
0,-33.75,0.010999999999999999362,0.010999999999999999362
1,-33.75,0.020099999999999999811,0.020099999999999999811
2,-33.75,0.067900000000000002021,0.067900000000000002021
3,-33.75,0.2686999999999999944,0.2686999999999999944
4,-33.75,0.46820000000000000506,0.46820000000000000506
5,-33.75,0.42709999999999997966,0.42709999999999997966
6,-33.75,0.47649999999999997913,0.47649999999999997913
7,-33.75,0.72119999999999995222,0.72119999999999995222
8,-33.75,0.84819999999999995399,0.84819999999999995399
9,-33.75,0.61909999999999998366,0.61909999999999998366
10,-33.75,0.8954999999999999627,0.8954999999999999627
11,-33.75,0.78569999999999995399,0.78569999999999995399
12,-33.75,0.70530000000000003801,0.70530000000000003801
13,-33.75,0.81489999999999995772,0.81489999999999995772
14,-33.75,0.785800000000000054,0.785800000000000054
15,-33.75,0.66690000000000004832,0.66690000000000004832
16,-33.75,0.51580000000000003624,0.51580000000000003624
17,-33.75,0.36540000000000000258,0.36540000000000000258
18,-33.75,0.35549999999999998268,0.35549999999999998268
19,-33.75,0.35589999999999999414,0.35589999999999999414
20,-33.75,0.57050000000000000711,0.57050000000000000711
21,-33.75,0.60570000000000001616,0.60570000000000001616
22,-33.75,0.28189999999999998392,0.28189999999999998392
23,-33.75,0.17210000000000000298,0.17210000000000000298
24,-33.75,0.26810000000000000497,0.26810000000000000497
25,-33.75,0.71550000000000002487,0.71550000000000002487
26,-33.75,0.32290000000000002034,0.32290000000000002034
27,-33.75,0.44359999999999999432,0.44359999999999999432
28,-33.75,0.73460000000000003073,0.73460000000000003073
29,-33.75,0.79410000000000002807,0.79410000000000002807
30,-33.75,0.86360000000000003428,0.86360000000000003428
31,-33.75,0.95079999999999997851,0.95079999999999997851
32,-33.75,0.98350000000000004086,0.98350000000000004086
33,-33.75,0.85460000000000002629,0.85460000000000002629
34,-33.75,0.68959999999999999076,0.68959999999999999076
35,-33.75,0.7661000000000000032,0.7661000000000000032
36,-33.75,0.98970000000000002416,0.98970000000000002416
37,-33.75,0.89170000000000004814,0.89170000000000004814
38,-33.75,0.57040000000000001812,0.57040000000000001812
39,-33.75,0.51800000000000001599,0.51800000000000001599
40,-33.75,0.29530000000000000693,0.29530000000000000693
41,-33.75,0.34939999999999998836,0.34939999999999998836
42,-33.75,0.61229999999999995541,0.61229999999999995541
43,-33.75,0.83360000000000000764,0.83360000000000000764
44,-33.75,0.61709999999999998188,0.61709999999999998188
45,-33.75,0.53239999999999998437,0.53239999999999998437
46,-33.75,0.12009999999999999842,0.12009999999999999842
47,-33.75,0.05630000000000000282,0.05630000000000000282
48,-33.75,0.12479999999999999427,0.12479999999999999427
49,-33.75,0.11039999999999999813,0.11039999999999999813
50,-33.75,0.16719999999999998752,0.16719999999999998752
51,-33.75,0.39779999999999998694,0.39779999999999998694
52,-33.75,0.2371000000000000052,0.2371000000000000052
53,-33.75,0.25879999999999997451,0.25879999999999997451
54,-33.75,0.42880000000000001448,0.42880000000000001448
55,-33.75,0.69520000000000004015,0.69520000000000004015
56,-33.75,0.94159999999999999254,0.94159999999999999254
57,-33.75,0.94320000000000003837,0.94320000000000003837
58,-33.75,0.82289999999999996483,0.82289999999999996483
59,-33.75,0.83720000000000005524,0.83720000000000005524
60,-33.75,0.83440000000000003055,0.83440000000000003055
61,-33.75,0.7376000000000000334,0.7376000000000000334
62,-33.75,0.83269999999999999574,0.83269999999999999574
63,-33.75,0.96109999999999995435,0.96109999999999995435
64,-33.75,0.79610000000000002984,0.79610000000000002984
65,-33.75,0.57010000000000005116,0.57010000000000005116
66,-33.75,0.30830000000000001847,0.30830000000000001847
67,-33.75,0.18310000000000001275,0.18310000000000001275
68,-33.75,0.10480000000000000426,0.10480000000000000426
69,-33.75,0.043900000000000001521,0.043900000000000001521
70,-33.75,0.13810000000000000053,0.13810000000000000053
-69,-32.5,0.97470000000000001084,0.97470000000000001084
-68,-32.5,0.88149999999999995026,0.88149999999999995026
-67,-32.5,0.776699999999999946,0.776699999999999946
-66,-32.5,0.59850000000000003197,0.59850000000000003197
-65,-32.5,0.48630000000000001004,0.48630000000000001004
-64,-32.5,0.58760000000000001119,0.58760000000000001119
-63,-32.5,0.68869999999999997886,0.68869999999999997886
-62,-32.5,0.67300000000000004263,0.67300000000000004263
-61,-32.5,0.57850000000000001421,0.57850000000000001421
-60,-32.5,0.52920000000000000373,0.52920000000000000373
-59,-32.5,0.52090000000000002967,0.52090000000000002967
-58,-32.5,0.57799999999999995826,0.57799999999999995826
-57,-32.5,0.75260000000000004672,0.75260000000000004672
-56,-32.5,0.86980000000000001759,0.86980000000000001759
-55,-32.5,0.96760000000000001563,0.96760000000000001563
-54,-32.5,0.901699999999999946,0.901699999999999946
-53,-32.5,0.69610000000000005205,0.69610000000000005205
-52,-32.5,0.58160000000000000586,0.58160000000000000586
-51,-32.5,0.55589999999999994973,0.55589999999999994973
-50,-32.5,0.6713999999999999968,0.6713999999999999968
-49,-32.5,0.66469999999999995755,0.66469999999999995755
-48,-32.5,0.46379999999999999005,0.46379999999999999005
-47,-32.5,0.47870000000000001439,0.47870000000000001439
-46,-32.5,0.58960000000000001297,0.58960000000000001297
-45,-32.5,0.69440000000000001723,0.69440000000000001723
-44,-32.5,0.94999999999999995559,0.94999999999999995559
-43,-32.5,0.99080000000000001403,0.99080000000000001403
-42,-32.5,0.91310000000000002274,0.91310000000000002274
-41,-32.5,0.55120000000000002327,0.55120000000000002327
-40,-32.5,0.45500000000000001554,0.45500000000000001554
-39,-32.5,0.44119999999999998108,0.44119999999999998108
-38,-32.5,0.2909999999999999809,0.2909999999999999809
-37,-32.5,0.38419999999999998597,0.38419999999999998597
-36,-32.5,0.58979999999999999094,0.58979999999999999094
-35,-32.5,0.39800000000000002043,0.39800000000000002043
-34,-32.5,0.39779999999999998694,0.39779999999999998694
-33,-32.5,0.50449999999999994849,0.50449999999999994849
-32,-32.5,0.732099999999999973,0.732099999999999973
-31,-32.5,0.35789999999999999591,0.35789999999999999591
-30,-32.5,0.97250000000000003109,0.97250000000000003109
-29,-32.5,0.85560000000000002718,0.85560000000000002718
-28,-32.5,0.87050000000000005151,0.87050000000000005151
-27,-32.5,0.98870000000000002327,0.98870000000000002327
-26,-32.5,0.64849999999999996536,0.64849999999999996536
-25,-32.5,0.55459999999999998188,0.55459999999999998188
-24,-32.5,0.89070000000000004725,0.89070000000000004725
-23,-32.5,0.67059999999999997389,0.67059999999999997389
-22,-32.5,0.94140000000000001457,0.94140000000000001457
-21,-32.5,0.54839999999999999858,0.54839999999999999858
-20,-32.5,0.35380000000000000338,0.35380000000000000338
-19,-32.5,0.45839999999999997415,0.45839999999999997415
-18,-32.5,0.89539999999999997371,0.89539999999999997371
-17,-32.5,0.78220000000000000639,0.78220000000000000639
-16,-32.5,0.76190000000000002167,0.76190000000000002167
-15,-32.5,0.61160000000000003251,0.61160000000000003251
-14,-32.5,0.9081000000000000183,0.9081000000000000183
-13,-32.5,0.94999999999999995559,0.94999999999999995559
-12,-32.5,0.9885000000000000453,0.9885000000000000453
-11,-32.5,0.88149999999999995026,0.88149999999999995026
-10,-32.5,0.85719999999999996199,0.85719999999999996199
-9,-32.5,0.76949999999999996181,0.76949999999999996181
-8,-32.5,0.87209999999999998632,0.87209999999999998632
-7,-32.5,0.93810000000000004494,0.93810000000000004494
-6,-32.5,0.94379999999999997229,0.94379999999999997229
-5,-32.5,0.98550000000000004263,0.98550000000000004263
-4,-32.5,0.99829999999999996518,0.99829999999999996518
-3,-32.5,0.92320000000000002061,0.92320000000000002061
-2,-32.5,0.30430000000000001492,0.30430000000000001492
-1,-32.5,0.05360000000000000181,0.05360000000000000181
0,-32.5,0.02089999999999999844,0.02089999999999999844
1,-32.5,0.023400000000000000661,0.023400000000000000661
2,-32.5,0.11840000000000000524,0.11840000000000000524
3,-32.5,0.29899999999999998801,0.29899999999999998801
4,-32.5,0.38869999999999998996,0.38869999999999998996
5,-32.5,0.44059999999999999165,0.44059999999999999165
6,-32.5,0.69489999999999996216,0.69489999999999996216
7,-32.5,0.63939999999999996838,0.63939999999999996838
8,-32.5,0.37199999999999999734,0.37199999999999999734
9,-32.5,0.38229999999999997318,0.38229999999999997318
10,-32.5,0.84589999999999998526,0.84589999999999998526
11,-32.5,0.901699999999999946,0.901699999999999946
12,-32.5,0.83830000000000004512,0.83830000000000004512
13,-32.5,0.875,0.875
14,-32.5,0.88090000000000001634,0.88090000000000001634
15,-32.5,0.65210000000000001297,0.65210000000000001297
16,-32.5,0.6188000000000000167,0.6188000000000000167
17,-32.5,0.39800000000000002043,0.39800000000000002043
18,-32.5,0.36380000000000001226,0.36380000000000001226
19,-32.5,0.40570000000000000506,0.40570000000000000506
20,-32.5,0.50249999999999994671,0.50249999999999994671
21,-32.5,0.82599999999999995648,0.82599999999999995648
22,-32.5,0.39379999999999998339,0.39379999999999998339
23,-32.5,0.28100000000000002753,0.28100000000000002753
24,-32.5,0.27729999999999999094,0.27729999999999999094
25,-32.5,0.6757999999999999563,0.6757999999999999563
26,-32.5,0.59070000000000000284,0.59070000000000000284
27,-32.5,0.40949999999999997513,0.40949999999999997513
28,-32.5,0.61839999999999994973,0.61839999999999994973
29,-32.5,0.70620000000000004992,0.70620000000000004992
30,-32.5,0.59240000000000003766,0.59240000000000003766
31,-32.5,0.86040000000000005365,0.86040000000000005365
32,-32.5,0.84509999999999996234,0.84509999999999996234
33,-32.5,0.94799999999999995381,0.94799999999999995381
34,-32.5,0.99719999999999997531,0.99719999999999997531
35,-32.5,0.99219999999999997087,0.99219999999999997087
36,-32.5,0.99039999999999994706,0.99039999999999994706
37,-32.5,0.87760000000000004672,0.87760000000000004672
38,-32.5,0.62050000000000005151,0.62050000000000005151
39,-32.5,0.58030000000000003801,0.58030000000000003801
40,-32.5,0.26729999999999998206,0.26729999999999998206
41,-32.5,0.23499999999999998668,0.23499999999999998668
42,-32.5,0.3865999999999999992,0.3865999999999999992
43,-32.5,0.66710000000000002629,0.66710000000000002629
44,-32.5,0.6670000000000000373,0.6670000000000000373
45,-32.5,0.50019999999999997797,0.50019999999999997797
46,-32.5,0.17210000000000000298,0.17210000000000000298
47,-32.5,0.021499999999999998279,0.021499999999999998279
48,-32.5,0.017899999999999999245,0.017899999999999999245
49,-32.5,0.068500000000000005329,0.068500000000000005329
50,-32.5,0.19009999999999999121,0.19009999999999999121
51,-32.5,0.34360000000000001652,0.34360000000000001652
52,-32.5,0.22120000000000000773,0.22120000000000000773
53,-32.5,0.22630000000000000115,0.22630000000000000115
54,-32.5,0.36990000000000000657,0.36990000000000000657
55,-32.5,0.65510000000000001563,0.65510000000000001563
56,-32.5,0.92859999999999998099,0.92859999999999998099
57,-32.5,0.93989999999999995772,0.93989999999999995772
58,-32.5,0.8001000000000000334,0.8001000000000000334
59,-32.5,0.82220000000000004192,0.82220000000000004192
60,-32.5,0.92859999999999998099,0.92859999999999998099
61,-32.5,0.72970000000000001528,0.72970000000000001528
62,-32.5,0.68259999999999998455,0.68259999999999998455
63,-32.5,0.98350000000000004086,0.98350000000000004086
64,-32.5,0.73240000000000005098,0.73240000000000005098
65,-32.5,0.73060000000000002718,0.73060000000000002718
66,-32.5,0.59630000000000005222,0.59630000000000005222
67,-32.5,0.15620000000000000551,0.15620000000000000551
68,-32.5,0.054199999999999998179,0.054199999999999998179
69,-32.5,0.05050000000000000322,0.05050000000000000322
70,-32.5,0.25030000000000002247,0.25030000000000002247
-69,-31.25,0.93320000000000002949,0.93320000000000002949
-68,-31.25,0.75680000000000002824,0.75680000000000002824
-67,-31.25,0.68579999999999996518,0.68579999999999996518
-66,-31.25,0.54239999999999999325,0.54239999999999999325
-65,-31.25,0.44490000000000001767,0.44490000000000001767
-64,-31.25,0.54869999999999996554,0.54869999999999996554
-63,-31.25,0.61109999999999997655,0.61109999999999997655
-62,-31.25,0.50749999999999995115,0.50749999999999995115
-61,-31.25,0.44509999999999999565,0.44509999999999999565
-60,-31.25,0.45169999999999999041,0.45169999999999999041
-59,-31.25,0.56669999999999998153,0.56669999999999998153
-58,-31.25,0.67349999999999998757,0.67349999999999998757
-57,-31.25,0.67630000000000001226,0.67630000000000001226
-56,-31.25,0.89619999999999999662,0.89619999999999999662
-55,-31.25,0.98790000000000000036,0.98790000000000000036
-54,-31.25,0.9588999999999999746,0.9588999999999999746
-53,-31.25,0.85550000000000003819,0.85550000000000003819
-52,-31.25,0.72340000000000004299,0.72340000000000004299
-51,-31.25,0.53169999999999995044,0.53169999999999995044
-50,-31.25,0.65090000000000003411,0.65090000000000003411
-49,-31.25,0.67559999999999997833,0.67559999999999997833
-48,-31.25,0.40710000000000001741,0.40710000000000001741
-47,-31.25,0.38679999999999997717,0.38679999999999997717
-46,-31.25,0.4768000000000000016,0.4768000000000000016
-45,-31.25,0.80679999999999996163,0.80679999999999996163
-44,-31.25,0.93200000000000005063,0.93200000000000005063
-43,-31.25,0.99419999999999997264,0.99419999999999997264
-42,-31.25,0.97570000000000001172,0.97570000000000001172
-41,-31.25,0.64590000000000002967,0.64590000000000002967
-40,-31.25,0.59179999999999999272,0.59179999999999999272
-39,-31.25,0.43159999999999998366,0.43159999999999998366
-38,-31.25,0.54979999999999995541,0.54979999999999995541
-37,-31.25,0.5123999999999999666,0.5123999999999999666
-36,-31.25,0.78210000000000001741,0.78210000000000001741
-35,-31.25,0.55600000000000004974,0.55600000000000004974
-34,-31.25,0.73180000000000000604,0.73180000000000000604
-33,-31.25,0.7883999999999999897,0.7883999999999999897
-32,-31.25,0.28810000000000002274,0.28810000000000002274
-31,-31.25,0.34350000000000002753,0.34350000000000002753
-30,-31.25,0.96109999999999995435,0.96109999999999995435
-29,-31.25,0.96299999999999996714,0.96299999999999996714
-28,-31.25,0.87780000000000002469,0.87780000000000002469
-27,-31.25,0.86050000000000004263,0.86050000000000004263
-26,-31.25,0.6240999999999999881,0.6240999999999999881
-25,-31.25,0.62380000000000002114,0.62380000000000002114
-24,-31.25,0.85060000000000002274,0.85060000000000002274
-23,-31.25,0.90020000000000000018,0.90020000000000000018
-22,-31.25,0.36139999999999999902,0.36139999999999999902
-21,-31.25,0.044400000000000001965,0.044400000000000001965
-20,-31.25,0.059499999999999997335,0.059499999999999997335
-19,-31.25,0.30049999999999998934,0.30049999999999998934
-18,-31.25,0.89070000000000004725,0.89070000000000004725
-17,-31.25,0.9223000000000000087,0.9223000000000000087
-16,-31.25,0.83789999999999997815,0.83789999999999997815
-15,-31.25,0.97609999999999996767,0.97609999999999996767
-14,-31.25,0.99709999999999998632,0.99709999999999998632
-13,-31.25,0.92840000000000000302,0.92840000000000000302
-12,-31.25,0.9204999999999999849,0.9204999999999999849
-11,-31.25,0.76029999999999997584,0.76029999999999997584
-10,-31.25,0.78859999999999996767,0.78859999999999996767
-9,-31.25,0.74760000000000004228,0.74760000000000004228
-8,-31.25,0.87780000000000002469,0.87780000000000002469
-7,-31.25,0.9223000000000000087,0.9223000000000000087
-6,-31.25,0.94750000000000000888,0.94750000000000000888
-5,-31.25,0.97560000000000002274,0.97560000000000002274
-4,-31.25,0.99339999999999994973,0.99339999999999994973
-3,-31.25,0.97699999999999997957,0.97699999999999997957
-2,-31.25,0.48149999999999998357,0.48149999999999998357
-1,-31.25,0.078700000000000006062,0.078700000000000006062
0,-31.25,0.021200000000000000094,0.021200000000000000094
1,-31.25,0.0240000000000000005,0.0240000000000000005
2,-31.25,0.1088999999999999968,0.1088999999999999968
3,-31.25,0.29930000000000001048,0.29930000000000001048
4,-31.25,0.34429999999999999494,0.34429999999999999494
5,-31.25,0.41699999999999998179,0.41699999999999998179
6,-31.25,0.75449999999999994849,0.75449999999999994849
7,-31.25,0.62019999999999997353,0.62019999999999997353
8,-31.25,0.37449999999999999956,0.37449999999999999956
9,-31.25,0.58789999999999997815,0.58789999999999997815
10,-31.25,0.89610000000000000764,0.89610000000000000764
11,-31.25,0.96330000000000004512,0.96330000000000004512
12,-31.25,0.87519999999999997797,0.87519999999999997797
13,-31.25,0.84040000000000003588,0.84040000000000003588
14,-31.25,0.87119999999999997442,0.87119999999999997442
15,-31.25,0.71489999999999997993,0.71489999999999997993
16,-31.25,0.6918999999999999595,0.6918999999999999595
17,-31.25,0.50070000000000003393,0.50070000000000003393
18,-31.25,0.42439999999999999947,0.42439999999999999947
19,-31.25,0.38129999999999997229,0.38129999999999997229
20,-31.25,0.49980000000000002203,0.49980000000000002203
21,-31.25,0.64349999999999996092,0.64349999999999996092
22,-31.25,0.79890000000000005453,0.79890000000000005453
23,-31.25,0.72880000000000000338,0.72880000000000000338
24,-31.25,0.47399999999999997691,0.47399999999999997691
25,-31.25,0.4107000000000000095,0.4107000000000000095
26,-31.25,0.47070000000000000728,0.47070000000000000728
27,-31.25,0.37459999999999998854,0.37459999999999998854
28,-31.25,0.4829999999999999849,0.4829999999999999849
29,-31.25,0.92800000000000004707,0.92800000000000004707
30,-31.25,0.86299999999999998934,0.86299999999999998934
31,-31.25,0.9177999999999999492,0.9177999999999999492
32,-31.25,0.86050000000000004263,0.86050000000000004263
33,-31.25,0.75700000000000000622,0.75700000000000000622
34,-31.25,0.9474000000000000199,0.9474000000000000199
35,-31.25,0.97489999999999998881,0.97489999999999998881
36,-31.25,0.90120000000000000107,0.90120000000000000107
37,-31.25,0.7883999999999999897,0.7883999999999999897
38,-31.25,0.66669999999999995932,0.66669999999999995932
39,-31.25,0.66710000000000002629,0.66710000000000002629
40,-31.25,0.4107000000000000095,0.4107000000000000095
41,-31.25,0.25430000000000002602,0.25430000000000002602
42,-31.25,0.22950000000000000955,0.22950000000000000955
43,-31.25,0.39860000000000000986,0.39860000000000000986
44,-31.25,0.34460000000000001741,0.34460000000000001741
45,-31.25,0.21510000000000001341,0.21510000000000001341
46,-31.25,0.16439999999999999059,0.16439999999999999059
47,-31.25,0.047899999999999998135,0.047899999999999998135
48,-31.25,0.015100000000000000575,0.015100000000000000575
49,-31.25,0.087999999999999994893,0.087999999999999994893
50,-31.25,0.24040000000000000258,0.24040000000000000258
51,-31.25,0.22409999999999999365,0.22409999999999999365
52,-31.25,0.21169999999999999929,0.21169999999999999929
53,-31.25,0.25519999999999998241,0.25519999999999998241
54,-31.25,0.36120000000000002105,0.36120000000000002105
55,-31.25,0.59750000000000003109,0.59750000000000003109
56,-31.25,0.88790000000000002256,0.88790000000000002256
57,-31.25,0.94940000000000002167,0.94940000000000002167
58,-31.25,0.74460000000000003961,0.74460000000000003961
59,-31.25,0.7784999999999999698,0.7784999999999999698
60,-31.25,0.90359999999999995879,0.90359999999999995879
61,-31.25,0.75949999999999995293,0.75949999999999995293
62,-31.25,0.64780000000000004245,0.64780000000000004245
63,-31.25,0.99080000000000001403,0.99080000000000001403
64,-31.25,0.607099999999999973,0.607099999999999973
65,-31.25,0.77729999999999999094,0.77729999999999999094
66,-31.25,0.79310000000000002718,0.79310000000000002718
67,-31.25,0.20469999999999999307,0.20469999999999999307
68,-31.25,0.05650000000000000161,0.05650000000000000161
69,-31.25,0.06869999999999999718,0.06869999999999999718
70,-31.25,0.42459999999999997744,0.42459999999999997744
-69,-30,0.82010000000000005116,0.82010000000000005116
-68,-30,0.64649999999999996358,0.64649999999999996358
-67,-30,0.62600000000000000089,0.62600000000000000089
-66,-30,0.54490000000000005098,0.54490000000000005098
-65,-30,0.46150000000000002132,0.46150000000000002132
-64,-30,0.58560000000000000941,0.58560000000000000941
-63,-30,0.55940000000000000835,0.55940000000000000835
-62,-30,0.34849999999999997646,0.34849999999999997646
-61,-30,0.33189999999999997282,0.33189999999999997282
-60,-30,0.38559999999999999831,0.38559999999999999831
-59,-30,0.59040000000000003588,0.59040000000000003588
-58,-30,0.70420000000000004814,0.70420000000000004814
-57,-30,0.71050000000000002043,0.71050000000000002043
-56,-30,0.79720000000000001972,0.79720000000000001972
-55,-30,0.97909999999999997033,0.97909999999999997033
-54,-30,0.96809999999999996056,0.96809999999999996056
-53,-30,0.89780000000000004245,0.89780000000000004245
-52,-30,0.75749999999999995115,0.75749999999999995115
-51,-30,0.59699999999999997513,0.59699999999999997513
-50,-30,0.63180000000000002824,0.63180000000000002824
-49,-30,0.43790000000000001146,0.43790000000000001146
-48,-30,0.31750000000000000444,0.31750000000000000444
-47,-30,0.39150000000000001465,0.39150000000000001465
-46,-30,0.65820000000000000728,0.65820000000000000728
-45,-30,0.80089999999999994529,0.80089999999999994529
-44,-30,0.77529999999999998916,0.77529999999999998916
-43,-30,0.96709999999999995968,0.96709999999999995968
-42,-30,0.76009999999999999787,0.76009999999999999787
-41,-30,0.45950000000000001954,0.45950000000000001954
-40,-30,0.40220000000000000195,0.40220000000000000195
-39,-30,0.5027000000000000357,0.5027000000000000357
-38,-30,0.73899999999999999023,0.73899999999999999023
-37,-30,0.75580000000000002736,0.75580000000000002736
-36,-30,0.56420000000000003482,0.56420000000000003482
-35,-30,0.5652000000000000357,0.5652000000000000357
-34,-30,0.67079999999999995186,0.67079999999999995186
-33,-30,0.59150000000000002576,0.59150000000000002576
-32,-30,0.19659999999999999698,0.19659999999999999698
-31,-30,0.78269999999999995133,0.78269999999999995133
-30,-30,0.93100000000000004974,0.93100000000000004974
-29,-30,0.91790000000000004921,0.91790000000000004921
-28,-30,0.76470000000000004636,0.76470000000000004636
-27,-30,0.74829999999999996518,0.74829999999999996518
-26,-30,0.76329999999999997851,0.76329999999999997851
-25,-30,0.68459999999999998632,0.68459999999999998632
-24,-30,0.87470000000000003304,0.87470000000000003304
-23,-30,0.50639999999999996128,0.50639999999999996128
-22,-30,0.036999999999999998168,0.036999999999999998168
-21,-30,0.0051999999999999997613,0.0051999999999999997613
-20,-30,0.025299999999999999573,0.025299999999999999573
-19,-30,0.28229999999999999538,0.28229999999999999538
-18,-30,0.81669999999999998153,0.81669999999999998153
-17,-30,0.95669999999999999485,0.95669999999999999485
-16,-30,0.97250000000000003109,0.97250000000000003109
-15,-30,0.99390000000000000568,0.99390000000000000568
-14,-30,0.98980000000000001315,0.98980000000000001315
-13,-30,0.96460000000000001297,0.96460000000000001297
-12,-30,0.87670000000000003482,0.87670000000000003482
-11,-30,0.63470000000000004192,0.63470000000000004192
-10,-30,0.76629999999999998117,0.76629999999999998117
-9,-30,0.78810000000000002274,0.78810000000000002274
-8,-30,0.87109999999999998543,0.87109999999999998543
-7,-30,0.92810000000000003606,0.92810000000000003606
-6,-30,0.95130000000000003446,0.95130000000000003446
-5,-30,0.93649999999999999911,0.93649999999999999911
-4,-30,0.90359999999999995879,0.90359999999999995879
-3,-30,0.99519999999999997353,0.99519999999999997353
-2,-30,0.51070000000000004281,0.51070000000000004281
-1,-30,0.071699999999999999845,0.071699999999999999845
0,-30,0.021299999999999999489,0.021299999999999999489
1,-30,0.014000000000000000291,0.014000000000000000291
2,-30,0.064299999999999996048,0.064299999999999996048
3,-30,0.24079999999999998628,0.24079999999999998628
4,-30,0.30599999999999999423,0.30599999999999999423
5,-30,0.37449999999999999956,0.37449999999999999956
6,-30,0.65629999999999999449,0.65629999999999999449
7,-30,0.44779999999999997584,0.44779999999999997584
8,-30,0.43149999999999999467,0.43149999999999999467
9,-30,0.56450000000000000178,0.56450000000000000178
10,-30,0.89680000000000004157,0.89680000000000004157
11,-30,0.96009999999999995346,0.96009999999999995346
12,-30,0.83499999999999996447,0.83499999999999996447
13,-30,0.73909999999999997922,0.73909999999999997922
14,-30,0.76410000000000000142,0.76410000000000000142
15,-30,0.77800000000000002487,0.77800000000000002487
16,-30,0.81840000000000001634,0.81840000000000001634
17,-30,0.63129999999999997229,0.63129999999999997229
18,-30,0.52949999999999997069,0.52949999999999997069
19,-30,0.46999999999999997335,0.46999999999999997335
20,-30,0.5114999999999999547,0.5114999999999999547
21,-30,0.59670000000000000817,0.59670000000000000817
22,-30,0.7608000000000000318,0.7608000000000000318
23,-30,0.63200000000000000622,0.63200000000000000622
24,-30,0.64790000000000003144,0.64790000000000003144
25,-30,0.50890000000000001901,0.50890000000000001901
26,-30,0.31459999999999999076,0.31459999999999999076
27,-30,0.29559999999999997389,0.29559999999999997389
28,-30,0.48509999999999997566,0.48509999999999997566
29,-30,0.88390000000000001901,0.88390000000000001901
30,-30,0.99980000000000002203,0.99980000000000002203
31,-30,0.99780000000000002025,0.99780000000000002025
32,-30,0.86380000000000001226,0.86380000000000001226
33,-30,0.71009999999999995346,0.71009999999999995346
34,-30,0.75229999999999996874,0.75229999999999996874
35,-30,0.71399999999999996803,0.71399999999999996803
36,-30,0.74239999999999994884,0.74239999999999994884
37,-30,0.75509999999999999343,0.75509999999999999343
38,-30,0.77159999999999995257,0.77159999999999995257
39,-30,0.69420000000000003926,0.69420000000000003926
40,-30,0.46110000000000000986,0.46110000000000000986
41,-30,0.37119999999999997442,0.37119999999999997442
42,-30,0.21060000000000000941,0.21060000000000000941
43,-30,0.29409999999999997256,0.29409999999999997256
44,-30,0.16750000000000000999,0.16750000000000000999
45,-30,0.13689999999999999392,0.13689999999999999392
46,-30,0.13919999999999999041,0.13919999999999999041
47,-30,0.061300000000000000322,0.061300000000000000322
48,-30,0.021600000000000001144,0.021600000000000001144
49,-30,0.10559999999999999942,0.10559999999999999942
50,-30,0.17929999999999998717,0.17929999999999998717
51,-30,0.34439999999999998392,0.34439999999999998392
52,-30,0.56769999999999998241,0.56769999999999998241
53,-30,0.53439999999999998614,0.53439999999999998614
54,-30,0.51800000000000001599,0.51800000000000001599
55,-30,0.58640000000000003233,0.58640000000000003233
56,-30,0.75629999999999997229,0.75629999999999997229
57,-30,0.84350000000000002753,0.84350000000000002753
58,-30,0.74060000000000003606,0.74060000000000003606
59,-30,0.82069999999999998508,0.82069999999999998508
60,-30,0.87800000000000000266,0.87800000000000000266
61,-30,0.6893000000000000238,0.6893000000000000238
62,-30,0.65820000000000000728,0.65820000000000000728
63,-30,0.97409999999999996589,0.97409999999999996589
64,-30,0.58179999999999998384,0.58179999999999998384
65,-30,0.70060000000000000053,0.70060000000000000053
66,-30,0.6599000000000000421,0.6599000000000000421
67,-30,0.23830000000000001181,0.23830000000000001181
68,-30,0.070599999999999996092,0.070599999999999996092
69,-30,0.14060000000000000275,0.14060000000000000275
70,-30,0.55189999999999994618,0.55189999999999994618
-69,-28.75,0.66169999999999995488,0.66169999999999995488
-68,-28.75,0.62609999999999998987,0.62609999999999998987
-67,-28.75,0.63360000000000005205,0.63360000000000005205
-66,-28.75,0.51229999999999997762,0.51229999999999997762
-65,-28.75,0.47599999999999997868,0.47599999999999997868
-64,-28.75,0.64139999999999997016,0.64139999999999997016
-63,-28.75,0.57740000000000002434,0.57740000000000002434
-62,-28.75,0.25700000000000000622,0.25700000000000000622
-61,-28.75,0.26740000000000002656,0.26740000000000002656
-60,-28.75,0.41830000000000000515,0.41830000000000000515
-59,-28.75,0.59870000000000000995,0.59870000000000000995
-58,-28.75,0.63229999999999997318,0.63229999999999997318
-57,-28.75,0.67490000000000005542,0.67490000000000005542
-56,-28.75,0.58430000000000004157,0.58430000000000004157
-55,-28.75,0.93679999999999996607,0.93679999999999996607
-54,-28.75,0.94310000000000004938,0.94310000000000004938
-53,-28.75,0.75,0.75
-52,-28.75,0.6847999999999999643,0.6847999999999999643
-51,-28.75,0.51310000000000000053,0.51310000000000000053
-50,-28.75,0.58870000000000000107,0.58870000000000000107
-49,-28.75,0.3572000000000000175,0.3572000000000000175
-48,-28.75,0.28270000000000000684,0.28270000000000000684
-47,-28.75,0.46100000000000002087,0.46100000000000002087
-46,-28.75,0.64890000000000003233,0.64890000000000003233
-45,-28.75,0.90149999999999996803,0.90149999999999996803
-44,-28.75,0.92879999999999995897,0.92879999999999995897
-43,-28.75,0.9028000000000000469,0.9028000000000000469
-42,-28.75,0.38440000000000001945,0.38440000000000001945
-41,-28.75,0.54310000000000002718,0.54310000000000002718
-40,-28.75,0.31890000000000001679,0.31890000000000001679
-39,-28.75,0.45300000000000001377,0.45300000000000001377
-38,-28.75,0.58819999999999994511,0.58819999999999994511
-37,-28.75,0.85419999999999995932,0.85419999999999995932
-36,-28.75,0.48170000000000001705,0.48170000000000001705
-35,-28.75,0.46579999999999999183,0.46579999999999999183
-34,-28.75,0.15110000000000001208,0.15110000000000001208
-33,-28.75,0.084500000000000005662,0.084500000000000005662
-32,-28.75,0.31259999999999998899,0.31259999999999998899
-31,-28.75,0.76060000000000005382,0.76060000000000005382
-30,-28.75,0.82879999999999998117,0.82879999999999998117
-29,-28.75,0.85250000000000003553,0.85250000000000003553
-28,-28.75,0.61280000000000001137,0.61280000000000001137
-27,-28.75,0.70399999999999995914,0.70399999999999995914
-26,-28.75,0.7849000000000000421,0.7849000000000000421
-25,-28.75,0.7376000000000000334,0.7376000000000000334
-24,-28.75,0.86280000000000001137,0.86280000000000001137
-23,-28.75,0.1237000000000000044,0.1237000000000000044
-22,-28.75,0.011299999999999999281,0.011299999999999999281
-21,-28.75,0.0067999999999999996211,0.0067999999999999996211
-20,-28.75,0.036799999999999999378,0.036799999999999999378
-19,-28.75,0.25919999999999998597,0.25919999999999998597
-18,-28.75,0.88829999999999997851,0.88829999999999997851
-17,-28.75,0.95579999999999998295,0.95579999999999998295
-16,-28.75,0.83579999999999998739,0.83579999999999998739
-15,-28.75,0.85209999999999996856,0.85209999999999996856
-14,-28.75,0.94299999999999994937,0.94299999999999994937
-13,-28.75,0.70699999999999996181,0.70699999999999996181
-12,-28.75,0.85329999999999994742,0.85329999999999994742
-11,-28.75,0.61839999999999994973,0.61839999999999994973
-10,-28.75,0.81630000000000002558,0.81630000000000002558
-9,-28.75,0.74950000000000005507,0.74950000000000005507
-8,-28.75,0.78539999999999998703,0.78539999999999998703
-7,-28.75,0.93879999999999996785,0.93879999999999996785
-6,-28.75,0.95189999999999996838,0.95189999999999996838
-5,-28.75,0.92830000000000001403,0.92830000000000001403
-4,-28.75,0.8536000000000000254,0.8536000000000000254
-3,-28.75,0.97460000000000002185,0.97460000000000002185
-2,-28.75,0.46029999999999998694,0.46029999999999998694
-1,-28.75,0.10040000000000000313,0.10040000000000000313
0,-28.75,0.024500000000000000944,0.024500000000000000944
1,-28.75,0.013899999999999999162,0.013899999999999999162
2,-28.75,0.049899999999999999911,0.049899999999999999911
3,-28.75,0.2535999999999999921,0.2535999999999999921
4,-28.75,0.26369999999999998996,0.26369999999999998996
5,-28.75,0.26460000000000000187,0.26460000000000000187
6,-28.75,0.56399999999999994582,0.56399999999999994582
7,-28.75,0.55889999999999995239,0.55889999999999995239
8,-28.75,0.58530000000000004245,0.58530000000000004245
9,-28.75,0.69620000000000004103,0.69620000000000004103
10,-28.75,0.91200000000000003286,0.91200000000000003286
11,-28.75,0.89829999999999998739,0.89829999999999998739
12,-28.75,0.82189999999999996394,0.82189999999999996394
13,-28.75,0.83169999999999999485,0.83169999999999999485
14,-28.75,0.83669999999999999929,0.83669999999999999929
15,-28.75,0.80069999999999996732,0.80069999999999996732
16,-28.75,0.75880000000000003002,0.75880000000000003002
17,-28.75,0.57709999999999994635,0.57709999999999994635
18,-28.75,0.53949999999999997957,0.53949999999999997957
19,-28.75,0.49949999999999999956,0.49949999999999999956
20,-28.75,0.61319999999999996732,0.61319999999999996732
21,-28.75,0.61950000000000005063,0.61950000000000005063
22,-28.75,0.92010000000000002895,0.92010000000000002895
23,-28.75,0.7391999999999999682,0.7391999999999999682
24,-28.75,0.69659999999999999698,0.69659999999999999698
25,-28.75,0.69640000000000001901,0.69640000000000001901
26,-28.75,0.50249999999999994671,0.50249999999999994671
27,-28.75,0.29010000000000002451,0.29010000000000002451
28,-28.75,0.48159999999999997256,0.48159999999999997256
29,-28.75,0.74960000000000004405,0.74960000000000004405
30,-28.75,0.98699999999999998845,0.98699999999999998845
31,-28.75,0.99209999999999998188,0.99209999999999998188
32,-28.75,0.95560000000000000497,0.95560000000000000497
33,-28.75,0.81930000000000002824,0.81930000000000002824
34,-28.75,0.69210000000000004849,0.69210000000000004849
35,-28.75,0.70789999999999997371,0.70789999999999997371
36,-28.75,0.72040000000000004032,0.72040000000000004032
37,-28.75,0.70579999999999998295,0.70579999999999998295
38,-28.75,0.57960000000000000409,0.57960000000000000409
39,-28.75,0.7286000000000000254,0.7286000000000000254
40,-28.75,0.68899999999999994582,0.68899999999999994582
41,-28.75,0.52249999999999996447,0.52249999999999996447
42,-28.75,0.32329999999999997629,0.32329999999999997629
43,-28.75,0.25759999999999999565,0.25759999999999999565
44,-28.75,0.081900000000000000577,0.081900000000000000577
45,-28.75,0.064799999999999996492,0.064799999999999996492
46,-28.75,0.097299999999999997602,0.097299999999999997602
47,-28.75,0.080899999999999999689,0.080899999999999999689
48,-28.75,0.036100000000000000144,0.036100000000000000144
49,-28.75,0.078600000000000003197,0.078600000000000003197
50,-28.75,0.17769999999999999685,0.17769999999999999685
51,-28.75,0.48259999999999997344,0.48259999999999997344
52,-28.75,0.79490000000000005098,0.79490000000000005098
53,-28.75,0.82609999999999994547,0.82609999999999994547
54,-28.75,0.67969999999999997087,0.67969999999999997087
55,-28.75,0.51629999999999998117,0.51629999999999998117
56,-28.75,0.56359999999999998987,0.56359999999999998987
57,-28.75,0.68600000000000005418,0.68600000000000005418
58,-28.75,0.81540000000000001368,0.81540000000000001368
59,-28.75,0.94789999999999996483,0.94789999999999996483
60,-28.75,0.93999999999999994671,0.93999999999999994671
61,-28.75,0.64580000000000004068,0.64580000000000004068
62,-28.75,0.49230000000000001537,0.49230000000000001537
63,-28.75,0.99609999999999998543,0.99609999999999998543
64,-28.75,0.81399999999999994582,0.81399999999999994582
65,-28.75,0.65029999999999998916,0.65029999999999998916
66,-28.75,0.50329999999999996962,0.50329999999999996962
67,-28.75,0.22450000000000000511,0.22450000000000000511
68,-28.75,0.098500000000000004219,0.098500000000000004219
69,-28.75,0.17890000000000000346,0.17890000000000000346
70,-28.75,0.53500000000000003109,0.53500000000000003109
-69,-27.5,0.56769999999999998241,0.56769999999999998241
-68,-27.5,0.57830000000000003624,0.57830000000000003624
-67,-27.5,0.59340000000000003855,0.59340000000000003855
-66,-27.5,0.51390000000000002345,0.51390000000000002345
-65,-27.5,0.46710000000000001519,0.46710000000000001519
-64,-27.5,0.6983000000000000318,0.6983000000000000318
-63,-27.5,0.64710000000000000853,0.64710000000000000853
-62,-27.5,0.28560000000000002052,0.28560000000000002052
-61,-27.5,0.32040000000000001812,0.32040000000000001812
-60,-27.5,0.49590000000000000746,0.49590000000000000746
-59,-27.5,0.54739999999999999769,0.54739999999999999769
-58,-27.5,0.47660000000000002363,0.47660000000000002363
-57,-27.5,0.62080000000000001847,0.62080000000000001847
-56,-27.5,0.56489999999999995772,0.56489999999999995772
-55,-27.5,0.92059999999999997389,0.92059999999999997389
-54,-27.5,0.88729999999999997762,0.88729999999999997762
-53,-27.5,0.44190000000000001501,0.44190000000000001501
-52,-27.5,0.47899999999999998135,0.47899999999999998135
-51,-27.5,0.33760000000000001119,0.33760000000000001119
-50,-27.5,0.55749999999999999556,0.55749999999999999556
-49,-27.5,0.33169999999999999485,0.33169999999999999485
-48,-27.5,0.3911000000000000032,0.3911000000000000032
-47,-27.5,0.60660000000000002807,0.60660000000000002807
-46,-27.5,0.54359999999999997211,0.54359999999999997211
-45,-27.5,0.77349999999999996536,0.77349999999999996536
-44,-27.5,0.99880000000000002114,0.99880000000000002114
-43,-27.5,0.77510000000000001119,0.77510000000000001119
-42,-27.5,0.41139999999999998792,0.41139999999999998792
-41,-27.5,0.84489999999999998437,0.84489999999999998437
-40,-27.5,0.36139999999999999902,0.36139999999999999902
-39,-27.5,0.56040000000000000924,0.56040000000000000924
-38,-27.5,0.65110000000000001208,0.65110000000000001208
-37,-27.5,0.71460000000000001297,0.71460000000000001297
-36,-27.5,0.49469999999999997309,0.49469999999999997309
-35,-27.5,0.38590000000000002078,0.38590000000000002078
-34,-27.5,0.037600000000000001477,0.037600000000000001477
-33,-27.5,0.012900000000000000008,0.012900000000000000008
-32,-27.5,0.26850000000000001643,0.26850000000000001643
-31,-27.5,0.60289999999999999147,0.60289999999999999147
-30,-27.5,0.88000000000000000444,0.88000000000000000444
-29,-27.5,0.89790000000000003144,0.89790000000000003144
-28,-27.5,0.67149999999999998579,0.67149999999999998579
-27,-27.5,0.73099999999999998312,0.73099999999999998312
-26,-27.5,0.73709999999999997744,0.73709999999999997744
-25,-27.5,0.78269999999999995133,0.78269999999999995133
-24,-27.5,0.55700000000000005063,0.55700000000000005063
-23,-27.5,0.16330000000000000071,0.16330000000000000071
-22,-27.5,0.012099999999999999645,0.012099999999999999645
-21,-27.5,0.0073000000000000000652,0.0073000000000000000652
-20,-27.5,0.042799999999999997768,0.042799999999999997768
-19,-27.5,0.31800000000000000488,0.31800000000000000488
-18,-27.5,0.8561999999999999611,0.8561999999999999611
-17,-27.5,0.74319999999999997176,0.74319999999999997176
-16,-27.5,0.82679999999999997939,0.82679999999999997939
-15,-27.5,0.82850000000000001421,0.82850000000000001421
-14,-27.5,0.66029999999999999805,0.66029999999999999805
-13,-27.5,0.34960000000000002185,0.34960000000000002185
-12,-27.5,0.6936999999999999833,0.6936999999999999833
-11,-27.5,0.77419999999999999929,0.77419999999999999929
-10,-27.5,0.81859999999999999432,0.81859999999999999432
-9,-27.5,0.65820000000000000728,0.65820000000000000728
-8,-27.5,0.77210000000000000853,0.77210000000000000853
-7,-27.5,0.94159999999999999254,0.94159999999999999254
-6,-27.5,0.93279999999999996252,0.93279999999999996252
-5,-27.5,0.93620000000000003215,0.93620000000000003215
-4,-27.5,0.74199999999999999289,0.74199999999999999289
-3,-27.5,0.96830000000000004956,0.96830000000000004956
-2,-27.5,0.52990000000000003766,0.52990000000000003766
-1,-27.5,0.11490000000000000213,0.11490000000000000213
0,-27.5,0.021600000000000001144,0.021600000000000001144
1,-27.5,0.021299999999999999489,0.021299999999999999489
2,-27.5,0.035099999999999999256,0.035099999999999999256
3,-27.5,0.18720000000000000528,0.18720000000000000528
4,-27.5,0.28649999999999997691,0.28649999999999997691
5,-27.5,0.25919999999999998597,0.25919999999999998597
6,-27.5,0.44879999999999997673,0.44879999999999997673
7,-27.5,0.77820000000000000284,0.77820000000000000284
8,-27.5,0.73650000000000004352,0.73650000000000004352
9,-27.5,0.87629999999999996785,0.87629999999999996785
10,-27.5,0.95109999999999994547,0.95109999999999994547
11,-27.5,0.88070000000000003837,0.88070000000000003837
12,-27.5,0.80289999999999994706,0.80289999999999994706
13,-27.5,0.81350000000000000089,0.81350000000000000089
14,-27.5,0.85340000000000004743,0.85340000000000004743
15,-27.5,0.8403000000000000469,0.8403000000000000469
16,-27.5,0.71030000000000004245,0.71030000000000004245
17,-27.5,0.4822000000000000175,0.4822000000000000175
18,-27.5,0.49490000000000000657,0.49490000000000000657
19,-27.5,0.5643000000000000238,0.5643000000000000238
20,-27.5,0.61209999999999997744,0.61209999999999997744
21,-27.5,0.71099999999999996536,0.71099999999999996536
22,-27.5,0.94440000000000001723,0.94440000000000001723
23,-27.5,0.86719999999999997087,0.86719999999999997087
24,-27.5,0.91320000000000001172,0.91320000000000001172
25,-27.5,0.85609999999999997211,0.85609999999999997211
26,-27.5,0.80420000000000002593,0.80420000000000002593
27,-27.5,0.60540000000000004921,0.60540000000000004921
28,-27.5,0.60419999999999995932,0.60419999999999995932
29,-27.5,0.59040000000000003588,0.59040000000000003588
30,-27.5,0.79530000000000000693,0.79530000000000000693
31,-27.5,0.94730000000000003091,0.94730000000000003091
32,-27.5,0.99529999999999996252,0.99529999999999996252
33,-27.5,0.99139999999999994795,0.99139999999999994795
34,-27.5,0.94320000000000003837,0.94320000000000003837
35,-27.5,0.87350000000000005418,0.87350000000000005418
36,-27.5,0.84679999999999999716,0.84679999999999999716
37,-27.5,0.82760000000000000231,0.82760000000000000231
38,-27.5,0.71609999999999995879,0.71609999999999995879
39,-27.5,0.60140000000000004565,0.60140000000000004565
40,-27.5,0.58330000000000004068,0.58330000000000004068
41,-27.5,0.59730000000000005311,0.59730000000000005311
42,-27.5,0.51200000000000001066,0.51200000000000001066
43,-27.5,0.30620000000000002771,0.30620000000000002771
44,-27.5,0.086800000000000002154,0.086800000000000002154
45,-27.5,0.01760000000000000106,0.01760000000000000106
46,-27.5,0.016099999999999999728,0.016099999999999999728
47,-27.5,0.037199999999999996958,0.037199999999999996958
48,-27.5,0.05650000000000000161,0.05650000000000000161
49,-27.5,0.096600000000000005307,0.096600000000000005307
50,-27.5,0.11070000000000000673,0.11070000000000000673
51,-27.5,0.4429000000000000159,0.4429000000000000159
52,-27.5,0.8536000000000000254,0.8536000000000000254
53,-27.5,0.96230000000000004423,0.96230000000000004423
54,-27.5,0.78700000000000003286,0.78700000000000003286
55,-27.5,0.47930000000000000382,0.47930000000000000382
56,-27.5,0.5652000000000000357,0.5652000000000000357
57,-27.5,0.62560000000000004494,0.62560000000000004494
58,-27.5,0.78920000000000001261,0.78920000000000001261
59,-27.5,0.98939999999999994618,0.98939999999999994618
60,-27.5,0.97760000000000002451,0.97760000000000002451
61,-27.5,0.64900000000000002132,0.64900000000000002132
62,-27.5,0.46550000000000002487,0.46550000000000002487
63,-27.5,0.98580000000000000959,0.98580000000000000959
64,-27.5,0.96120000000000005436,0.96120000000000005436
65,-27.5,0.64810000000000000941,0.64810000000000000941
66,-27.5,0.43349999999999999645,0.43349999999999999645
67,-27.5,0.26150000000000001021,0.26150000000000001021
68,-27.5,0.15800000000000000155,0.15800000000000000155
69,-27.5,0.27479999999999998872,0.27479999999999998872
70,-27.5,0.65020000000000000018,0.65020000000000000018
-69,-26.25,0.55579999999999996074,0.55579999999999996074
-68,-26.25,0.50170000000000003482,0.50170000000000003482
-67,-26.25,0.54379999999999995008,0.54379999999999995008
-66,-26.25,0.53739999999999998881,0.53739999999999998881
-65,-26.25,0.50629999999999997229,0.50629999999999997229
-64,-26.25,0.75649999999999995026,0.75649999999999995026
-63,-26.25,0.6447000000000000508,0.6447000000000000508
-62,-26.25,0.36649999999999999245,0.36649999999999999245
-61,-26.25,0.34710000000000001963,0.34710000000000001963
-60,-26.25,0.48520000000000002016,0.48520000000000002016
-59,-26.25,0.51270000000000004459,0.51270000000000004459
-58,-26.25,0.43540000000000000924,0.43540000000000000924
-57,-26.25,0.60750000000000003997,0.60750000000000003997
-56,-26.25,0.76219999999999998863,0.76219999999999998863
-55,-26.25,0.94299999999999994937,0.94299999999999994937
-54,-26.25,0.90059999999999995612,0.90059999999999995612
-53,-26.25,0.36999999999999999556,0.36999999999999999556
-52,-26.25,0.42799999999999999156,0.42799999999999999156
-51,-26.25,0.36690000000000000391,0.36690000000000000391
-50,-26.25,0.58360000000000000764,0.58360000000000000764
-49,-26.25,0.52210000000000000853,0.52210000000000000853
-48,-26.25,0.6179000000000000048,0.6179000000000000048
-47,-26.25,0.69310000000000004938,0.69310000000000004938
-46,-26.25,0.4981999999999999762,0.4981999999999999762
-45,-26.25,0.84350000000000002753,0.84350000000000002753
-44,-26.25,0.93000000000000004885,0.93000000000000004885
-43,-26.25,0.59419999999999995044,0.59419999999999995044
-42,-26.25,0.58979999999999999094,0.58979999999999999094
-41,-26.25,0.80449999999999999289,0.80449999999999999289
-40,-26.25,0.37740000000000001323,0.37740000000000001323
-39,-26.25,0.46169999999999999929,0.46169999999999999929
-38,-26.25,0.64280000000000003801,0.64280000000000003801
-37,-26.25,0.91149999999999997691,0.91149999999999997691
-36,-26.25,0.78129999999999999449,0.78129999999999999449
-35,-26.25,0.23430000000000000826,0.23430000000000000826
-34,-26.25,0.020600000000000000255,0.020600000000000000255
-33,-26.25,0.071300000000000002265,0.071300000000000002265
-32,-26.25,0.2606999999999999873,0.2606999999999999873
-31,-26.25,0.61380000000000001226,0.61380000000000001226
-30,-26.25,0.89010000000000000231,0.89010000000000000231
-29,-26.25,0.78549999999999997602,0.78549999999999997602
-28,-26.25,0.63129999999999997229,0.63129999999999997229
-27,-26.25,0.74780000000000002025,0.74780000000000002025
-26,-26.25,0.74480000000000001759,0.74480000000000001759
-25,-26.25,0.79049999999999998046,0.79049999999999998046
-24,-26.25,0.53759999999999996678,0.53759999999999996678
-23,-26.25,0.2174000000000000099,0.2174000000000000099
-22,-26.25,0.019499999999999999972,0.019499999999999999972
-21,-26.25,0.012399999999999999564,0.012399999999999999564
-20,-26.25,0.074099999999999999201,0.074099999999999999201
-19,-26.25,0.51459999999999994635,0.51459999999999994635
-18,-26.25,0.84870000000000000995,0.84870000000000000995
-17,-26.25,0.80410000000000003695,0.80410000000000003695
-16,-26.25,0.70689999999999997282,0.70689999999999997282
-15,-26.25,0.74109999999999998099,0.74109999999999998099
-14,-26.25,0.58079999999999998295,0.58079999999999998295
-13,-26.25,0.3179000000000000159,0.3179000000000000159
-12,-26.25,0.68520000000000003126,0.68520000000000003126
-11,-26.25,0.77490000000000003322,0.77490000000000003322
-10,-26.25,0.84279999999999999361,0.84279999999999999361
-9,-26.25,0.6661000000000000254,0.6661000000000000254
-8,-26.25,0.82940000000000002611,0.82940000000000002611
-7,-26.25,0.9650999999999999579,0.9650999999999999579
-6,-26.25,0.96540000000000003588,0.96540000000000003588
-5,-26.25,0.93830000000000002292,0.93830000000000002292
-4,-26.25,0.61760000000000003784,0.61760000000000003784
-3,-26.25,0.88570000000000004281,0.88570000000000004281
-2,-26.25,0.41020000000000000906,0.41020000000000000906
-1,-26.25,0.079799999999999995937,0.079799999999999995937
0,-26.25,0.030200000000000001149,0.030200000000000001149
1,-26.25,0.022599999999999998562,0.022599999999999998562
2,-26.25,0.027500000000000000139,0.027500000000000000139
3,-26.25,0.13900000000000001243,0.13900000000000001243
4,-26.25,0.47570000000000001172,0.47570000000000001172
5,-26.25,0.41730000000000000426,0.41730000000000000426
6,-26.25,0.55579999999999996074,0.55579999999999996074
7,-26.25,0.82220000000000004192,0.82220000000000004192
8,-26.25,0.92279999999999995364,0.92279999999999995364
9,-26.25,0.98650000000000004352,0.98650000000000004352
10,-26.25,0.96789999999999998259,0.96789999999999998259
11,-26.25,0.89619999999999999662,0.89619999999999999662
12,-26.25,0.78559999999999996501,0.78559999999999996501
13,-26.25,0.76680000000000003713,0.76680000000000003713
14,-26.25,0.8097999999999999643,0.8097999999999999643
15,-26.25,0.8322000000000000508,0.8322000000000000508
16,-26.25,0.71619999999999994778,0.71619999999999994778
17,-26.25,0.61780000000000001581,0.61780000000000001581
18,-26.25,0.55279999999999995808,0.55279999999999995808
19,-26.25,0.43580000000000002069,0.43580000000000002069
20,-26.25,0.59519999999999995133,0.59519999999999995133
21,-26.25,0.57579999999999997851,0.57579999999999997851
22,-26.25,0.63060000000000004938,0.63060000000000004938
23,-26.25,0.78800000000000003375,0.78800000000000003375
24,-26.25,0.96560000000000001386,0.96560000000000001386
25,-26.25,0.94320000000000003837,0.94320000000000003837
26,-26.25,0.97960000000000002629,0.97960000000000002629
27,-26.25,0.93679999999999996607,0.93679999999999996607
28,-26.25,0.90129999999999999005,0.90129999999999999005
29,-26.25,0.70989999999999997549,0.70989999999999997549
30,-26.25,0.69479999999999997318,0.69479999999999997318
31,-26.25,0.93979999999999996874,0.93979999999999996874
32,-26.25,0.99480000000000001759,0.99480000000000001759
33,-26.25,0.98170000000000001705,0.98170000000000001705
34,-26.25,0.9668999999999999817,0.9668999999999999817
35,-26.25,0.98629999999999995453,0.98629999999999995453
36,-26.25,0.92259999999999997566,0.92259999999999997566
37,-26.25,0.88629999999999997673,0.88629999999999997673
38,-26.25,0.78100000000000002753,0.78100000000000002753
39,-26.25,0.58469999999999999751,0.58469999999999999751
40,-26.25,0.35310000000000002496,0.35310000000000002496
41,-26.25,0.30449999999999999289,0.30449999999999999289
42,-26.25,0.41139999999999998792,0.41139999999999998792
43,-26.25,0.37630000000000002336,0.37630000000000002336
44,-26.25,0.14760000000000000897,0.14760000000000000897
45,-26.25,0.017200000000000000011,0.017200000000000000011
46,-26.25,0.017100000000000000616,0.017100000000000000616
47,-26.25,0.022399999999999999772,0.022399999999999999772
48,-26.25,0.046100000000000002087,0.046100000000000002087
49,-26.25,0.16830000000000000515,0.16830000000000000515
50,-26.25,0.21940000000000001168,0.21940000000000001168
51,-26.25,0.39510000000000000675,0.39510000000000000675
52,-26.25,0.8579999999999999849,0.8579999999999999849
53,-26.25,0.91159999999999996589,0.91159999999999996589
54,-26.25,0.71130000000000004334,0.71130000000000004334
55,-26.25,0.44719999999999998641,0.44719999999999998641
56,-26.25,0.50960000000000005294,0.50960000000000005294
57,-26.25,0.6704999999999999849,0.6704999999999999849
58,-26.25,0.8143000000000000238,0.8143000000000000238
59,-26.25,0.98780000000000001137,0.98780000000000001137
60,-26.25,0.99829999999999996518,0.99829999999999996518
61,-26.25,0.80959999999999998632,0.80959999999999998632
62,-26.25,0.7570999999999999952,0.7570999999999999952
63,-26.25,1,1
64,-26.25,0.8134000000000000119,0.8134000000000000119
65,-26.25,0.53259999999999996234,0.53259999999999996234
66,-26.25,0.37490000000000001101,0.37490000000000001101
67,-26.25,0.37290000000000000924,0.37290000000000000924
68,-26.25,0.21820000000000000506,0.21820000000000000506
69,-26.25,0.23189999999999999503,0.23189999999999999503
70,-26.25,0.74709999999999998632,0.74709999999999998632
-69,-25,0.56310000000000004494,0.56310000000000004494
-68,-25,0.43780000000000002247,0.43780000000000002247
-67,-25,0.50860000000000005205,0.50860000000000005205
-66,-25,0.5099000000000000199,0.5099000000000000199
-65,-25,0.54269999999999996021,0.54269999999999996021
-64,-25,0.75339999999999995861,0.75339999999999995861
-63,-25,0.72379999999999999893,0.72379999999999999893
-62,-25,0.52580000000000004512,0.52580000000000004512
-61,-25,0.41320000000000001172,0.41320000000000001172
-60,-25,0.46850000000000002753,0.46850000000000002753
-59,-25,0.62600000000000000089,0.62600000000000000089
-58,-25,0.4597999999999999865,0.4597999999999999865
-57,-25,0.62209999999999998632,0.62209999999999998632
-56,-25,0.83030000000000003801,0.83030000000000003801
-55,-25,0.90069999999999994511,0.90069999999999994511
-54,-25,0.84630000000000005222,0.84630000000000005222
-53,-25,0.43590000000000000968,0.43590000000000000968
-52,-25,0.36380000000000001226,0.36380000000000001226
-51,-25,0.3688000000000000167,0.3688000000000000167
-50,-25,0.68759999999999998899,0.68759999999999998899
-49,-25,0.63460000000000005294,0.63460000000000005294
-48,-25,0.59919999999999995488,0.59919999999999995488
-47,-25,0.57920000000000004814,0.57920000000000004814
-46,-25,0.5516999999999999682,0.5516999999999999682
-45,-25,0.94559999999999999609,0.94559999999999999609
-44,-25,0.72519999999999995577,0.72519999999999995577
-43,-25,0.56469999999999997975,0.56469999999999997975
-42,-25,0.81820000000000003837,0.81820000000000003837
-41,-25,0.43080000000000001625,0.43080000000000001625
-40,-25,0.35549999999999998268,0.35549999999999998268
-39,-25,0.33079999999999998295,0.33079999999999998295
-38,-25,0.61599999999999999201,0.61599999999999999201
-37,-25,0.97109999999999996323,0.97109999999999996323
-36,-25,0.74960000000000004405,0.74960000000000004405
-35,-25,0.13070000000000001061,0.13070000000000001061
-34,-25,0.087499999999999994449,0.087499999999999994449
-33,-25,0.10660000000000000031,0.10660000000000000031
-32,-25,0.24649999999999999689,0.24649999999999999689
-31,-25,0.88570000000000004281,0.88570000000000004281
-30,-25,0.88229999999999997318,0.88229999999999997318
-29,-25,0.65410000000000001474,0.65410000000000001474
-28,-25,0.51449999999999995737,0.51449999999999995737
-27,-25,0.56389999999999995683,0.56389999999999995683
-26,-25,0.72360000000000002096,0.72360000000000002096
-25,-25,0.81559999999999999165,0.81559999999999999165
-24,-25,0.50209999999999999076,0.50209999999999999076
-23,-25,0.13200000000000000622,0.13200000000000000622
-22,-25,0.029200000000000000261,0.029200000000000000261
-21,-25,0.033300000000000003209,0.033300000000000003209
-20,-25,0.2290000000000000091,0.2290000000000000091
-19,-25,0.59250000000000002665,0.59250000000000002665
-18,-25,0.86660000000000003695,0.86660000000000003695
-17,-25,0.73329999999999995186,0.73329999999999995186
-16,-25,0.54490000000000005098,0.54490000000000005098
-15,-25,0.69310000000000004938,0.69310000000000004938
-14,-25,0.49869999999999997664,0.49869999999999997664
-13,-25,0.35320000000000001394,0.35320000000000001394
-12,-25,0.52039999999999997371,0.52039999999999997371
-11,-25,0.68059999999999998277,0.68059999999999998277
-10,-25,0.80059999999999997833,0.80059999999999997833
-9,-25,0.67589999999999994529,0.67589999999999994529
-8,-25,0.87419999999999997708,0.87419999999999997708
-7,-25,0.97580000000000000071,0.97580000000000000071
-6,-25,0.98470000000000001972,0.98470000000000001972
-5,-25,0.92379999999999995453,0.92379999999999995453
-4,-25,0.59730000000000005311,0.59730000000000005311
-3,-25,0.83379999999999998561,0.83379999999999998561
-2,-25,0.43909999999999999032,0.43909999999999999032
-1,-25,0.07720000000000000473,0.07720000000000000473
0,-25,0.038199999999999997846,0.038199999999999997846
1,-25,0.023199999999999998401,0.023199999999999998401
2,-25,0.041000000000000001721,0.041000000000000001721
3,-25,0.10370000000000000051,0.10370000000000000051
4,-25,0.40639999999999998348,0.40639999999999998348
5,-25,0.61709999999999998188,0.61709999999999998188
6,-25,0.50670000000000003926,0.50670000000000003926
7,-25,0.54100000000000003642,0.54100000000000003642
8,-25,0.80200000000000004619,0.80200000000000004619
9,-25,0.9972999999999999643,0.9972999999999999643
10,-25,0.96279999999999998916,0.96279999999999998916
11,-25,0.88910000000000000142,0.88910000000000000142
12,-25,0.79190000000000004832,0.79190000000000004832
13,-25,0.732099999999999973,0.732099999999999973
14,-25,0.73929999999999995719,0.73929999999999995719
15,-25,0.80749999999999999556,0.80749999999999999556
16,-25,0.82969999999999999307,0.82969999999999999307
17,-25,0.83989999999999997993,0.83989999999999997993
18,-25,0.76119999999999998774,0.76119999999999998774
19,-25,0.47170000000000000817,0.47170000000000000817
20,-25,0.51119999999999998774,0.51119999999999998774
21,-25,0.42690000000000000169,0.42690000000000000169
22,-25,0.49690000000000000835,0.49690000000000000835
23,-25,0.68600000000000005418,0.68600000000000005418
24,-25,0.83530000000000004245,0.83530000000000004245
25,-25,0.98360000000000002984,0.98360000000000002984
26,-25,0.98890000000000000124,0.98890000000000000124
27,-25,0.86760000000000003784,0.86760000000000003784
28,-25,0.80300000000000004707,0.80300000000000004707
29,-25,0.8403000000000000469,0.8403000000000000469
30,-25,0.76680000000000003713,0.76680000000000003713
31,-25,0.84440000000000003944,0.84440000000000003944
32,-25,0.9081000000000000183,0.9081000000000000183
33,-25,0.85950000000000004174,0.85950000000000004174
34,-25,0.87539999999999995595,0.87539999999999995595
35,-25,0.96889999999999998348,0.96889999999999998348
36,-25,0.99490000000000000657,0.99490000000000000657
37,-25,0.96309999999999995612,0.96309999999999995612
38,-25,0.76200000000000001066,0.76200000000000001066
39,-25,0.544599999999999973,0.544599999999999973
40,-25,0.28989999999999999103,0.28989999999999999103
41,-25,0.12829999999999999738,0.12829999999999999738
42,-25,0.19430000000000000049,0.19430000000000000049
43,-25,0.46970000000000000639,0.46970000000000000639
44,-25,0.30199999999999999067,0.30199999999999999067
45,-25,0.058400000000000000522,0.058400000000000000522
46,-25,0.0298000000000000001,0.0298000000000000001
47,-25,0.018399999999999999689,0.018399999999999999689
48,-25,0.047100000000000002975,0.047100000000000002975
49,-25,0.12620000000000000662,0.12620000000000000662
50,-25,0.27360000000000000986,0.27360000000000000986
51,-25,0.44440000000000001723,0.44440000000000001723
52,-25,0.70850000000000001865,0.70850000000000001865
53,-25,0.82450000000000001066,0.82450000000000001066
54,-25,0.70830000000000004068,0.70830000000000004068
55,-25,0.44259999999999999343,0.44259999999999999343
56,-25,0.36399999999999999023,0.36399999999999999023
57,-25,0.62800000000000000266,0.62800000000000000266
58,-25,0.82350000000000000977,0.82350000000000000977
59,-25,0.98040000000000004921,0.98040000000000004921
60,-25,0.99850000000000005418,0.99850000000000005418
61,-25,0.93969999999999997975,0.93969999999999997975
62,-25,0.98540000000000005365,0.98540000000000005365
63,-25,0.9616000000000000103,0.9616000000000000103
64,-25,0.57989999999999997105,0.57989999999999997105
65,-25,0.36459999999999997966,0.36459999999999997966
66,-25,0.25459999999999999298,0.25459999999999999298
67,-25,0.54210000000000002629,0.54210000000000002629
68,-25,0.35339999999999999192,0.35339999999999999192
69,-25,0.25340000000000001412,0.25340000000000001412
70,-25,0.82169999999999998597,0.82169999999999998597
-69,-23.75,0.53420000000000000817,0.53420000000000000817
-68,-23.75,0.42089999999999999636,0.42089999999999999636
-67,-23.75,0.4713999999999999857,0.4713999999999999857
-66,-23.75,0.53080000000000004956,0.53080000000000004956
-65,-23.75,0.54400000000000003908,0.54400000000000003908
-64,-23.75,0.68740000000000001101,0.68740000000000001101
-63,-23.75,0.80400000000000004796,0.80400000000000004796
-62,-23.75,0.77310000000000000941,0.77310000000000000941
-61,-23.75,0.46949999999999997291,0.46949999999999997291
-60,-23.75,0.51539999999999996927,0.51539999999999996927
-59,-23.75,0.81200000000000005507,0.81200000000000005507
-58,-23.75,0.61399999999999999023,0.61399999999999999023
-57,-23.75,0.67969999999999997087,0.67969999999999997087
-56,-23.75,0.80749999999999999556,0.80749999999999999556
-55,-23.75,0.74190000000000000391,0.74190000000000000391
-54,-23.75,0.57679999999999997939,0.57679999999999997939
-53,-23.75,0.35570000000000001616,0.35570000000000001616
-52,-23.75,0.23200000000000001177,0.23200000000000001177
-51,-23.75,0.47220000000000000862,0.47220000000000000862
-50,-23.75,0.48649999999999998801,0.48649999999999998801
-49,-23.75,0.56030000000000002025,0.56030000000000002025
-48,-23.75,0.5099000000000000199,0.5099000000000000199
-47,-23.75,0.58450000000000001954,0.58450000000000001954
-46,-23.75,0.86460000000000003517,0.86460000000000003517
-45,-23.75,0.87099999999999999645,0.87099999999999999645
-44,-23.75,0.54690000000000005276,0.54690000000000005276
-43,-23.75,0.75100000000000000089,0.75100000000000000089
-42,-23.75,0.32329999999999997629,0.32329999999999997629
-41,-23.75,0.23739999999999999991,0.23739999999999999991
-40,-23.75,0.25959999999999999742,0.25959999999999999742
-39,-23.75,0.2200999999999999901,0.2200999999999999901
-38,-23.75,0.78949999999999997957,0.78949999999999997957
-37,-23.75,0.97819999999999995843,0.97819999999999995843
-36,-23.75,0.79939999999999999947,0.79939999999999999947
-35,-23.75,0.17310000000000000386,0.17310000000000000386
-34,-23.75,0.14169999999999999263,0.14169999999999999263
-33,-23.75,0.13070000000000001061,0.13070000000000001061
-32,-23.75,0.44119999999999998108,0.44119999999999998108
-31,-23.75,0.95289999999999996927,0.95289999999999996927
-30,-23.75,0.67589999999999994529,0.67589999999999994529
-29,-23.75,0.43419999999999997486,0.43419999999999997486
-28,-23.75,0.43230000000000001759,0.43230000000000001759
-27,-23.75,0.4813000000000000056,0.4813000000000000056
-26,-23.75,0.65220000000000000195,0.65220000000000000195
-25,-23.75,0.72519999999999995577,0.72519999999999995577
-24,-23.75,0.39360000000000000542,0.39360000000000000542
-23,-23.75,0.080600000000000004974,0.080600000000000004974
-22,-23.75,0.037900000000000003131,0.037900000000000003131
-21,-23.75,0.067699999999999996292,0.067699999999999996292
-20,-23.75,0.35210000000000002407,0.35210000000000002407
-19,-23.75,0.51739999999999997105,0.51739999999999997105
-18,-23.75,0.8322000000000000508,0.8322000000000000508
-17,-23.75,0.67830000000000001403,0.67830000000000001403
-16,-23.75,0.49280000000000001581,0.49280000000000001581
-15,-23.75,0.73470000000000001972,0.73470000000000001972
-14,-23.75,0.60160000000000002363,0.60160000000000002363
-13,-23.75,0.39539999999999997371,0.39539999999999997371
-12,-23.75,0.42480000000000001092,0.42480000000000001092
-11,-23.75,0.66479999999999994653,0.66479999999999994653
-10,-23.75,0.78229999999999999538,0.78229999999999999538
-9,-23.75,0.83379999999999998561,0.83379999999999998561
-8,-23.75,0.93689999999999995506,0.93689999999999995506
-7,-23.75,0.96770000000000000462,0.96770000000000000462
-6,-23.75,0.99519999999999997353,0.99519999999999997353
-5,-23.75,0.89459999999999995079,0.89459999999999995079
-4,-23.75,0.59219999999999994866,0.59219999999999994866
-3,-23.75,0.9545000000000000151,0.9545000000000000151
-2,-23.75,0.45479999999999998206,0.45479999999999998206
-1,-23.75,0.10530000000000000471,0.10530000000000000471
0,-23.75,0.033300000000000003209,0.033300000000000003209
1,-23.75,0.022499999999999999167,0.022499999999999999167
2,-23.75,0.025399999999999998967,0.025399999999999998967
3,-23.75,0.089999999999999996669,0.089999999999999996669
4,-23.75,0.47389999999999998792,0.47389999999999998792
5,-23.75,0.5597999999999999643,0.5597999999999999643
6,-23.75,0.58970000000000000195,0.58970000000000000195
7,-23.75,0.56650000000000000355,0.56650000000000000355
8,-23.75,0.67889999999999994795,0.67889999999999994795
9,-23.75,0.96999999999999997335,0.96999999999999997335
10,-23.75,0.91710000000000002629,0.91710000000000002629
11,-23.75,0.88460000000000005294,0.88460000000000005294
12,-23.75,0.76600000000000001421,0.76600000000000001421
13,-23.75,0.68889999999999995683,0.68889999999999995683
14,-23.75,0.72650000000000003464,0.72650000000000003464
15,-23.75,0.82359999999999999876,0.82359999999999999876
16,-23.75,0.96560000000000001386,0.96560000000000001386
17,-23.75,0.78049999999999997158,0.78049999999999997158
18,-23.75,0.57540000000000002256,0.57540000000000002256
19,-23.75,0.65220000000000000195,0.65220000000000000195
20,-23.75,0.71370000000000000107,0.71370000000000000107
21,-23.75,0.46529999999999999138,0.46529999999999999138
22,-23.75,0.51259999999999994458,0.51259999999999994458
23,-23.75,0.62390000000000001013,0.62390000000000001013
24,-23.75,0.74770000000000003126,0.74770000000000003126
25,-23.75,0.87639999999999995683,0.87639999999999995683
26,-23.75,0.88790000000000002256,0.88790000000000002256
27,-23.75,0.71619999999999994778,0.71619999999999994778
28,-23.75,0.63390000000000001901,0.63390000000000001901
29,-23.75,0.73180000000000000604,0.73180000000000000604
30,-23.75,0.71179999999999998828,0.71179999999999998828
31,-23.75,0.88590000000000002078,0.88590000000000002078
32,-23.75,0.93589999999999995417,0.93589999999999995417
33,-23.75,0.89749999999999996447,0.89749999999999996447
34,-23.75,0.88400000000000000799,0.88400000000000000799
35,-23.75,0.95520000000000004903,0.95520000000000004903
36,-23.75,0.97789999999999999147,0.97789999999999999147
37,-23.75,0.99329999999999996074,0.99329999999999996074
38,-23.75,0.83899999999999996803,0.83899999999999996803
39,-23.75,0.52449999999999996625,0.52449999999999996625
40,-23.75,0.2838999999999999857,0.2838999999999999857
41,-23.75,0.15449999999999999845,0.15449999999999999845
42,-23.75,0.10520000000000000184,0.10520000000000000184
43,-23.75,0.19600000000000000755,0.19600000000000000755
44,-23.75,0.22689999999999999059,0.22689999999999999059
45,-23.75,0.089800000000000004818,0.089800000000000004818
46,-23.75,0.052900000000000002576,0.052900000000000002576
47,-23.75,0.032099999999999996592,0.032099999999999996592
48,-23.75,0.049700000000000001121,0.049700000000000001121
49,-23.75,0.10249999999999999389,0.10249999999999999389
50,-23.75,0.18449999999999999734,0.18449999999999999734
51,-23.75,0.3420000000000000262,0.3420000000000000262
52,-23.75,0.51419999999999999041,0.51419999999999999041
53,-23.75,0.77710000000000001297,0.77710000000000001297
54,-23.75,0.81120000000000003215,0.81120000000000003215
55,-23.75,0.56189999999999995506,0.56189999999999995506
56,-23.75,0.55120000000000002327,0.55120000000000002327
57,-23.75,0.74960000000000004405,0.74960000000000004405
58,-23.75,0.89580000000000004068,0.89580000000000004068
59,-23.75,0.98080000000000000515,0.98080000000000000515
60,-23.75,0.99880000000000002114,0.99880000000000002114
61,-23.75,0.98770000000000002238,0.98770000000000002238
62,-23.75,0.99360000000000003872,0.99360000000000003872
63,-23.75,0.8858000000000000318,0.8858000000000000318
64,-23.75,0.41860000000000002762,0.41860000000000002762
65,-23.75,0.26690000000000002611,0.26690000000000002611
66,-23.75,0.21060000000000000941,0.21060000000000000941
67,-23.75,0.61109999999999997655,0.61109999999999997655
68,-23.75,0.5070999999999999952,0.5070999999999999952
69,-23.75,0.38509999999999999787,0.38509999999999999787
70,-23.75,0.75190000000000001279,0.75190000000000001279
-69,-22.5,0.53339999999999998526,0.53339999999999998526
-68,-22.5,0.44300000000000000488,0.44300000000000000488
-67,-22.5,0.56559999999999999165,0.56559999999999999165
-66,-22.5,0.70009999999999994458,0.70009999999999994458
-65,-22.5,0.63180000000000002824,0.63180000000000002824
-64,-22.5,0.67779999999999995808,0.67779999999999995808
-63,-22.5,0.80469999999999997087,0.80469999999999997087
-62,-22.5,0.78039999999999998259,0.78039999999999998259
-61,-22.5,0.51839999999999997193,0.51839999999999997193
-60,-22.5,0.50429999999999997051,0.50429999999999997051
-59,-22.5,0.80000000000000004441,0.80000000000000004441
-58,-22.5,0.7543999999999999595,0.7543999999999999595
-57,-22.5,0.89980000000000004423,0.89980000000000004423
-56,-22.5,0.90100000000000002309,0.90100000000000002309
-55,-22.5,0.68720000000000003304,0.68720000000000003304
-54,-22.5,0.41370000000000001217,0.41370000000000001217
-53,-22.5,0.35389999999999999236,0.35389999999999999236
-52,-22.5,0.31269999999999997797,0.31269999999999997797
-51,-22.5,0.64149999999999995914,0.64149999999999995914
-50,-22.5,0.39689999999999997504,0.39689999999999997504
-49,-22.5,0.64690000000000003055,0.64690000000000003055
-48,-22.5,0.55110000000000003428,0.55110000000000003428
-47,-22.5,0.69769999999999998685,0.69769999999999998685
-46,-22.5,0.96940000000000003944,0.96940000000000003944
-45,-22.5,0.65710000000000001741,0.65710000000000001741
-44,-22.5,0.75639999999999996128,0.75639999999999996128
-43,-22.5,0.43199999999999999512,0.43199999999999999512
-42,-22.5,0.17019999999999999019,0.17019999999999999019
-41,-22.5,0.2152000000000000024,0.2152000000000000024
-40,-22.5,0.26969999999999999529,0.26969999999999999529
-39,-22.5,0.45019999999999998908,0.45019999999999998908
-38,-22.5,0.78039999999999998259,0.78039999999999998259
-37,-22.5,0.74129999999999995897,0.74129999999999995897
-36,-22.5,0.94599999999999995204,0.94599999999999995204
-35,-22.5,0.42980000000000001537,0.42980000000000001537
-34,-22.5,0.29670000000000001927,0.29670000000000001927
-33,-22.5,0.34179999999999999272,0.34179999999999999272
-32,-22.5,0.81950000000000000622,0.81950000000000000622
-31,-22.5,0.61909999999999998366,0.61909999999999998366
-30,-22.5,0.44030000000000002469,0.44030000000000002469
-29,-22.5,0.28189999999999998392,0.28189999999999998392
-28,-22.5,0.32119999999999998552,0.32119999999999998552
-27,-22.5,0.49959999999999998854,0.49959999999999998854
-26,-22.5,0.66620000000000001439,0.66620000000000001439
-25,-22.5,0.54220000000000001528,0.54220000000000001528
-24,-22.5,0.21929999999999999494,0.21929999999999999494
-23,-22.5,0.028099999999999999978,0.028099999999999999978
-22,-22.5,0.026800000000000000905,0.026800000000000000905
-21,-22.5,0.070000000000000006661,0.070000000000000006661
-20,-22.5,0.35849999999999998535,0.35849999999999998535
-19,-22.5,0.61960000000000003961,0.61960000000000003961
-18,-22.5,0.70779999999999998472,0.70779999999999998472
-17,-22.5,0.52980000000000004867,0.52980000000000004867
-16,-22.5,0.44169999999999998153,0.44169999999999998153
-15,-22.5,0.64400000000000001688,0.64400000000000001688
-14,-22.5,0.64919999999999999929,0.64919999999999999929
-13,-22.5,0.41739999999999999325,0.41739999999999999325
-12,-22.5,0.52029999999999998472,0.52029999999999998472
-11,-22.5,0.55240000000000000213,0.55240000000000000213
-10,-22.5,0.6989999999999999547,0.6989999999999999547
-9,-22.5,0.91669999999999995932,0.91669999999999995932
-8,-22.5,0.98460000000000003073,0.98460000000000003073
-7,-22.5,0.97019999999999995133,0.97019999999999995133
-6,-22.5,0.96640000000000003677,0.96640000000000003677
-5,-22.5,0.93549999999999999822,0.93549999999999999822
-4,-22.5,0.66310000000000002274,0.66310000000000002274
-3,-22.5,0.95289999999999996927,0.95289999999999996927
-2,-22.5,0.37380000000000002114,0.37380000000000002114
-1,-22.5,0.12249999999999999778,0.12249999999999999778
0,-22.5,0.049599999999999998257,0.049599999999999998257
1,-22.5,0.018599999999999998479,0.018599999999999998479
2,-22.5,0.012800000000000000613,0.012800000000000000613
3,-22.5,0.066500000000000003553,0.066500000000000003553
4,-22.5,0.40520000000000000462,0.40520000000000000462
5,-22.5,0.59609999999999996323,0.59609999999999996323
6,-22.5,0.62809999999999999165,0.62809999999999999165
7,-22.5,0.75819999999999998508,0.75819999999999998508
8,-22.5,0.96919999999999995044,0.96919999999999995044
9,-22.5,0.96940000000000003944,0.96940000000000003944
10,-22.5,0.9402000000000000357,0.9402000000000000357
11,-22.5,0.94389999999999996128,0.94389999999999996128
12,-22.5,0.80659999999999998366,0.80659999999999998366
13,-22.5,0.70920000000000005258,0.70920000000000005258
14,-22.5,0.7338999999999999968,0.7338999999999999968
15,-22.5,0.79159999999999997033,0.79159999999999997033
16,-22.5,0.90480000000000004867,0.90480000000000004867
17,-22.5,0.9170000000000000373,0.9170000000000000373
18,-22.5,0.5061999999999999833,0.5061999999999999833
19,-22.5,0.46739999999999998215,0.46739999999999998215
20,-22.5,0.68079999999999996074,0.68079999999999996074
21,-22.5,0.6909999999999999476,0.6909999999999999476
22,-22.5,0.69199999999999994849,0.69199999999999994849
23,-22.5,0.88859999999999994547,0.88859999999999994547
24,-22.5,0.7302999999999999492,0.7302999999999999492
25,-22.5,0.81510000000000004672,0.81510000000000004672
26,-22.5,0.74460000000000003961,0.74460000000000003961
27,-22.5,0.59550000000000002931,0.59550000000000002931
28,-22.5,0.41549999999999998046,0.41549999999999998046
29,-22.5,0.47410000000000002141,0.47410000000000002141
30,-22.5,0.60919999999999996376,0.60919999999999996376
31,-22.5,0.88539999999999996483,0.88539999999999996483
32,-22.5,0.82099999999999995204,0.82099999999999995204
33,-22.5,0.80340000000000000302,0.80340000000000000302
34,-22.5,0.79400000000000003908,0.79400000000000003908
35,-22.5,0.86450000000000004619,0.86450000000000004619
36,-22.5,0.95809999999999995168,0.95809999999999995168
37,-22.5,0.97089999999999998526,0.97089999999999998526
38,-22.5,0.92630000000000001226,0.92630000000000001226
39,-22.5,0.51280000000000003357,0.51280000000000003357
40,-22.5,0.41939999999999999503,0.41939999999999999503
41,-22.5,0.17569999999999999507,0.17569999999999999507
42,-22.5,0.091899999999999995581,0.091899999999999995581
43,-22.5,0.075399999999999994804,0.075399999999999994804
44,-22.5,0.079200000000000006506,0.079200000000000006506
45,-22.5,0.065600000000000005529,0.065600000000000005529
46,-22.5,0.068800000000000000044,0.068800000000000000044
47,-22.5,0.059700000000000003064,0.059700000000000003064
48,-22.5,0.093600000000000002642,0.093600000000000002642
49,-22.5,0.078100000000000002753,0.078100000000000002753
50,-22.5,0.087800000000000003042,0.087800000000000003042
51,-22.5,0.11089999999999999858,0.11089999999999999858
52,-22.5,0.35139999999999999014,0.35139999999999999014
53,-22.5,0.71850000000000002753,0.71850000000000002753
54,-22.5,0.80430000000000001492,0.80430000000000001492
55,-22.5,0.67310000000000003162,0.67310000000000003162
56,-22.5,0.81200000000000005507,0.81200000000000005507
57,-22.5,0.794599999999999973,0.794599999999999973
58,-22.5,0.86960000000000003961,0.86960000000000003961
59,-22.5,0.98240000000000005098,0.98240000000000005098
60,-22.5,0.99360000000000003872,0.99360000000000003872
61,-22.5,0.97929999999999994831,0.97929999999999994831
62,-22.5,0.9777000000000000135,0.9777000000000000135
63,-22.5,0.84489999999999998437,0.84489999999999998437
64,-22.5,0.30320000000000002505,0.30320000000000002505
65,-22.5,0.17130000000000000782,0.17130000000000000782
66,-22.5,0.36139999999999999902,0.36139999999999999902
67,-22.5,0.58970000000000000195,0.58970000000000000195
68,-22.5,0.58469999999999999751,0.58469999999999999751
69,-22.5,0.50280000000000002469,0.50280000000000002469
70,-22.5,0.65510000000000001563,0.65510000000000001563
-69,-21.25,0.61140000000000005453,0.61140000000000005453
-68,-21.25,0.51470000000000004636,0.51470000000000004636
-67,-21.25,0.63180000000000002824,0.63180000000000002824
-66,-21.25,0.80849999999999999645,0.80849999999999999645
-65,-21.25,0.71630000000000004778,0.71630000000000004778
-64,-21.25,0.669599999999999973,0.669599999999999973
-63,-21.25,0.70140000000000002345,0.70140000000000002345
-62,-21.25,0.68010000000000003784,0.68010000000000003784
-61,-21.25,0.52380000000000004334,0.52380000000000004334
-60,-21.25,0.51619999999999999218,0.51619999999999999218
-59,-21.25,0.74319999999999997176,0.74319999999999997176
-58,-21.25,0.94689999999999996394,0.94689999999999996394
-57,-21.25,0.99429999999999996163,0.99429999999999996163
-56,-21.25,0.97279999999999999805,0.97279999999999999805
-55,-21.25,0.7614999999999999547,0.7614999999999999547
-54,-21.25,0.55449999999999999289,0.55449999999999999289
-53,-21.25,0.52459999999999995524,0.52459999999999995524
-52,-21.25,0.36490000000000000213,0.36490000000000000213
-51,-21.25,0.68140000000000000568,0.68140000000000000568
-50,-21.25,0.61699999999999999289,0.61699999999999999289
-49,-21.25,0.69669999999999998597,0.69669999999999998597
-48,-21.25,0.61129999999999995453,0.61129999999999995453
-47,-21.25,0.66710000000000002629,0.66710000000000002629
-46,-21.25,0.94510000000000005116,0.94510000000000005116
-45,-21.25,0.62399999999999999911,0.62399999999999999911
-44,-21.25,0.7704999999999999627,0.7704999999999999627
-43,-21.25,0.48249999999999998446,0.48249999999999998446
-42,-21.25,0.22650000000000000688,0.22650000000000000688
-41,-21.25,0.23790000000000000036,0.23790000000000000036
-40,-21.25,0.32379999999999997673,0.32379999999999997673
-39,-21.25,0.64790000000000003144,0.64790000000000003144
-38,-21.25,0.58209999999999995079,0.58209999999999995079
-37,-21.25,0.58950000000000002398,0.58950000000000002398
-36,-21.25,0.74690000000000000835,0.74690000000000000835
-35,-21.25,0.54379999999999995008,0.54379999999999995008
-34,-21.25,0.50660000000000005027,0.50660000000000005027
-33,-21.25,0.65729999999999999538,0.65729999999999999538
-32,-21.25,0.48649999999999998801,0.48649999999999998801
-31,-21.25,0.26979999999999998428,0.26979999999999998428
-30,-21.25,0.20769999999999999574,0.20769999999999999574
-29,-21.25,0.20030000000000000582,0.20030000000000000582
-28,-21.25,0.46300000000000002265,0.46300000000000002265
-27,-21.25,0.57740000000000002434,0.57740000000000002434
-26,-21.25,0.49690000000000000835,0.49690000000000000835
-25,-21.25,0.29770000000000002016,0.29770000000000002016
-24,-21.25,0.091600000000000000866,0.091600000000000000866
-23,-21.25,0.033200000000000000344,0.033200000000000000344
-22,-21.25,0.026499999999999999251,0.026499999999999999251
-21,-21.25,0.064199999999999993183,0.064199999999999993183
-20,-21.25,0.32109999999999999654,0.32109999999999999654
-19,-21.25,0.90020000000000000018,0.90020000000000000018
-18,-21.25,0.51990000000000002878,0.51990000000000002878
-17,-21.25,0.48320000000000001839,0.48320000000000001839
-16,-21.25,0.42580000000000001181,0.42580000000000001181
-15,-21.25,0.77470000000000005524,0.77470000000000005524
-14,-21.25,0.65100000000000002309,0.65100000000000002309
-13,-21.25,0.53900000000000003464,0.53900000000000003464
-12,-21.25,0.67220000000000001972,0.67220000000000001972
-11,-21.25,0.68769999999999997797,0.68769999999999997797
-10,-21.25,0.70440000000000002611,0.70440000000000002611
-9,-21.25,0.98580000000000000959,0.98580000000000000959
-8,-21.25,0.97599999999999997868,0.97599999999999997868
-7,-21.25,0.9409999999999999476,0.9409999999999999476
-6,-21.25,0.92920000000000002593,0.92920000000000002593
-5,-21.25,0.97350000000000003197,0.97350000000000003197
-4,-21.25,0.84940000000000004388,0.84940000000000004388
-3,-21.25,0.86870000000000002771,0.86870000000000002771
-2,-21.25,0.41870000000000001661,0.41870000000000001661
-1,-21.25,0.15700000000000000067,0.15700000000000000067
0,-21.25,0.038999999999999999944,0.038999999999999999944
1,-21.25,0.013100000000000000533,0.013100000000000000533
2,-21.25,0.0088000000000000005301,0.0088000000000000005301
3,-21.25,0.043499999999999997002,0.043499999999999997002
4,-21.25,0.26529999999999998028,0.26529999999999998028
5,-21.25,0.44619999999999998552,0.44619999999999998552
6,-21.25,0.59130000000000004778,0.59130000000000004778
7,-21.25,0.75749999999999995115,0.75749999999999995115
8,-21.25,0.96960000000000001741,0.96960000000000001741
9,-21.25,0.95660000000000000586,0.95660000000000000586
10,-21.25,0.95060000000000000053,0.95060000000000000053
11,-21.25,0.9322000000000000286,0.9322000000000000286
12,-21.25,0.80910000000000004139,0.80910000000000004139
13,-21.25,0.68879999999999996785,0.68879999999999996785
14,-21.25,0.65959999999999996412,0.65959999999999996412
15,-21.25,0.77839999999999998082,0.77839999999999998082
16,-21.25,0.87700000000000000178,0.87700000000000000178
17,-21.25,0.9099000000000000421,0.9099000000000000421
18,-21.25,0.8106999999999999762,0.8106999999999999762
19,-21.25,0.48199999999999998401,0.48199999999999998401
20,-21.25,0.54969999999999996643,0.54969999999999996643
21,-21.25,0.58009999999999994902,0.58009999999999994902
22,-21.25,0.67490000000000005542,0.67490000000000005542
23,-21.25,0.97199999999999997513,0.97199999999999997513
24,-21.25,0.9034999999999999698,0.9034999999999999698
25,-21.25,0.73529999999999995364,0.73529999999999995364
26,-21.25,0.70660000000000000586,0.70660000000000000586
27,-21.25,0.66469999999999995755,0.66469999999999995755
28,-21.25,0.34660000000000001918,0.34660000000000001918
29,-21.25,0.3070999999999999841,0.3070999999999999841
30,-21.25,0.51729999999999998206,0.51729999999999998206
31,-21.25,0.70460000000000000409,0.70460000000000000409
32,-21.25,0.89670000000000005258,0.89670000000000005258
33,-21.25,0.82169999999999998597,0.82169999999999998597
34,-21.25,0.81550000000000000266,0.81550000000000000266
35,-21.25,0.78349999999999997424,0.78349999999999997424
36,-21.25,0.86690000000000000391,0.86690000000000000391
37,-21.25,0.87729999999999996874,0.87729999999999996874
38,-21.25,0.87219999999999997531,0.87219999999999997531
39,-21.25,0.62890000000000001457,0.62890000000000001457
40,-21.25,0.38719999999999998863,0.38719999999999998863
41,-21.25,0.14180000000000000937,0.14180000000000000937
42,-21.25,0.065500000000000002665,0.065500000000000002665
43,-21.25,0.037499999999999998612,0.037499999999999998612
44,-21.25,0.053699999999999997735,0.053699999999999997735
45,-21.25,0.040899999999999998856,0.040899999999999998856
46,-21.25,0.066000000000000003109,0.066000000000000003109
47,-21.25,0.040300000000000002487,0.040300000000000002487
48,-21.25,0.060900000000000002742,0.060900000000000002742
49,-21.25,0.072599999999999997868,0.072599999999999997868
50,-21.25,0.092899999999999996469,0.092899999999999996469
51,-21.25,0.079000000000000000777,0.079000000000000000777
52,-21.25,0.2222999999999999976,0.2222999999999999976
53,-21.25,0.64329999999999998295,0.64329999999999998295
54,-21.25,0.78690000000000004388,0.78690000000000004388
55,-21.25,0.76770000000000004903,0.76770000000000004903
56,-21.25,0.82430000000000003268,0.82430000000000003268
57,-21.25,0.73719999999999996643,0.73719999999999996643
58,-21.25,0.82969999999999999307,0.82969999999999999307
59,-21.25,0.97529999999999994476,0.97529999999999994476
60,-21.25,0.97819999999999995843,0.97819999999999995843
61,-21.25,0.8286000000000000032,0.8286000000000000032
62,-21.25,0.97250000000000003109,0.97250000000000003109
63,-21.25,0.49880000000000002114,0.49880000000000002114
64,-21.25,0.18399999999999999689,0.18399999999999999689
65,-21.25,0.094700000000000006395,0.094700000000000006395
66,-21.25,0.37969999999999998197,0.37969999999999998197
67,-21.25,0.53059999999999996056,0.53059999999999996056
68,-21.25,0.5847999999999999865,0.5847999999999999865
69,-21.25,0.50860000000000005205,0.50860000000000005205
70,-21.25,0.60750000000000003997,0.60750000000000003997
-69,-20,0.70350000000000001421,0.70350000000000001421
-68,-20,0.64790000000000003144,0.64790000000000003144
-67,-20,0.64800000000000002043,0.64800000000000002043
-66,-20,0.79830000000000000959,0.79830000000000000959
-65,-20,0.79720000000000001972,0.79720000000000001972
-64,-20,0.63870000000000004547,0.63870000000000004547
-63,-20,0.64080000000000003624,0.64080000000000003624
-62,-20,0.5999999999999999778,0.5999999999999999778
-61,-20,0.50490000000000001545,0.50490000000000001545
-60,-20,0.54979999999999995541,0.54979999999999995541
-59,-20,0.71719999999999994866,0.71719999999999994866
-58,-20,0.9659999999999999698,0.9659999999999999698
-57,-20,0.99439999999999995062,0.99439999999999995062
-56,-20,0.98540000000000005365,0.98540000000000005365
-55,-20,0.75849999999999995204,0.75849999999999995204
-54,-20,0.70289999999999996927,0.70289999999999996927
-53,-20,0.46579999999999999183,0.46579999999999999183
-52,-20,0.39190000000000002611,0.39190000000000002611
-51,-20,0.78129999999999999449,0.78129999999999999449
-50,-20,0.76000000000000000888,0.76000000000000000888
-49,-20,0.71060000000000000941,0.71060000000000000941
-48,-20,0.68999999999999994671,0.68999999999999994671
-47,-20,0.60789999999999999591,0.60789999999999999591
-46,-20,0.98150000000000003908,0.98150000000000003908
-45,-20,0.74299999999999999378,0.74299999999999999378
-44,-20,0.82930000000000003713,0.82930000000000003713
-43,-20,0.38100000000000000533,0.38100000000000000533
-42,-20,0.36530000000000001359,0.36530000000000001359
-41,-20,0.46169999999999999929,0.46169999999999999929
-40,-20,0.4661000000000000143,0.4661000000000000143
-39,-20,0.82310000000000005382,0.82310000000000005382
-38,-20,0.65980000000000005311,0.65980000000000005311
-37,-20,0.57840000000000002522,0.57840000000000002522
-36,-20,0.51959999999999995079,0.51959999999999995079
-35,-20,0.63290000000000001812,0.63290000000000001812
-34,-20,0.63290000000000001812,0.63290000000000001812
-33,-20,0.44479999999999997318,0.44479999999999997318
-32,-20,0.4204999999999999849,0.4204999999999999849
-31,-20,0.12720000000000000751,0.12720000000000000751
-30,-20,0.10380000000000000338,0.10380000000000000338
-29,-20,0.21040000000000000369,0.21040000000000000369
-28,-20,0.55189999999999994618,0.55189999999999994618
-27,-20,0.59809999999999996501,0.59809999999999996501
-26,-20,0.47810000000000002496,0.47810000000000002496
-25,-20,0.18229999999999998983,0.18229999999999998983
-24,-20,0.087800000000000003042,0.087800000000000003042
-23,-20,0.042599999999999998979,0.042599999999999998979
-22,-20,0.041700000000000000955,0.041700000000000000955
-21,-20,0.1436999999999999944,0.1436999999999999944
-20,-20,0.40079999999999998961,0.40079999999999998961
-19,-20,0.88639999999999996572,0.88639999999999996572
-18,-20,0.52739999999999997993,0.52739999999999997993
-17,-20,0.45290000000000002478,0.45290000000000002478
-16,-20,0.49170000000000002593,0.49170000000000002593
-15,-20,0.86240000000000005542,0.86240000000000005542
-14,-20,0.92920000000000002593,0.92920000000000002593
-13,-20,0.81999999999999995115,0.81999999999999995115
-12,-20,0.79139999999999999236,0.79139999999999999236
-11,-20,0.73599999999999998757,0.73599999999999998757
-10,-20,0.83260000000000000675,0.83260000000000000675
-9,-20,0.94930000000000003268,0.94930000000000003268
-8,-20,0.96879999999999999449,0.96879999999999999449
-7,-20,0.94840000000000002078,0.94840000000000002078
-6,-20,0.95389999999999997016,0.95389999999999997016
-5,-20,0.99699999999999999734,0.99699999999999999734
-4,-20,0.96209999999999995524,0.96209999999999995524
-3,-20,0.89710000000000000853,0.89710000000000000853
-2,-20,0.43730000000000002203,0.43730000000000002203
-1,-20,0.12009999999999999842,0.12009999999999999842
0,-20,0.039800000000000002043,0.039800000000000002043
1,-20,0.019900000000000001021,0.019900000000000001021
2,-20,0.01460000000000000013,0.01460000000000000013
3,-20,0.031399999999999997358,0.031399999999999997358
4,-20,0.11899999999999999467,0.11899999999999999467
5,-20,0.30070000000000002283,0.30070000000000002283
6,-20,0.8626000000000000334,0.8626000000000000334
7,-20,0.82359999999999999876,0.82359999999999999876
8,-20,0.46879999999999999449,0.46879999999999999449
9,-20,0.91669999999999995932,0.91669999999999995932
10,-20,0.91279999999999994476,0.91279999999999994476
11,-20,0.79579999999999995186,0.79579999999999995186
12,-20,0.71879999999999999449,0.71879999999999999449
13,-20,0.69499999999999995115,0.69499999999999995115
14,-20,0.63049999999999994937,0.63049999999999994937
15,-20,0.68850000000000000089,0.68850000000000000089
16,-20,0.74599999999999999645,0.74599999999999999645
17,-20,0.85899999999999998579,0.85899999999999998579
18,-20,0.93249999999999999556,0.93249999999999999556
19,-20,0.46650000000000002576,0.46650000000000002576
20,-20,0.45729999999999998428,0.45729999999999998428
21,-20,0.43140000000000000568,0.43140000000000000568
22,-20,0.57030000000000002913,0.57030000000000002913
23,-20,0.9990999999999999881,0.9990999999999999881
24,-20,0.99770000000000003126,0.99770000000000003126
25,-20,0.94199999999999994849,0.94199999999999994849
26,-20,0.55479999999999995985,0.55479999999999995985
27,-20,0.43290000000000000702,0.43290000000000000702
28,-20,0.37280000000000002025,0.37280000000000002025
29,-20,0.31090000000000000968,0.31090000000000000968
30,-20,0.35280000000000000249,0.35280000000000000249
31,-20,0.57820000000000004725,0.57820000000000004725
32,-20,0.82320000000000004281,0.82320000000000004281
33,-20,0.96840000000000003855,0.96840000000000003855
34,-20,0.86950000000000005063,0.86950000000000005063
35,-20,0.75470000000000003748,0.75470000000000003748
36,-20,0.69230000000000002647,0.69230000000000002647
37,-20,0.71679999999999999272,0.71679999999999999272
38,-20,0.74070000000000002505,0.74070000000000002505
39,-20,0.73719999999999996643,0.73719999999999996643
40,-20,0.4213999999999999968,0.4213999999999999968
41,-20,0.076300000000000006706,0.076300000000000006706
42,-20,0.042200000000000001399,0.042200000000000001399
43,-20,0.04159999999999999809,0.04159999999999999809
44,-20,0.022300000000000000377,0.022300000000000000377
45,-20,0.016699999999999999567,0.016699999999999999567
46,-20,0.03889999999999999708,0.03889999999999999708
47,-20,0.045999999999999999223,0.045999999999999999223
48,-20,0.047199999999999998901,0.047199999999999998901
49,-20,0.073800000000000004485,0.073800000000000004485
50,-20,0.09829999999999999849,0.09829999999999999849
51,-20,0.073499999999999995892,0.073499999999999995892
52,-20,0.22889999999999999236,0.22889999999999999236
53,-20,0.63460000000000005294,0.63460000000000005294
54,-20,0.71809999999999996056,0.71809999999999996056
55,-20,0.87039999999999995151,0.87039999999999995151
56,-20,0.98699999999999998845,0.98699999999999998845
57,-20,0.92300000000000004263,0.92300000000000004263
58,-20,0.93540000000000000924,0.93540000000000000924
59,-20,0.98729999999999995541,0.98729999999999995541
60,-20,0.95499999999999996003,0.95499999999999996003
61,-20,0.76019999999999998685,0.76019999999999998685
62,-20,0.91859999999999997211,0.91859999999999997211
63,-20,0.30370000000000002549,0.30370000000000002549
64,-20,0.099900000000000002687,0.099900000000000002687
65,-20,0.059099999999999999756,0.059099999999999999756
66,-20,0.225500000000000006,0.225500000000000006
67,-20,0.4079999999999999738,0.4079999999999999738
68,-20,0.5340000000000000302,0.5340000000000000302
69,-20,0.51780000000000003801,0.51780000000000003801
70,-20,0.60689999999999999503,0.60689999999999999503
-69,-18.75,0.70550000000000001599,0.70550000000000001599
-68,-18.75,0.70469999999999999307,0.70469999999999999307
-67,-18.75,0.62009999999999998455,0.62009999999999998455
-66,-18.75,0.63870000000000004547,0.63870000000000004547
-65,-18.75,0.85280000000000000249,0.85280000000000000249
-64,-18.75,0.76780000000000003801,0.76780000000000003801
-63,-18.75,0.7063000000000000389,0.7063000000000000389
-62,-18.75,0.67079999999999995186,0.67079999999999995186
-61,-18.75,0.51139999999999996572,0.51139999999999996572
-60,-18.75,0.6525999999999999579,0.6525999999999999579
-59,-18.75,0.80149999999999999023,0.80149999999999999023
-58,-18.75,0.96619999999999994778,0.96619999999999994778
-57,-18.75,0.97009999999999996234,0.97009999999999996234
-56,-18.75,0.92220000000000001972,0.92220000000000001972
-55,-18.75,0.69910000000000005471,0.69910000000000005471
-54,-18.75,0.66449999999999997957,0.66449999999999997957
-53,-18.75,0.47299999999999997602,0.47299999999999997602
-52,-18.75,0.52070000000000005169,0.52070000000000005169
-51,-18.75,0.71479999999999999094,0.71479999999999999094
-50,-18.75,0.65939999999999998614,0.65939999999999998614
-49,-18.75,0.70169999999999999041,0.70169999999999999041
-48,-18.75,0.64670000000000005258,0.64670000000000005258
-47,-18.75,0.76490000000000002434,0.76490000000000002434
-46,-18.75,0.96440000000000003499,0.96440000000000003499
-45,-18.75,0.92000000000000003997,0.92000000000000003997
-44,-18.75,0.53520000000000000906,0.53520000000000000906
-43,-18.75,0.49580000000000001847,0.49580000000000001847
-42,-18.75,0.58740000000000003322,0.58740000000000003322
-41,-18.75,0.70499999999999996003,0.70499999999999996003
-40,-18.75,0.64690000000000003055,0.64690000000000003055
-39,-18.75,0.82920000000000004814,0.82920000000000004814
-38,-18.75,0.58809999999999995612,0.58809999999999995612
-37,-18.75,0.61060000000000003162,0.61060000000000003162
-36,-18.75,0.46620000000000000329,0.46620000000000000329
-35,-18.75,0.43980000000000002425,0.43980000000000002425
-34,-18.75,0.42509999999999997788,0.42509999999999997788
-33,-18.75,0.4365999999999999881,0.4365999999999999881
-32,-18.75,0.26969999999999999529,0.26969999999999999529
-31,-18.75,0.10359999999999999765,0.10359999999999999765
-30,-18.75,0.16089999999999998748,0.16089999999999998748
-29,-18.75,0.33650000000000002132,0.33650000000000002132
-28,-18.75,0.56850000000000000533,0.56850000000000000533
-27,-18.75,0.58960000000000001297,0.58960000000000001297
-26,-18.75,0.38760000000000000009,0.38760000000000000009
-25,-18.75,0.09790000000000000091,0.09790000000000000091
-24,-18.75,0.056399999999999998745,0.056399999999999998745
-23,-18.75,0.0567000000000000004,0.0567000000000000004
-22,-18.75,0.10240000000000000491,0.10240000000000000491
-21,-18.75,0.2795000000000000262,0.2795000000000000262
-20,-18.75,0.74050000000000004707,0.74050000000000004707
-19,-18.75,0.88810000000000000053,0.88810000000000000053
-18,-18.75,0.35470000000000001528,0.35470000000000001528
-17,-18.75,0.18599999999999999867,0.18599999999999999867
-16,-18.75,0.6865999999999999881,0.6865999999999999881
-15,-18.75,0.94310000000000004938,0.94310000000000004938
-14,-18.75,0.99329999999999996074,0.99329999999999996074
-13,-18.75,0.87529999999999996696,0.87529999999999996696
-12,-18.75,0.84089999999999998082,0.84089999999999998082
-11,-18.75,0.88759999999999994458,0.88759999999999994458
-10,-18.75,0.93259999999999998455,0.93259999999999998455
-9,-18.75,0.9409999999999999476,0.9409999999999999476
-8,-18.75,0.96140000000000003233,0.96140000000000003233
-7,-18.75,0.96930000000000005045,0.96930000000000005045
-6,-18.75,0.9811999999999999611,0.9811999999999999611
-5,-18.75,0.98719999999999996643,0.98719999999999996643
-4,-18.75,0.9981999999999999762,0.9981999999999999762
-3,-18.75,0.95179999999999997939,0.95179999999999997939
-2,-18.75,0.42670000000000002371,0.42670000000000002371
-1,-18.75,0.11529999999999999971,0.11529999999999999971
0,-18.75,0.042400000000000000189,0.042400000000000000189
1,-18.75,0.030900000000000000383,0.030900000000000000383
2,-18.75,0.019300000000000001182,0.019300000000000001182
3,-18.75,0.040000000000000000833,0.040000000000000000833
4,-18.75,0.11169999999999999374,0.11169999999999999374
5,-18.75,0.20740000000000000102,0.20740000000000000102
6,-18.75,0.71289999999999997815,0.71289999999999997815
7,-18.75,0.94730000000000003091,0.94730000000000003091
8,-18.75,0.66790000000000004921,0.66790000000000004921
9,-18.75,0.96660000000000001474,0.96660000000000001474
10,-18.75,0.8731999999999999762,0.8731999999999999762
11,-18.75,0.7661000000000000032,0.7661000000000000032
12,-18.75,0.70789999999999997371,0.70789999999999997371
13,-18.75,0.6974000000000000199,0.6974000000000000199
14,-18.75,0.64439999999999997282,0.64439999999999997282
15,-18.75,0.66239999999999998881,0.66239999999999998881
16,-18.75,0.69010000000000004672,0.69010000000000004672
17,-18.75,0.79779999999999995364,0.79779999999999995364
18,-18.75,0.93169999999999997264,0.93169999999999997264
19,-18.75,0.80230000000000001315,0.80230000000000001315
20,-18.75,0.44679999999999997495,0.44679999999999997495
21,-18.75,0.30099999999999998979,0.30099999999999998979
22,-18.75,0.84350000000000002753,0.84350000000000002753
23,-18.75,0.98199999999999998401,0.98199999999999998401
24,-18.75,0.99709999999999998632,0.99709999999999998632
25,-18.75,0.93669999999999997708,0.93669999999999997708
26,-18.75,0.73129999999999995008,0.73129999999999995008
27,-18.75,0.34570000000000000728,0.34570000000000000728
28,-18.75,0.38760000000000000009,0.38760000000000000009
29,-18.75,0.47470000000000001084,0.47470000000000001084
30,-18.75,0.39700000000000001954,0.39700000000000001954
31,-18.75,0.4661000000000000143,0.4661000000000000143
32,-18.75,0.76019999999999998685,0.76019999999999998685
33,-18.75,0.92200000000000004174,0.92200000000000004174
34,-18.75,0.96360000000000001208,0.96360000000000001208
35,-18.75,0.76980000000000003979,0.76980000000000003979
36,-18.75,0.55330000000000001403,0.55330000000000001403
37,-18.75,0.61180000000000001048,0.61180000000000001048
38,-18.75,0.66649999999999998135,0.66649999999999998135
39,-18.75,0.6401999999999999913,0.6401999999999999913
40,-18.75,0.23069999999999998841,0.23069999999999998841
41,-18.75,0.044100000000000000311,0.044100000000000000311
42,-18.75,0.036100000000000000144,0.036100000000000000144
43,-18.75,0.056399999999999998745,0.056399999999999998745
44,-18.75,0.06869999999999999718,0.06869999999999999718
45,-18.75,0.024500000000000000944,0.024500000000000000944
46,-18.75,0.042799999999999997768,0.042799999999999997768
47,-18.75,0.061899999999999996692,0.061899999999999996692
48,-18.75,0.059700000000000003064,0.059700000000000003064
49,-18.75,0.083099999999999993316,0.083099999999999993316
50,-18.75,0.073999999999999996336,0.073999999999999996336
51,-18.75,0.051200000000000002454,0.051200000000000002454
52,-18.75,0.18110000000000001097,0.18110000000000001097
53,-18.75,0.46410000000000001252,0.46410000000000001252
54,-18.75,0.59060000000000001386,0.59060000000000001386
55,-18.75,0.90100000000000002309,0.90100000000000002309
56,-18.75,0.99839999999999995417,0.99839999999999995417
57,-18.75,0.99390000000000000568,0.99390000000000000568
58,-18.75,0.97170000000000000817,0.97170000000000000817
59,-18.75,0.99629999999999996341,0.99629999999999996341
60,-18.75,0.99370000000000002771,0.99370000000000002771
61,-18.75,0.80559999999999998277,0.80559999999999998277
62,-18.75,0.8474000000000000421,0.8474000000000000421
63,-18.75,0.30520000000000002682,0.30520000000000002682
64,-18.75,0.088900000000000006795,0.088900000000000006795
65,-18.75,0.055599999999999996647,0.055599999999999996647
66,-18.75,0.34660000000000001918,0.34660000000000001918
67,-18.75,0.2615999999999999992,0.2615999999999999992
68,-18.75,0.42849999999999999201,0.42849999999999999201
69,-18.75,0.50539999999999996039,0.50539999999999996039
70,-18.75,0.57120000000000004103,0.57120000000000004103
-69,-17.5,0.65420000000000000373,0.65420000000000000373
-68,-17.5,0.63890000000000002345,0.63890000000000002345
-67,-17.5,0.56459999999999999076,0.56459999999999999076
-66,-17.5,0.50570000000000003837,0.50570000000000003837
-65,-17.5,0.83399999999999996358,0.83399999999999996358
-64,-17.5,0.87990000000000001545,0.87990000000000001545
-63,-17.5,0.82850000000000001421,0.82850000000000001421
-62,-17.5,0.73109999999999997211,0.73109999999999997211
-61,-17.5,0.56910000000000005027,0.56910000000000005027
-60,-17.5,0.73289999999999999591,0.73289999999999999591
-59,-17.5,0.91129999999999999893,0.91129999999999999893
-58,-17.5,0.97619999999999995666,0.97619999999999995666
-57,-17.5,0.93999999999999994671,0.93999999999999994671
-56,-17.5,0.83069999999999999396,0.83069999999999999396
-55,-17.5,0.68620000000000003215,0.68620000000000003215
-54,-17.5,0.50060000000000004494,0.50060000000000004494
-53,-17.5,0.49499999999999999556,0.49499999999999999556
-52,-17.5,0.71299999999999996714,0.71299999999999996714
-51,-17.5,0.60960000000000003073,0.60960000000000003073
-50,-17.5,0.62350000000000005418,0.62350000000000005418
-49,-17.5,0.62609999999999998987,0.62609999999999998987
-48,-17.5,0.72089999999999998526,0.72089999999999998526
-47,-17.5,0.94089999999999995861,0.94089999999999995861
-46,-17.5,0.96030000000000004245,0.96030000000000004245
-45,-17.5,0.87270000000000003126,0.87270000000000003126
-44,-17.5,0.36940000000000000613,0.36940000000000000613
-43,-17.5,0.39340000000000002744,0.39340000000000002744
-42,-17.5,0.79559999999999997389,0.79559999999999997389
-41,-17.5,0.70179999999999997939,0.70179999999999997939
-40,-17.5,0.73680000000000001048,0.73680000000000001048
-39,-17.5,0.87529999999999996696,0.87529999999999996696
-38,-17.5,0.81420000000000003482,0.81420000000000003482
-37,-17.5,0.40529999999999999361,0.40529999999999999361
-36,-17.5,0.3624999999999999889,0.3624999999999999889
-35,-17.5,0.1839000000000000079,0.1839000000000000079
-34,-17.5,0.30109999999999997877,0.30109999999999997877
-33,-17.5,0.32729999999999997984,0.32729999999999997984
-32,-17.5,0.30680000000000001714,0.30680000000000001714
-31,-17.5,0.38829999999999997851,0.38829999999999997851
-30,-17.5,0.52190000000000003055,0.52190000000000003055
-29,-17.5,0.44640000000000001901,0.44640000000000001901
-28,-17.5,0.50539999999999996039,0.50539999999999996039
-27,-17.5,0.29049999999999998046,0.29049999999999998046
-26,-17.5,0.12759999999999999121,0.12759999999999999121
-25,-17.5,0.076200000000000003841,0.076200000000000003841
-24,-17.5,0.14280000000000001026,0.14280000000000001026
-23,-17.5,0.15329999999999999183,0.15329999999999999183
-22,-17.5,0.21679999999999999272,0.21679999999999999272
-21,-17.5,0.40379999999999999227,0.40379999999999999227
-20,-17.5,0.94789999999999996483,0.94789999999999996483
-19,-17.5,0.58379999999999998561,0.58379999999999998561
-18,-17.5,0.17489999999999999991,0.17489999999999999991
-17,-17.5,0.17169999999999999152,0.17169999999999999152
-16,-17.5,0.660800000000000054,0.660800000000000054
-15,-17.5,0.99439999999999995062,0.99439999999999995062
-14,-17.5,0.97250000000000003109,0.97250000000000003109
-13,-17.5,0.90629999999999999449,0.90629999999999999449
-12,-17.5,0.87570000000000003393,0.87570000000000003393
-11,-17.5,0.85789999999999999591,0.85789999999999999591
-10,-17.5,0.94399999999999995026,0.94399999999999995026
-9,-17.5,0.91620000000000001439,0.91620000000000001439
-8,-17.5,0.94389999999999996128,0.94389999999999996128
-7,-17.5,0.98570000000000002061,0.98570000000000002061
-6,-17.5,0.98150000000000003908,0.98150000000000003908
-5,-17.5,0.99209999999999998188,0.99209999999999998188
-4,-17.5,0.99170000000000002593,0.99170000000000002593
-3,-17.5,0.67379999999999995453,0.67379999999999995453
-2,-17.5,0.25850000000000000755,0.25850000000000000755
-1,-17.5,0.076399999999999995692,0.076399999999999995692
0,-17.5,0.033000000000000001554,0.033000000000000001554
1,-17.5,0.028400000000000001632,0.028400000000000001632
2,-17.5,0.018499999999999999084,0.018499999999999999084
3,-17.5,0.036799999999999999378,0.036799999999999999378
4,-17.5,0.12330000000000000682,0.12330000000000000682
5,-17.5,0.20050000000000001155,0.20050000000000001155
6,-17.5,0.36020000000000002016,0.36020000000000002016
7,-17.5,0.78729999999999999982,0.78729999999999999982
8,-17.5,0.8768000000000000238,0.8768000000000000238
9,-17.5,0.95130000000000003446,0.95130000000000003446
10,-17.5,0.88160000000000005027,0.88160000000000005027
11,-17.5,0.71809999999999996056,0.71809999999999996056
12,-17.5,0.64580000000000004068,0.64580000000000004068
13,-17.5,0.69510000000000005116,0.69510000000000005116
14,-17.5,0.72350000000000003197,0.72350000000000003197
15,-17.5,0.65610000000000001652,0.65610000000000001652
16,-17.5,0.66500000000000003553,0.66500000000000003553
17,-17.5,0.76049999999999995381,0.76049999999999995381
18,-17.5,0.80389999999999994795,0.80389999999999994795
19,-17.5,0.47539999999999998925,0.47539999999999998925
20,-17.5,0.19650000000000000799,0.19650000000000000799
21,-17.5,0.15729999999999999538,0.15729999999999999538
22,-17.5,0.51739999999999997105,0.51739999999999997105
23,-17.5,0.73589999999999999858,0.73589999999999999858
24,-17.5,0.60219999999999995755,0.60219999999999995755
25,-17.5,0.88949999999999995737,0.88949999999999995737
26,-17.5,0.72209999999999996412,0.72209999999999996412
27,-17.5,0.49230000000000001537,0.49230000000000001537
28,-17.5,0.92020000000000001794,0.92020000000000001794
29,-17.5,0.78129999999999999449,0.78129999999999999449
30,-17.5,0.71109999999999995435,0.71109999999999995435
31,-17.5,0.65010000000000001119,0.65010000000000001119
32,-17.5,0.89929999999999998828,0.89929999999999998828
33,-17.5,0.93979999999999996874,0.93979999999999996874
34,-17.5,0.98580000000000000959,0.98580000000000000959
35,-17.5,0.94940000000000002167,0.94940000000000002167
36,-17.5,0.71819999999999994955,0.71819999999999994955
37,-17.5,0.72379999999999999893,0.72379999999999999893
38,-17.5,0.76180000000000003268,0.76180000000000003268
39,-17.5,0.55189999999999994618,0.55189999999999994618
40,-17.5,0.20169999999999999041,0.20169999999999999041
41,-17.5,0.039600000000000003253,0.039600000000000003253
42,-17.5,0.022999999999999999611,0.022999999999999999611
43,-17.5,0.045299999999999999989,0.045299999999999999989
44,-17.5,0.06579999999999999738,0.06579999999999999738
45,-17.5,0.043099999999999999423,0.043099999999999999423
46,-17.5,0.038800000000000001155,0.038800000000000001155
47,-17.5,0.050000000000000002776,0.050000000000000002776
48,-17.5,0.081799999999999997713,0.081799999999999997713
49,-17.5,0.11390000000000000124,0.11390000000000000124
50,-17.5,0.069400000000000003353,0.069400000000000003353
51,-17.5,0.039300000000000001599,0.039300000000000001599
52,-17.5,0.071300000000000002265,0.071300000000000002265
53,-17.5,0.20169999999999999041,0.20169999999999999041
54,-17.5,0.37340000000000000968,0.37340000000000000968
55,-17.5,0.79700000000000004174,0.79700000000000004174
56,-17.5,0.99329999999999996074,0.99329999999999996074
57,-17.5,0.99229999999999995985,0.99229999999999995985
58,-17.5,0.98589999999999999858,0.98589999999999999858
59,-17.5,0.99990000000000001101,0.99990000000000001101
60,-17.5,0.98380000000000000782,0.98380000000000000782
61,-17.5,0.82189999999999996394,0.82189999999999996394
62,-17.5,0.76600000000000001421,0.76600000000000001421
63,-17.5,0.27019999999999999574,0.27019999999999999574
64,-17.5,0.08920000000000000151,0.08920000000000000151
65,-17.5,0.75119999999999997886,0.75119999999999997886
66,-17.5,0.41499999999999998002,0.41499999999999998002
67,-17.5,0.17760000000000000786,0.17760000000000000786
68,-17.5,0.32540000000000002256,0.32540000000000002256
69,-17.5,0.48170000000000001705,0.48170000000000001705
70,-17.5,0.52800000000000002487,0.52800000000000002487
-69,-16.25,0.58740000000000003322,0.58740000000000003322
-68,-16.25,0.5813000000000000389,0.5813000000000000389
-67,-16.25,0.47830000000000000293,0.47830000000000000293
-66,-16.25,0.42430000000000001048,0.42430000000000001048
-65,-16.25,0.82509999999999994458,0.82509999999999994458
-64,-16.25,0.93669999999999997708,0.93669999999999997708
-63,-16.25,0.87329999999999996518,0.87329999999999996518
-62,-16.25,0.83179999999999998384,0.83179999999999998384
-61,-16.25,0.65800000000000002931,0.65800000000000002931
-60,-16.25,0.79139999999999999236,0.79139999999999999236
-59,-16.25,0.92200000000000004174,0.92200000000000004174
-58,-16.25,0.84209999999999995968,0.84209999999999995968
-57,-16.25,0.76980000000000003979,0.76980000000000003979
-56,-16.25,0.88539999999999996483,0.88539999999999996483
-55,-16.25,0.76819999999999999396,0.76819999999999999396
-54,-16.25,0.53559999999999996501,0.53559999999999996501
-53,-16.25,0.48940000000000000169,0.48940000000000000169
-52,-16.25,0.72560000000000002274,0.72560000000000002274
-51,-16.25,0.83120000000000004992,0.83120000000000004992
-50,-16.25,0.71179999999999998828,0.71179999999999998828
-49,-16.25,0.53339999999999998526,0.53339999999999998526
-48,-16.25,0.75590000000000001634,0.75590000000000001634
-47,-16.25,0.93100000000000004974,0.93100000000000004974
-46,-16.25,0.87760000000000004672,0.87760000000000004672
-45,-16.25,0.54039999999999999147,0.54039999999999999147
-44,-16.25,0.15440000000000000946,0.15440000000000000946
-43,-16.25,0.45119999999999998996,0.45119999999999998996
-42,-16.25,0.71740000000000003766,0.71740000000000003766
-41,-16.25,0.53959999999999996856,0.53959999999999996856
-40,-16.25,0.92020000000000001794,0.92020000000000001794
-39,-16.25,0.93589999999999995417,0.93589999999999995417
-38,-16.25,0.60460000000000002629,0.60460000000000002629
-37,-16.25,0.25890000000000001901,0.25890000000000001901
-36,-16.25,0.39750000000000001998,0.39750000000000001998
-35,-16.25,0.10090000000000000357,0.10090000000000000357
-34,-16.25,0.24160000000000000919,0.24160000000000000919
-33,-16.25,0.3456000000000000183,0.3456000000000000183
-32,-16.25,0.61639999999999994795,0.61639999999999994795
-31,-16.25,0.74960000000000004405,0.74960000000000004405
-30,-16.25,0.74619999999999997442,0.74619999999999997442
-29,-16.25,0.63780000000000003357,0.63780000000000003357
-28,-16.25,0.60560000000000002718,0.60560000000000002718
-27,-16.25,0.42270000000000002016,0.42270000000000002016
-26,-16.25,0.35239999999999999103,0.35239999999999999103
-25,-16.25,0.23569999999999999285,0.23569999999999999285
-24,-16.25,0.11150000000000000189,0.11150000000000000189
-23,-16.25,0.098199999999999995626,0.098199999999999995626
-22,-16.25,0.35759999999999997344,0.35759999999999997344
-21,-16.25,0.79659999999999997478,0.79659999999999997478
-20,-16.25,0.81659999999999999254,0.81659999999999999254
-19,-16.25,0.34120000000000000329,0.34120000000000000329
-18,-16.25,0.18590000000000000968,0.18590000000000000968
-17,-16.25,0.39000000000000001332,0.39000000000000001332
-16,-16.25,0.85440000000000004832,0.85440000000000004832
-15,-16.25,0.9972999999999999643,0.9972999999999999643
-14,-16.25,0.93940000000000001279,0.93940000000000001279
-13,-16.25,0.81889999999999996128,0.81889999999999996128
-12,-16.25,0.84019999999999994689,0.84019999999999994689
-11,-16.25,0.87600000000000000089,0.87600000000000000089
-10,-16.25,0.9331000000000000405,0.9331000000000000405
-9,-16.25,0.95650000000000001688,0.95650000000000001688
-8,-16.25,0.98160000000000002807,0.98160000000000002807
-7,-16.25,0.93859999999999998987,0.93859999999999998987
-6,-16.25,0.9143000000000000016,0.9143000000000000016
-5,-16.25,0.97719999999999995755,0.97719999999999995755
-4,-16.25,0.95240000000000002434,0.95240000000000002434
-3,-16.25,0.53790000000000004476,0.53790000000000004476
-2,-16.25,0.23109999999999999987,0.23109999999999999987
-1,-16.25,0.11550000000000000544,0.11550000000000000544
0,-16.25,0.057200000000000000844,0.057200000000000000844
1,-16.25,0.032000000000000000666,0.032000000000000000666
2,-16.25,0.022800000000000000822,0.022800000000000000822
3,-16.25,0.043200000000000002287,0.043200000000000002287
4,-16.25,0.25069999999999997842,0.25069999999999997842
5,-16.25,0.17979999999999998761,0.17979999999999998761
6,-16.25,0.15790000000000001257,0.15790000000000001257
7,-16.25,0.14610000000000000764,0.14610000000000000764
8,-16.25,0.732099999999999973,0.732099999999999973
9,-16.25,0.50919999999999998597,0.50919999999999998597
10,-16.25,0.40949999999999997513,0.40949999999999997513
11,-16.25,0.46039999999999997593,0.46039999999999997593
12,-16.25,0.68679999999999996607,0.68679999999999996607
13,-16.25,0.74809999999999998721,0.74809999999999998721
14,-16.25,0.65959999999999996412,0.65959999999999996412
15,-16.25,0.54259999999999997122,0.54259999999999997122
16,-16.25,0.53979999999999994653,0.53979999999999994653
17,-16.25,0.64090000000000002522,0.64090000000000002522
18,-16.25,0.82840000000000002522,0.82840000000000002522
19,-16.25,0.58050000000000001599,0.58050000000000001599
20,-16.25,0.38900000000000001243,0.38900000000000001243
21,-16.25,0.47920000000000001483,0.47920000000000001483
22,-16.25,0.44429999999999997273,0.44429999999999997273
23,-16.25,0.192000000000000004,0.192000000000000004
24,-16.25,0.51800000000000001599,0.51800000000000001599
25,-16.25,0.79530000000000000693,0.79530000000000000693
26,-16.25,0.82599999999999995648,0.82599999999999995648
27,-16.25,0.53890000000000004565,0.53890000000000004565
28,-16.25,0.57940000000000002611,0.57940000000000002611
29,-16.25,0.95569999999999999396,0.95569999999999999396
30,-16.25,0.88160000000000005027,0.88160000000000005027
31,-16.25,0.83209999999999995079,0.83209999999999995079
32,-16.25,0.97750000000000003553,0.97750000000000003553
33,-16.25,0.84919999999999995488,0.84919999999999995488
34,-16.25,0.92039999999999999591,0.92039999999999999591
35,-16.25,0.92700000000000004619,0.92700000000000004619
36,-16.25,0.83830000000000004512,0.83830000000000004512
37,-16.25,0.68079999999999996074,0.68079999999999996074
38,-16.25,0.71550000000000002487,0.71550000000000002487
39,-16.25,0.6197000000000000286,0.6197000000000000286
40,-16.25,0.24499999999999999556,0.24499999999999999556
41,-16.25,0.032800000000000002764,0.032800000000000002764
42,-16.25,0.014999999999999999445,0.014999999999999999445
43,-16.25,0.024299999999999998684,0.024299999999999998684
44,-16.25,0.030800000000000000988,0.030800000000000000988
45,-16.25,0.039899999999999997968,0.039899999999999997968
46,-16.25,0.032099999999999996592,0.032099999999999996592
47,-16.25,0.06289999999999999758,0.06289999999999999758
48,-16.25,0.11290000000000000036,0.11290000000000000036
49,-16.25,0.18379999999999999116,0.18379999999999999116
50,-16.25,0.15310000000000001386,0.15310000000000001386
51,-16.25,0.091600000000000000866,0.091600000000000000866
52,-16.25,0.058400000000000000522,0.058400000000000000522
53,-16.25,0.10150000000000000688,0.10150000000000000688
54,-16.25,0.29339999999999999414,0.29339999999999999414
55,-16.25,0.61029999999999995364,0.61029999999999995364
56,-16.25,0.84870000000000000995,0.84870000000000000995
57,-16.25,0.8768000000000000238,0.8768000000000000238
58,-16.25,0.96040000000000003144,0.96040000000000003144
59,-16.25,0.97809999999999996945,0.97809999999999996945
60,-16.25,0.9972999999999999643,0.9972999999999999643
61,-16.25,0.85319999999999995843,0.85319999999999995843
62,-16.25,0.78979999999999994653,0.78979999999999994653
63,-16.25,0.39169999999999999263,0.39169999999999999263
64,-16.25,0.3160999999999999921,0.3160999999999999921
65,-16.25,0.93810000000000004494,0.93810000000000004494
66,-16.25,0.5349000000000000421,0.5349000000000000421
67,-16.25,0.15199999999999999623,0.15199999999999999623
68,-16.25,0.26279999999999997806,0.26279999999999997806
69,-16.25,0.49440000000000000613,0.49440000000000000613
70,-16.25,0.4597999999999999865,0.4597999999999999865
-69,-15,0.53259999999999996234,0.53259999999999996234
-68,-15,0.53020000000000000462,0.53020000000000000462
-67,-15,0.32919999999999999263,0.32919999999999999263
-66,-15,0.40560000000000001608,0.40560000000000001608
-65,-15,0.79230000000000000426,0.79230000000000000426
-64,-15,0.91400000000000003464,0.91400000000000003464
-63,-15,0.91830000000000000515,0.91830000000000000515
-62,-15,0.94140000000000001457,0.94140000000000001457
-61,-15,0.72809999999999996945,0.72809999999999996945
-60,-15,0.71799999999999997158,0.71799999999999997158
-59,-15,0.76180000000000003268,0.76180000000000003268
-58,-15,0.63039999999999996039,0.63039999999999996039
-57,-15,0.52680000000000004601,0.52680000000000004601
-56,-15,0.73909999999999997922,0.73909999999999997922
-55,-15,0.72980000000000000426,0.72980000000000000426
-54,-15,0.57830000000000003624,0.57830000000000003624
-53,-15,0.55600000000000004974,0.55600000000000004974
-52,-15,0.75,0.75
-51,-15,0.70299999999999995826,0.70299999999999995826
-50,-15,0.7534999999999999476,0.7534999999999999476
-49,-15,0.49430000000000001714,0.49430000000000001714
-48,-15,0.55030000000000001137,0.55030000000000001137
-47,-15,0.91979999999999995097,0.91979999999999995097
-46,-15,0.76619999999999999218,0.76619999999999999218
-45,-15,0.25829999999999997407,0.25829999999999997407
-44,-15,0.13619999999999998774,0.13619999999999998774
-43,-15,0.51209999999999999964,0.51209999999999999964
-42,-15,0.43719999999999997753,0.43719999999999997753
-41,-15,0.48010000000000002673,0.48010000000000002673
-40,-15,0.88229999999999997318,0.88229999999999997318
-39,-15,0.78169999999999995044,0.78169999999999995044
-38,-15,0.28520000000000000906,0.28520000000000000906
-37,-15,0.25809999999999999609,0.25809999999999999609
-36,-15,0.16079999999999999849,0.16079999999999999849
-35,-15,0.075399999999999994804,0.075399999999999994804
-34,-15,0.32350000000000000977,0.32350000000000000977
-33,-15,0.52449999999999996625,0.52449999999999996625
-32,-15,0.87790000000000001368,0.87790000000000001368
-31,-15,0.85829999999999995186,0.85829999999999995186
-30,-15,0.8001000000000000334,0.8001000000000000334
-29,-15,0.5786000000000000032,0.5786000000000000032
-28,-15,0.73729999999999995541,0.73729999999999995541
-27,-15,0.66530000000000000249,0.66530000000000000249
-26,-15,0.62050000000000005151,0.62050000000000005151
-25,-15,0.41110000000000002096,0.41110000000000002096
-24,-15,0.33060000000000000497,0.33060000000000000497
-23,-15,0.18890000000000001235,0.18890000000000001235
-22,-15,0.33870000000000000107,0.33870000000000000107
-21,-15,0.94079999999999996962,0.94079999999999996962
-20,-15,0.6036000000000000254,0.6036000000000000254
-19,-15,0.49949999999999999956,0.49949999999999999956
-18,-15,0.27479999999999998872,0.27479999999999998872
-17,-15,0.52790000000000003588,0.52790000000000003588
-16,-15,0.84170000000000000373,0.84170000000000000373
-15,-15,0.94930000000000003268,0.94930000000000003268
-14,-15,0.84730000000000005311,0.84730000000000005311
-13,-15,0.81799999999999994937,0.81799999999999994937
-12,-15,0.92369999999999996554,0.92369999999999996554
-11,-15,0.97609999999999996767,0.97609999999999996767
-10,-15,0.97989999999999999325,0.97989999999999999325
-9,-15,0.96319999999999994511,0.96319999999999994511
-8,-15,0.95140000000000002345,0.95140000000000002345
-7,-15,0.8125,0.8125
-6,-15,0.89419999999999999485,0.89419999999999999485
-5,-15,0.97309999999999996501,0.97309999999999996501
-4,-15,0.9668999999999999817,0.9668999999999999817
-3,-15,0.58240000000000002878,0.58240000000000002878
-2,-15,0.21029999999999998694,0.21029999999999998694
-1,-15,0.10559999999999999942,0.10559999999999999942
0,-15,0.064299999999999996048,0.064299999999999996048
1,-15,0.018200000000000000899,0.018200000000000000899
2,-15,0.015800000000000001543,0.015800000000000001543
3,-15,0.037100000000000001033,0.037100000000000001033
4,-15,0.13709999999999999964,0.13709999999999999964
5,-15,0.086199999999999998845,0.086199999999999998845
6,-15,0.038300000000000000711,0.038300000000000000711
7,-15,0.042799999999999997768,0.042799999999999997768
8,-15,0.21460000000000001297,0.21460000000000001297
9,-15,0.48570000000000002061,0.48570000000000002061
10,-15,0.081299999999999997269,0.081299999999999997269
11,-15,0.18779999999999999472,0.18779999999999999472
12,-15,0.7036000000000000032,0.7036000000000000032
13,-15,0.73939999999999994618,0.73939999999999994618
14,-15,0.65010000000000001119,0.65010000000000001119
15,-15,0.58819999999999994511,0.58819999999999994511
16,-15,0.56789999999999996039,0.56789999999999996039
17,-15,0.6188000000000000167,0.6188000000000000167
18,-15,0.59209999999999995968,0.59209999999999995968
19,-15,0.83779999999999998916,0.83779999999999998916
20,-15,0.9848000000000000087,0.9848000000000000087
21,-15,0.98529999999999995364,0.98529999999999995364
22,-15,0.98599999999999998757,0.98599999999999998757
23,-15,0.84640000000000004121,0.84640000000000004121
24,-15,0.53939999999999999059,0.53939999999999999059
25,-15,0.83979999999999999094,0.83979999999999999094
26,-15,0.973300000000000054,0.973300000000000054
27,-15,0.81320000000000003393,0.81320000000000003393
28,-15,0.9572000000000000508,0.9572000000000000508
29,-15,0.98170000000000001705,0.98170000000000001705
30,-15,0.98960000000000003517,0.98960000000000003517
31,-15,0.9597999999999999865,0.9597999999999999865
32,-15,0.90039999999999997815,0.90039999999999997815
33,-15,0.81379999999999996785,0.81379999999999996785
34,-15,0.8347999999999999865,0.8347999999999999865
35,-15,0.95679999999999998384,0.95679999999999998384
36,-15,0.87709999999999999076,0.87709999999999999076
37,-15,0.7534999999999999476,0.7534999999999999476
38,-15,0.61960000000000003961,0.61960000000000003961
39,-15,0.68999999999999994671,0.68999999999999994671
40,-15,0.21169999999999999929,0.21169999999999999929
41,-15,0.027500000000000000139,0.027500000000000000139
42,-15,0.011400000000000000411,0.011400000000000000411
43,-15,0.0094999999999999997641,0.0094999999999999997641
44,-15,0.031899999999999997802,0.031899999999999997802
45,-15,0.043200000000000002287,0.043200000000000002287
46,-15,0.058599999999999999312,0.058599999999999999312
47,-15,0.086199999999999998845,0.086199999999999998845
48,-15,0.12270000000000000351,0.12270000000000000351
49,-15,0.15249999999999999667,0.15249999999999999667
50,-15,0.105999999999999997,0.105999999999999997
51,-15,0.15090000000000000635,0.15090000000000000635
52,-15,0.17289999999999999813,0.17289999999999999813
53,-15,0.15359999999999998654,0.15359999999999998654
54,-15,0.2393000000000000127,0.2393000000000000127
55,-15,0.41639999999999999236,0.41639999999999999236
56,-15,0.61040000000000005365,0.61040000000000005365
57,-15,0.70809999999999995168,0.70809999999999995168
58,-15,0.87600000000000000089,0.87600000000000000089
59,-15,0.80889999999999995239,0.80889999999999995239
60,-15,0.85019999999999995577,0.85019999999999995577
61,-15,0.88690000000000002167,0.88690000000000002167
62,-15,0.82750000000000001332,0.82750000000000001332
63,-15,0.60909999999999997478,0.60909999999999997478
64,-15,0.4393000000000000238,0.4393000000000000238
65,-15,0.93820000000000003393,0.93820000000000003393
66,-15,0.38619999999999998774,0.38619999999999998774
67,-15,0.11669999999999999818,0.11669999999999999818
68,-15,0.20449999999999998734,0.20449999999999998734
69,-15,0.52359999999999995435,0.52359999999999995435
70,-15,0.41930000000000000604,0.41930000000000000604
-69,-13.75,0.49899999999999999911,0.49899999999999999911
-68,-13.75,0.46960000000000001741,0.46960000000000001741
-67,-13.75,0.25140000000000001235,0.25140000000000001235
-66,-13.75,0.41549999999999998046,0.41549999999999998046
-65,-13.75,0.74750000000000005329,0.74750000000000005329
-64,-13.75,0.89849999999999996536,0.89849999999999996536
-63,-13.75,0.96319999999999994511,0.96319999999999994511
-62,-13.75,0.93410000000000004139,0.93410000000000004139
-61,-13.75,0.8508999999999999897,0.8508999999999999897
-60,-13.75,0.7153000000000000469,0.7153000000000000469
-59,-13.75,0.61550000000000004707,0.61550000000000004707
-58,-13.75,0.5123999999999999666,0.5123999999999999666
-57,-13.75,0.46060000000000000941,0.46060000000000000941
-56,-13.75,0.59270000000000000462,0.59270000000000000462
-55,-13.75,0.67800000000000004707,0.67800000000000004707
-54,-13.75,0.56399999999999994582,0.56399999999999994582
-53,-13.75,0.54739999999999999769,0.54739999999999999769
-52,-13.75,0.73960000000000003517,0.73960000000000003517
-51,-13.75,0.74209999999999998188,0.74209999999999998188
-50,-13.75,0.69850000000000000977,0.69850000000000000977
-49,-13.75,0.47720000000000001306,0.47720000000000001306
-48,-13.75,0.40920000000000000817,0.40920000000000000817
-47,-13.75,0.94059999999999999165,0.94059999999999999165
-46,-13.75,0.90039999999999997815,0.90039999999999997815
-45,-13.75,0.29360000000000002762,0.29360000000000002762
-44,-13.75,0.26140000000000002123,0.26140000000000002123
-43,-13.75,0.44629999999999997451,0.44629999999999997451
-42,-13.75,0.15650000000000000022,0.15650000000000000022
-41,-13.75,0.28139999999999998348,0.28139999999999998348
-40,-13.75,0.70009999999999994458,0.70009999999999994458
-39,-13.75,0.73890000000000000124,0.73890000000000000124
-38,-13.75,0.31900000000000000577,0.31900000000000000577
-37,-13.75,0.29030000000000000249,0.29030000000000000249
-36,-13.75,0.11730000000000000149,0.11730000000000000149
-35,-13.75,0.27219999999999999751,0.27219999999999999751
-34,-13.75,0.57069999999999998508,0.57069999999999998508
-33,-13.75,0.69720000000000004192,0.69720000000000004192
-32,-13.75,0.83499999999999996447,0.83499999999999996447
-31,-13.75,0.91129999999999999893,0.91129999999999999893
-30,-13.75,0.90010000000000001119,0.90010000000000001119
-29,-13.75,0.81859999999999999432,0.81859999999999999432
-28,-13.75,0.83560000000000000941,0.83560000000000000941
-27,-13.75,0.48589999999999999858,0.48589999999999999858
-26,-13.75,0.44330000000000002736,0.44330000000000002736
-25,-13.75,0.63619999999999998774,0.63619999999999998774
-24,-13.75,0.48870000000000002327,0.48870000000000002327
-23,-13.75,0.14929999999999998828,0.14929999999999998828
-22,-13.75,0.45550000000000001599,0.45550000000000001599
-21,-13.75,0.7382999999999999563,0.7382999999999999563
-20,-13.75,0.44809999999999999831,0.44809999999999999831
-19,-13.75,0.4107000000000000095,0.4107000000000000095
-18,-13.75,0.43830000000000002292,0.43830000000000002292
-17,-13.75,0.59860000000000002096,0.59860000000000002096
-16,-13.75,0.90220000000000000195,0.90220000000000000195
-15,-13.75,0.86629999999999995897,0.86629999999999995897
-14,-13.75,0.78039999999999998259,0.78039999999999998259
-13,-13.75,0.89349999999999996092,0.89349999999999996092
-12,-13.75,0.91549999999999998046,0.91549999999999998046
-11,-13.75,0.98270000000000001794,0.98270000000000001794
-10,-13.75,0.90949999999999997513,0.90949999999999997513
-9,-13.75,0.92820000000000002505,0.92820000000000002505
-8,-13.75,0.80130000000000001226,0.80130000000000001226
-7,-13.75,0.7277000000000000135,0.7277000000000000135
-6,-13.75,0.89649999999999996358,0.89649999999999996358
-5,-13.75,0.98440000000000005276,0.98440000000000005276
-4,-13.75,0.99619999999999997442,0.99619999999999997442
-3,-13.75,0.72089999999999998526,0.72089999999999998526
-2,-13.75,0.18590000000000000968,0.18590000000000000968
-1,-13.75,0.079299999999999995492,0.079299999999999995492
0,-13.75,0.048500000000000001443,0.048500000000000001443
1,-13.75,0.013400000000000000452,0.013400000000000000452
2,-13.75,0.010500000000000000652,0.010500000000000000652
3,-13.75,0.016400000000000001382,0.016400000000000001382
4,-13.75,0.014800000000000000655,0.014800000000000000655
5,-13.75,0.031399999999999997358,0.031399999999999997358
6,-13.75,0.022300000000000000377,0.022300000000000000377
7,-13.75,0.022499999999999999167,0.022499999999999999167
8,-13.75,0.018800000000000000738,0.018800000000000000738
9,-13.75,0.34789999999999998703,0.34789999999999998703
10,-13.75,0.042500000000000003053,0.042500000000000003053
11,-13.75,0.13989999999999999658,0.13989999999999999658
12,-13.75,0.48149999999999998357,0.48149999999999998357
13,-13.75,0.66859999999999997211,0.66859999999999997211
14,-13.75,0.64229999999999998206,0.64229999999999998206
15,-13.75,0.62809999999999999165,0.62809999999999999165
16,-13.75,0.65039999999999997815,0.65039999999999997815
17,-13.75,0.66679999999999994831,0.66679999999999994831
18,-13.75,0.64270000000000004903,0.64270000000000004903
19,-13.75,0.61929999999999996163,0.61929999999999996163
20,-13.75,0.95079999999999997851,0.95079999999999997851
21,-13.75,0.99399999999999999467,0.99399999999999999467
22,-13.75,0.74019999999999996909,0.74019999999999996909
23,-13.75,0.75129999999999996785,0.75129999999999996785
24,-13.75,0.79269999999999996021,0.79269999999999996021
25,-13.75,0.93020000000000002682,0.93020000000000002682
26,-13.75,0.63970000000000004636,0.63970000000000004636
27,-13.75,0.4900999999999999801,0.4900999999999999801
28,-13.75,0.79379999999999995008,0.79379999999999995008
29,-13.75,0.92310000000000003162,0.92310000000000003162
30,-13.75,0.99329999999999996074,0.99329999999999996074
31,-13.75,0.9848000000000000087,0.9848000000000000087
32,-13.75,0.96499999999999996891,0.96499999999999996891
33,-13.75,0.93959999999999999076,0.93959999999999999076
34,-13.75,0.99160000000000003695,0.99160000000000003695
35,-13.75,0.9956000000000000405,0.9956000000000000405
36,-13.75,0.89239999999999997105,0.89239999999999997105
37,-13.75,0.69069999999999998064,0.69069999999999998064
38,-13.75,0.6061999999999999611,0.6061999999999999611
39,-13.75,0.62399999999999999911,0.62399999999999999911
40,-13.75,0.19120000000000000884,0.19120000000000000884
41,-13.75,0.028699999999999999817,0.028699999999999999817
42,-13.75,0.015400000000000000494,0.015400000000000000494
43,-13.75,0.014000000000000000291,0.014000000000000000291
44,-13.75,0.028299999999999998768,0.028299999999999998768
45,-13.75,0.052499999999999998057,0.052499999999999998057
46,-13.75,0.072099999999999997424,0.072099999999999997424
47,-13.75,0.095200000000000006839,0.095200000000000006839
48,-13.75,0.11200000000000000233,0.11200000000000000233
49,-13.75,0.10879999999999999394,0.10879999999999999394
50,-13.75,0.066500000000000003553,0.066500000000000003553
51,-13.75,0.10670000000000000318,0.10670000000000000318
52,-13.75,0.21260000000000001119,0.21260000000000001119
53,-13.75,0.23310000000000000164,0.23310000000000000164
54,-13.75,0.29239999999999999325,0.29239999999999999325
55,-13.75,0.37930000000000002602,0.37930000000000002602
56,-13.75,0.53800000000000003375,0.53800000000000003375
57,-13.75,0.52470000000000005524,0.52470000000000005524
58,-13.75,0.64249999999999996003,0.64249999999999996003
59,-13.75,0.55859999999999998543,0.55859999999999998543
60,-13.75,0.71099999999999996536,0.71099999999999996536
61,-13.75,0.97360000000000002096,0.97360000000000002096
62,-13.75,0.79300000000000003819,0.79300000000000003819
63,-13.75,0.60370000000000001439,0.60370000000000001439
64,-13.75,0.37099999999999999645,0.37099999999999999645
65,-13.75,0.74719999999999997531,0.74719999999999997531
66,-13.75,0.12449999999999999956,0.12449999999999999956
67,-13.75,0.067100000000000006861,0.067100000000000006861
68,-13.75,0.15679999999999999494,0.15679999999999999494
69,-13.75,0.40300000000000002487,0.40300000000000002487
70,-13.75,0.41299999999999997824,0.41299999999999997824
-69,-12.5,0.55530000000000001581,0.55530000000000001581
-68,-12.5,0.43169999999999997264,0.43169999999999997264
-67,-12.5,0.25050000000000000044,0.25050000000000000044
-66,-12.5,0.37230000000000001981,0.37230000000000001981
-65,-12.5,0.8090000000000000524,0.8090000000000000524
-64,-12.5,0.91330000000000000071,0.91330000000000000071
-63,-12.5,0.91679999999999994831,0.91679999999999994831
-62,-12.5,0.92279999999999995364,0.92279999999999995364
-61,-12.5,0.94199999999999994849,0.94199999999999994849
-60,-12.5,0.75909999999999999698,0.75909999999999999698
-59,-12.5,0.56889999999999996128,0.56889999999999996128
-58,-12.5,0.57999999999999996003,0.57999999999999996003
-57,-12.5,0.59789999999999998703,0.59789999999999998703
-56,-12.5,0.61809999999999998277,0.61809999999999998277
-55,-12.5,0.78080000000000004956,0.78080000000000004956
-54,-12.5,0.49790000000000000924,0.49790000000000000924
-53,-12.5,0.66679999999999994831,0.66679999999999994831
-52,-12.5,0.71879999999999999449,0.71879999999999999449
-51,-12.5,0.85240000000000004654,0.85240000000000004654
-50,-12.5,0.65329999999999999183,0.65329999999999999183
-49,-12.5,0.32359999999999999876,0.32359999999999999876
-48,-12.5,0.31559999999999999165,0.31559999999999999165
-47,-12.5,0.75100000000000000089,0.75100000000000000089
-46,-12.5,0.8115999999999999881,0.8115999999999999881
-45,-12.5,0.29220000000000001528,0.29220000000000001528
-44,-12.5,0.17000000000000001221,0.17000000000000001221
-43,-12.5,0.22959999999999999853,0.22959999999999999853
-42,-12.5,0.12670000000000000706,0.12670000000000000706
-41,-12.5,0.58560000000000000941,0.58560000000000000941
-40,-12.5,0.75249999999999994671,0.75249999999999994671
-39,-12.5,0.64029999999999998028,0.64029999999999998028
-38,-12.5,0.26879999999999998339,0.26879999999999998339
-37,-12.5,0.14440000000000000058,0.14440000000000000058
-36,-12.5,0.24560000000000001275,0.24560000000000001275
-35,-12.5,0.6831000000000000405,0.6831000000000000405
-34,-12.5,0.76180000000000003268,0.76180000000000003268
-33,-12.5,0.78210000000000001741,0.78210000000000001741
-32,-12.5,0.88560000000000005382,0.88560000000000005382
-31,-12.5,0.99119999999999996998,0.99119999999999996998
-30,-12.5,0.96030000000000004245,0.96030000000000004245
-29,-12.5,0.98109999999999997211,0.98109999999999997211
-28,-12.5,0.81369999999999997886,0.81369999999999997886
-27,-12.5,0.47199999999999997513,0.47199999999999997513
-26,-12.5,0.5070999999999999952,0.5070999999999999952
-25,-12.5,0.80369999999999996998,0.80369999999999996998
-24,-12.5,0.33500000000000001998,0.33500000000000001998
-23,-12.5,0.17089999999999999636,0.17089999999999999636
-22,-12.5,0.83520000000000005347,0.83520000000000005347
-21,-12.5,0.40710000000000001741,0.40710000000000001741
-20,-12.5,0.46229999999999998872,0.46229999999999998872
-19,-12.5,0.62490000000000001101,0.62490000000000001101
-18,-12.5,0.58109999999999994991,0.58109999999999994991
-17,-12.5,0.57799999999999995826,0.57799999999999995826
-16,-12.5,0.85399999999999998135,0.85399999999999998135
-15,-12.5,0.80469999999999997087,0.80469999999999997087
-14,-12.5,0.66910000000000002807,0.66910000000000002807
-13,-12.5,0.87419999999999997708,0.87419999999999997708
-12,-12.5,0.99770000000000003126,0.99770000000000003126
-11,-12.5,0.9402000000000000357,0.9402000000000000357
-10,-12.5,0.79539999999999999591,0.79539999999999999591
-9,-12.5,0.85480000000000000426,0.85480000000000000426
-8,-12.5,0.61639999999999994795,0.61639999999999994795
-7,-12.5,0.84050000000000002487,0.84050000000000002487
-6,-12.5,0.9427999999999999714,0.9427999999999999714
-5,-12.5,0.91510000000000002451,0.91510000000000002451
-4,-12.5,0.8322000000000000508,0.8322000000000000508
-3,-12.5,0.73170000000000001705,0.73170000000000001705
-2,-12.5,0.14660000000000000808,0.14660000000000000808
-1,-12.5,0.076999999999999999001,0.076999999999999999001
0,-12.5,0.050200000000000001565,0.050200000000000001565
1,-12.5,0.016099999999999999728,0.016099999999999999728
2,-12.5,0.0074000000000000003275,0.0074000000000000003275
3,-12.5,0.007799999999999999642,0.007799999999999999642
4,-12.5,0.0027000000000000001429,0.0027000000000000001429
5,-12.5,0.0054000000000000002859,0.0054000000000000002859
6,-12.5,0.0071999999999999998029,0.0071999999999999998029
7,-12.5,0.0088000000000000005301,0.0088000000000000005301
8,-12.5,0.013700000000000000372,0.013700000000000000372
9,-12.5,0.1146999999999999964,0.1146999999999999964
10,-12.5,0.031300000000000001432,0.031300000000000001432
11,-12.5,0.10530000000000000471,0.10530000000000000471
12,-12.5,0.50100000000000000089,0.50100000000000000089
13,-12.5,0.48180000000000000604,0.48180000000000000604
14,-12.5,0.52259999999999995346,0.52259999999999995346
15,-12.5,0.68549999999999999822,0.68549999999999999822
16,-12.5,0.69650000000000000799,0.69650000000000000799
17,-12.5,0.68669999999999997708,0.68669999999999997708
18,-12.5,0.60789999999999999591,0.60789999999999999591
19,-12.5,0.50809999999999999609,0.50809999999999999609
20,-12.5,0.89490000000000002878,0.89490000000000002878
21,-12.5,0.99870000000000003215,0.99870000000000003215
22,-12.5,0.82779999999999998028,0.82779999999999998028
23,-12.5,0.52119999999999999662,0.52119999999999999662
24,-12.5,0.39769999999999999796,0.39769999999999999796
25,-12.5,0.45069999999999998952,0.45069999999999998952
26,-12.5,0.58609999999999995435,0.58609999999999995435
27,-12.5,0.42370000000000002105,0.42370000000000002105
28,-12.5,0.58260000000000000675,0.58260000000000000675
29,-12.5,0.76959999999999995079,0.76959999999999995079
30,-12.5,0.93469999999999997531,0.93469999999999997531
31,-12.5,0.99429999999999996163,0.99429999999999996163
32,-12.5,0.99609999999999998543,0.99609999999999998543
33,-12.5,0.95760000000000000675,0.95760000000000000675
34,-12.5,0.99499999999999999556,0.99499999999999999556
35,-12.5,0.99250000000000004885,0.99250000000000004885
36,-12.5,0.90429999999999999272,0.90429999999999999272
37,-12.5,0.67830000000000001403,0.67830000000000001403
38,-12.5,0.58030000000000003801,0.58030000000000003801
39,-12.5,0.46850000000000002753,0.46850000000000002753
40,-12.5,0.15299999999999999711,0.15299999999999999711
41,-12.5,0.031199999999999998568,0.031199999999999998568
42,-12.5,0.012600000000000000089,0.012600000000000000089
43,-12.5,0.010000000000000000208,0.010000000000000000208
44,-12.5,0.035299999999999998046,0.035299999999999998046
45,-12.5,0.048399999999999998579,0.048399999999999998579
46,-12.5,0.063299999999999995159,0.063299999999999995159
47,-12.5,0.1146999999999999964,0.1146999999999999964
48,-12.5,0.094000000000000000222,0.094000000000000000222
49,-12.5,0.087199999999999999734,0.087199999999999999734
50,-12.5,0.066400000000000000688,0.066400000000000000688
51,-12.5,0.088099999999999997757,0.088099999999999997757
52,-12.5,0.14010000000000000231,0.14010000000000000231
53,-12.5,0.21210000000000001075,0.21210000000000001075
54,-12.5,0.20469999999999999307,0.20469999999999999307
55,-12.5,0.31109999999999998765,0.31109999999999998765
56,-12.5,0.45710000000000000631,0.45710000000000000631
57,-12.5,0.36470000000000002416,0.36470000000000002416
58,-12.5,0.30490000000000000435,0.30490000000000000435
59,-12.5,0.31480000000000002425,0.31480000000000002425
60,-12.5,0.48780000000000001137,0.48780000000000001137
61,-12.5,0.97440000000000004388,0.97440000000000004388
62,-12.5,0.69750000000000000888,0.69750000000000000888
63,-12.5,0.54469999999999996199,0.54469999999999996199
64,-12.5,0.41589999999999999192,0.41589999999999999192
65,-12.5,0.37230000000000001981,0.37230000000000001981
66,-12.5,0.097799999999999998046,0.097799999999999998046
67,-12.5,0.062199999999999998346,0.062199999999999998346
68,-12.5,0.16359999999999999543,0.16359999999999999543
69,-12.5,0.34050000000000002487,0.34050000000000002487
70,-12.5,0.31569999999999998064,0.31569999999999998064
-69,-11.25,0.6284999999999999476,0.6284999999999999476
-68,-11.25,0.49430000000000001714,0.49430000000000001714
-67,-11.25,0.33339999999999997415,0.33339999999999997415
-66,-11.25,0.42089999999999999636,0.42089999999999999636
-65,-11.25,0.84299999999999997158,0.84299999999999997158
-64,-11.25,0.90549999999999997158,0.90549999999999997158
-63,-11.25,0.87980000000000002647,0.87980000000000002647
-62,-11.25,0.9653000000000000469,0.9653000000000000469
-61,-11.25,0.85850000000000004086,0.85850000000000004086
-60,-11.25,0.69659999999999999698,0.69659999999999999698
-59,-11.25,0.58230000000000003979,0.58230000000000003979
-58,-11.25,0.60829999999999995186,0.60829999999999995186
-57,-11.25,0.65120000000000000107,0.65120000000000000107
-56,-11.25,0.67730000000000001315,0.67730000000000001315
-55,-11.25,0.86240000000000005542,0.86240000000000005542
-54,-11.25,0.65449999999999997069,0.65449999999999997069
-53,-11.25,0.6643000000000000016,0.6643000000000000016
-52,-11.25,0.70669999999999999485,0.70669999999999999485
-51,-11.25,0.87290000000000000924,0.87290000000000000924
-50,-11.25,0.64029999999999998028,0.64029999999999998028
-49,-11.25,0.17050000000000001266,0.17050000000000001266
-48,-11.25,0.216499999999999998,0.216499999999999998
-47,-11.25,0.67720000000000002416,0.67720000000000002416
-46,-11.25,0.51019999999999998685,0.51019999999999998685
-45,-11.25,0.16739999999999999325,0.16739999999999999325
-44,-11.25,0.11930000000000000326,0.11930000000000000326
-43,-11.25,0.20769999999999999574,0.20769999999999999574
-42,-11.25,0.23039999999999999369,0.23039999999999999369
-41,-11.25,0.44869999999999998774,0.44869999999999998774
-40,-11.25,0.64100000000000001421,0.64100000000000001421
-39,-11.25,0.27629999999999999005,0.27629999999999999005
-38,-11.25,0.13509999999999999787,0.13509999999999999787
-37,-11.25,0.20449999999999998734,0.20449999999999998734
-36,-11.25,0.38000000000000000444,0.38000000000000000444
-35,-11.25,0.76480000000000003535,0.76480000000000003535
-34,-11.25,0.93279999999999996252,0.93279999999999996252
-33,-11.25,0.83960000000000001297,0.83960000000000001297
-32,-11.25,0.80640000000000000568,0.80640000000000000568
-31,-11.25,0.9536000000000000032,0.9536000000000000032
-30,-11.25,0.98880000000000001226,0.98880000000000001226
-29,-11.25,0.89219999999999999307,0.89219999999999999307
-28,-11.25,0.41310000000000002274,0.41310000000000002274
-27,-11.25,0.47599999999999997868,0.47599999999999997868
-26,-11.25,0.62839999999999995861,0.62839999999999995861
-25,-11.25,0.68669999999999997708,0.68669999999999997708
-24,-11.25,0.59809999999999996501,0.59809999999999996501
-23,-11.25,0.65059999999999995612,0.65059999999999995612
-22,-11.25,0.8375000000000000222,0.8375000000000000222
-21,-11.25,0.41899999999999998357,0.41899999999999998357
-20,-11.25,0.34870000000000000995,0.34870000000000000995
-19,-11.25,0.52710000000000001297,0.52710000000000001297
-18,-11.25,0.5161000000000000032,0.5161000000000000032
-17,-11.25,0.7249999999999999778,0.7249999999999999778
-16,-11.25,0.90200000000000002398,0.90200000000000002398
-15,-11.25,0.80149999999999999023,0.80149999999999999023
-14,-11.25,0.82350000000000000977,0.82350000000000000977
-13,-11.25,0.97670000000000001261,0.97670000000000001261
-12,-11.25,0.9947000000000000286,0.9947000000000000286
-11,-11.25,0.91390000000000004565,0.91390000000000004565
-10,-11.25,0.7561999999999999833,0.7561999999999999833
-9,-11.25,0.59899999999999997691,0.59899999999999997691
-8,-11.25,0.57130000000000003002,0.57130000000000003002
-7,-11.25,0.75170000000000003482,0.75170000000000003482
-6,-11.25,0.88539999999999996483,0.88539999999999996483
-5,-11.25,0.85740000000000005098,0.85740000000000005098
-4,-11.25,0.83599999999999996536,0.83599999999999996536
-3,-11.25,0.40699999999999997291,0.40699999999999997291
-2,-11.25,0.09210000000000000131,0.09210000000000000131
-1,-11.25,0.094200000000000005951,0.094200000000000005951
0,-11.25,0.066400000000000000688,0.066400000000000000688
1,-11.25,0.024500000000000000944,0.024500000000000000944
2,-11.25,0.010800000000000000572,0.010800000000000000572
3,-11.25,0.00899999999999999932,0.00899999999999999932
4,-11.25,0.0013999999999999999858,0.0013999999999999999858
5,-11.25,0.00069999999999999999289,0.00069999999999999999289
6,-11.25,0.011499999999999999806,0.011499999999999999806
7,-11.25,0.096799999999999997158,0.096799999999999997158
8,-11.25,0.13889999999999999569,0.13889999999999999569
9,-11.25,0.099299999999999999378,0.099299999999999999378
10,-11.25,0.05689999999999999919,0.05689999999999999919
11,-11.25,0.17519999999999999463,0.17519999999999999463
12,-11.25,0.24690000000000000835,0.24690000000000000835
13,-11.25,0.36189999999999999947,0.36189999999999999947
14,-11.25,0.51670000000000004814,0.51670000000000004814
15,-11.25,0.7527000000000000357,0.7527000000000000357
16,-11.25,0.7561999999999999833,0.7561999999999999833
17,-11.25,0.63990000000000002434,0.63990000000000002434
18,-11.25,0.57820000000000004725,0.57820000000000004725
19,-11.25,0.25819999999999998508,0.25819999999999998508
20,-11.25,0.37249999999999999778,0.37249999999999999778
21,-11.25,0.9829999999999999849,0.9829999999999999849
22,-11.25,0.78120000000000000551,0.78120000000000000551
23,-11.25,0.65420000000000000373,0.65420000000000000373
24,-11.25,0.44950000000000001066,0.44950000000000001066
25,-11.25,0.2432999999999999885,0.2432999999999999885
26,-11.25,0.19880000000000000449,0.19880000000000000449
27,-11.25,0.57030000000000002913,0.57030000000000002913
28,-11.25,0.88619999999999998774,0.88619999999999998774
29,-11.25,0.88780000000000003357,0.88780000000000003357
30,-11.25,0.94159999999999999254,0.94159999999999999254
31,-11.25,0.95440000000000002611,0.95440000000000002611
32,-11.25,0.96989999999999998437,0.96989999999999998437
33,-11.25,0.96260000000000001119,0.96260000000000001119
34,-11.25,0.98160000000000002807,0.98160000000000002807
35,-11.25,0.95820000000000005169,0.95820000000000005169
36,-11.25,0.90749999999999997335,0.90749999999999997335
37,-11.25,0.8106999999999999762,0.8106999999999999762
38,-11.25,0.72030000000000005134,0.72030000000000005134
39,-11.25,0.46279999999999998916,0.46279999999999998916
40,-11.25,0.15939999999999998614,0.15939999999999998614
41,-11.25,0.057099999999999997979,0.057099999999999997979
42,-11.25,0.014099999999999999686,0.014099999999999999686
43,-11.25,0.011100000000000000491,0.011100000000000000491
44,-11.25,0.0298000000000000001,0.0298000000000000001
45,-11.25,0.039800000000000002043,0.039800000000000002043
46,-11.25,0.046699999999999998457,0.046699999999999998457
47,-11.25,0.097199999999999994738,0.097199999999999994738
48,-11.25,0.10290000000000000535,0.10290000000000000535
49,-11.25,0.055599999999999996647,0.055599999999999996647
50,-11.25,0.048899999999999999023,0.048899999999999999023
51,-11.25,0.064500000000000001776,0.064500000000000001776
52,-11.25,0.078500000000000000333,0.078500000000000000333
53,-11.25,0.1356999999999999873,0.1356999999999999873
54,-11.25,0.1804000000000000048,0.1804000000000000048
55,-11.25,0.21529999999999999138,0.21529999999999999138
56,-11.25,0.307999999999999996,0.307999999999999996
57,-11.25,0.24110000000000000875,0.24110000000000000875
58,-11.25,0.19359999999999999432,0.19359999999999999432
59,-11.25,0.19400000000000000577,0.19400000000000000577
60,-11.25,0.32550000000000001155,0.32550000000000001155
61,-11.25,0.84750000000000003109,0.84750000000000003109
62,-11.25,0.78639999999999998792,0.78639999999999998792
63,-11.25,0.60629999999999995008,0.60629999999999995008
64,-11.25,0.43440000000000000835,0.43440000000000000835
65,-11.25,0.34250000000000002665,0.34250000000000002665
66,-11.25,0.061999999999999999556,0.061999999999999999556
67,-11.25,0.052299999999999999267,0.052299999999999999267
68,-11.25,0.1804000000000000048,0.1804000000000000048
69,-11.25,0.30480000000000001537,0.30480000000000001537
70,-11.25,0.32740000000000002434,0.32740000000000002434
-69,-10,0.63980000000000003535,0.63980000000000003535
-68,-10,0.52720000000000000195,0.52720000000000000195
-67,-10,0.41680000000000000382,0.41680000000000000382
-66,-10,0.47179999999999999716,0.47179999999999999716
-65,-10,0.86519999999999996909,0.86519999999999996909
-64,-10,0.91769999999999996021,0.91769999999999996021
-63,-10,0.89449999999999996181,0.89449999999999996181
-62,-10,0.86219999999999996643,0.86219999999999996643
-61,-10,0.78590000000000004299,0.78590000000000004299
-60,-10,0.67390000000000005453,0.67390000000000005453
-59,-10,0.70669999999999999485,0.70669999999999999485
-58,-10,0.5724000000000000199,0.5724000000000000199
-57,-10,0.63060000000000004938,0.63060000000000004938
-56,-10,0.75149999999999994582,0.75149999999999994582
-55,-10,0.86199999999999998845,0.86199999999999998845
-54,-10,0.8115999999999999881,0.8115999999999999881
-53,-10,0.59230000000000004867,0.59230000000000004867
-52,-10,0.62819999999999998064,0.62819999999999998064
-51,-10,0.88690000000000002167,0.88690000000000002167
-50,-10,0.62949999999999994849,0.62949999999999994849
-49,-10,0.18950000000000000178,0.18950000000000000178
-48,-10,0.3240999999999999992,0.3240999999999999992
-47,-10,0.7088999999999999746,0.7088999999999999746
-46,-10,0.5454999999999999849,0.5454999999999999849
-45,-10,0.18590000000000000968,0.18590000000000000968
-44,-10,0.21879999999999999449,0.21879999999999999449
-43,-10,0.24579999999999999072,0.24579999999999999072
-42,-10,0.27160000000000000808,0.27160000000000000808
-41,-10,0.27879999999999999227,0.27879999999999999227
-40,-10,0.3588999999999999968,0.3588999999999999968
-39,-10,0.1759000000000000008,0.1759000000000000008
-38,-10,0.13000000000000000444,0.13000000000000000444
-37,-10,0.37659999999999999032,0.37659999999999999032
-36,-10,0.53810000000000002274,0.53810000000000002274
-35,-10,0.88460000000000005294,0.88460000000000005294
-34,-10,0.98019999999999996021,0.98019999999999996021
-33,-10,0.66949999999999998401,0.66949999999999998401
-32,-10,0.61739999999999994884,0.61739999999999994884
-31,-10,0.9081000000000000183,0.9081000000000000183
-30,-10,0.99109999999999998099,0.99109999999999998099
-29,-10,0.77219999999999999751,0.77219999999999999751
-28,-10,0.29320000000000001616,0.29320000000000001616
-27,-10,0.6036000000000000254,0.6036000000000000254
-26,-10,0.74880000000000002114,0.74880000000000002114
-25,-10,0.77959999999999995968,0.77959999999999995968
-24,-10,0.91200000000000003286,0.91200000000000003286
-23,-10,0.96519999999999994689,0.96519999999999994689
-22,-10,0.81810000000000004938,0.81810000000000004938
-21,-10,0.35689999999999999503,0.35689999999999999503
-20,-10,0.28910000000000002363,0.28910000000000002363
-19,-10,0.40039999999999997815,0.40039999999999997815
-18,-10,0.43590000000000000968,0.43590000000000000968
-17,-10,0.65569999999999994955,0.65569999999999994955
-16,-10,0.892900000000000027,0.892900000000000027
-15,-10,0.973300000000000054,0.973300000000000054
-14,-10,0.96499999999999996891,0.96499999999999996891
-13,-10,0.94999999999999995559,0.94999999999999995559
-12,-10,0.99950000000000005507,0.99950000000000005507
-11,-10,0.82279999999999997584,0.82279999999999997584
-10,-10,0.60060000000000002274,0.60060000000000002274
-9,-10,0.41099999999999997646,0.41099999999999997646
-8,-10,0.35220000000000001306,0.35220000000000001306
-7,-10,0.62919999999999998153,0.62919999999999998153
-6,-10,0.76119999999999998774,0.76119999999999998774
-5,-10,0.71379999999999999005,0.71379999999999999005
-4,-10,0.94650000000000000799,0.94650000000000000799
-3,-10,0.21119999999999999885,0.21119999999999999885
-2,-10,0.11369999999999999551,0.11369999999999999551
-1,-10,0.080199999999999993516,0.080199999999999993516
0,-10,0.059900000000000001854,0.059900000000000001854
1,-10,0.019300000000000001182,0.019300000000000001182
2,-10,0.012500000000000000694,0.012500000000000000694
3,-10,0.011599999999999999201,0.011599999999999999201
4,-10,0.0028999999999999998002,0.0028999999999999998002
5,-10,0.0050000000000000001041,0.0050000000000000001041
6,-10,0.28260000000000001785,0.28260000000000001785
7,-10,0.60029999999999994476,0.60029999999999994476
8,-10,0.50480000000000002647,0.50480000000000002647
9,-10,0.1163000000000000006,0.1163000000000000006
10,-10,0.19279999999999999916,0.19279999999999999916
11,-10,0.2554000000000000159,0.2554000000000000159
12,-10,0.17130000000000000782,0.17130000000000000782
13,-10,0.39719999999999999751,0.39719999999999999751
14,-10,0.51849999999999996092,0.51849999999999996092
15,-10,0.74919999999999997708,0.74919999999999997708
16,-10,0.71079999999999998739,0.71079999999999998739
17,-10,0.49919999999999997708,0.49919999999999997708
18,-10,0.38319999999999998508,0.38319999999999998508
19,-10,0.10710000000000000075,0.10710000000000000075
20,-10,0.11859999999999999709,0.11859999999999999709
21,-10,0.66259999999999996678,0.66259999999999996678
22,-10,0.86699999999999999289,0.86699999999999999289
23,-10,0.79720000000000001972,0.79720000000000001972
24,-10,0.83089999999999997193,0.83089999999999997193
25,-10,0.21219999999999999973,0.21219999999999999973
26,-10,0.21729999999999999316,0.21729999999999999316
27,-10,0.6757999999999999563,0.6757999999999999563
28,-10,0.95420000000000004814,0.95420000000000004814
29,-10,0.87380000000000002114,0.87380000000000002114
30,-10,0.94450000000000000622,0.94450000000000000622
31,-10,0.92749999999999999112,0.92749999999999999112
32,-10,0.9606999999999999984,0.9606999999999999984
33,-10,0.95820000000000005169,0.95820000000000005169
34,-10,0.99419999999999997264,0.99419999999999997264
35,-10,0.97460000000000002185,0.97460000000000002185
36,-10,0.88529999999999997584,0.88529999999999997584
37,-10,0.88349999999999995204,0.88349999999999995204
38,-10,0.76529999999999998028,0.76529999999999998028
39,-10,0.27620000000000000107,0.27620000000000000107
40,-10,0.11419999999999999596,0.11419999999999999596
41,-10,0.072099999999999997424,0.072099999999999997424
42,-10,0.0298000000000000001,0.0298000000000000001
43,-10,0.016899999999999998357,0.016899999999999998357
44,-10,0.029000000000000001471,0.029000000000000001471
45,-10,0.040899999999999998856,0.040899999999999998856
46,-10,0.048700000000000000233,0.048700000000000000233
47,-10,0.070400000000000004241,0.070400000000000004241
48,-10,0.08630000000000000171,0.08630000000000000171
49,-10,0.047699999999999999345,0.047699999999999999345
50,-10,0.031099999999999999173,0.031099999999999999173
51,-10,0.070000000000000006661,0.070000000000000006661
52,-10,0.10839999999999999636,0.10839999999999999636
53,-10,0.26619999999999999218,0.26619999999999999218
54,-10,0.29949999999999998845,0.29949999999999998845
55,-10,0.21940000000000001168,0.21940000000000001168
56,-10,0.25700000000000000622,0.25700000000000000622
57,-10,0.23899999999999999023,0.23899999999999999023
58,-10,0.28770000000000001128,0.28770000000000001128
59,-10,0.3286000000000000032,0.3286000000000000032
60,-10,0.42489999999999999991,0.42489999999999999991
61,-10,0.68999999999999994671,0.68999999999999994671
62,-10,0.84489999999999998437,0.84489999999999998437
63,-10,0.72230000000000005311,0.72230000000000005311
64,-10,0.48530000000000000915,0.48530000000000000915
65,-10,0.30099999999999998979,0.30099999999999998979
66,-10,0.058200000000000001732,0.058200000000000001732
67,-10,0.039100000000000002809,0.039100000000000002809
68,-10,0.1839000000000000079,0.1839000000000000079
69,-10,0.23200000000000001177,0.23200000000000001177
70,-10,0.32679999999999997939,0.32679999999999997939
-69,-8.75,0.62660000000000004583,0.62660000000000004583
-68,-8.75,0.53649999999999997691,0.53649999999999997691
-67,-8.75,0.47980000000000000426,0.47980000000000000426
-66,-8.75,0.58830000000000004512,0.58830000000000004512
-65,-8.75,0.88049999999999994937,0.88049999999999994937
-64,-8.75,0.93620000000000003215,0.93620000000000003215
-63,-8.75,0.94699999999999995293,0.94699999999999995293
-62,-8.75,0.7831000000000000183,0.7831000000000000183
-61,-8.75,0.74350000000000004974,0.74350000000000004974
-60,-8.75,0.70489999999999997105,0.70489999999999997105
-59,-8.75,0.84870000000000000995,0.84870000000000000995
-58,-8.75,0.60960000000000003073,0.60960000000000003073
-57,-8.75,0.54339999999999999414,0.54339999999999999414
-56,-8.75,0.63759999999999994458,0.63759999999999994458
-55,-8.75,0.86290000000000000036,0.86290000000000000036
-54,-8.75,0.85489999999999999325,0.85489999999999999325
-53,-8.75,0.64790000000000003144,0.64790000000000003144
-52,-8.75,0.73399999999999998579,0.73399999999999998579
-51,-8.75,0.9223000000000000087,0.9223000000000000087
-50,-8.75,0.60660000000000002807,0.60660000000000002807
-49,-8.75,0.28939999999999999059,0.28939999999999999059
-48,-8.75,0.65249999999999996891,0.65249999999999996891
-47,-8.75,0.86189999999999999947,0.86189999999999999947
-46,-8.75,0.61409999999999997922,0.61409999999999997922
-45,-8.75,0.19250000000000000444,0.19250000000000000444
-44,-8.75,0.18210000000000001186,0.18210000000000001186
-43,-8.75,0.26319999999999998952,0.26319999999999998952
-42,-8.75,0.16100000000000000422,0.16100000000000000422
-41,-8.75,0.11940000000000000613,0.11940000000000000613
-40,-8.75,0.16659999999999999809,0.16659999999999999809
-39,-8.75,0.19959999999999999964,0.19959999999999999964
-38,-8.75,0.29060000000000002496,0.29060000000000002496
-37,-8.75,0.68069999999999997176,0.68069999999999997176
-36,-8.75,0.70679999999999998384,0.70679999999999998384
-35,-8.75,0.85150000000000003464,0.85150000000000003464
-34,-8.75,0.95479999999999998206,0.95479999999999998206
-33,-8.75,0.50900000000000000799,0.50900000000000000799
-32,-8.75,0.68989999999999995772,0.68989999999999995772
-31,-8.75,0.92130000000000000782,0.92130000000000000782
-30,-8.75,0.78429999999999999716,0.78429999999999999716
-29,-8.75,0.58009999999999994902,0.58009999999999994902
-28,-8.75,0.29559999999999997389,0.29559999999999997389
-27,-8.75,0.76129999999999997673,0.76129999999999997673
-26,-8.75,0.61319999999999996732,0.61319999999999996732
-25,-8.75,0.70009999999999994458,0.70009999999999994458
-24,-8.75,0.90759999999999996234,0.90759999999999996234
-23,-8.75,0.58440000000000003055,0.58440000000000003055
-22,-8.75,0.64049999999999995826,0.64049999999999995826
-21,-8.75,0.19179999999999999827,0.19179999999999999827
-20,-8.75,0.21240000000000000546,0.21240000000000000546
-19,-8.75,0.41789999999999999369,0.41789999999999999369
-18,-8.75,0.59250000000000002665,0.59250000000000002665
-17,-8.75,0.5563000000000000167,0.5563000000000000167
-16,-8.75,0.74419999999999997264,0.74419999999999997264
-15,-8.75,0.78869999999999995666,0.78869999999999995666
-14,-8.75,0.89829999999999998739,0.89829999999999998739
-13,-8.75,0.9498999999999999666,0.9498999999999999666
-12,-8.75,0.99339999999999994973,0.99339999999999994973
-11,-8.75,0.77339999999999997637,0.77339999999999997637
-10,-8.75,0.58340000000000002967,0.58340000000000002967
-9,-8.75,0.33350000000000001865,0.33350000000000001865
-8,-8.75,0.26129999999999997673,0.26129999999999997673
-7,-8.75,0.41589999999999999192,0.41589999999999999192
-6,-8.75,0.56669999999999998153,0.56669999999999998153
-5,-8.75,0.88219999999999998419,0.88219999999999998419
-4,-8.75,0.73670000000000002149,0.73670000000000002149
-3,-8.75,0.19730000000000000315,0.19730000000000000315
-2,-8.75,0.19389999999999998903,0.19389999999999998903
-1,-8.75,0.09249999999999999889,0.09249999999999999889
0,-8.75,0.060400000000000002298,0.060400000000000002298
1,-8.75,0.02960000000000000131,0.02960000000000000131
2,-8.75,0.016799999999999998962,0.016799999999999998962
3,-8.75,0.020600000000000000255,0.020600000000000000255
4,-8.75,0.0023999999999999997898,0.0023999999999999997898
5,-8.75,0.19959999999999999964,0.19959999999999999964
6,-8.75,0.87860000000000004761,0.87860000000000004761
7,-8.75,0.78359999999999996323,0.78359999999999996323
8,-8.75,0.31669999999999998153,0.31669999999999998153
9,-8.75,0.33739999999999997771,0.33739999999999997771
10,-8.75,0.27720000000000000195,0.27720000000000000195
11,-8.75,0.22300000000000000377,0.22300000000000000377
12,-8.75,0.2599000000000000199,0.2599000000000000199
13,-8.75,0.46260000000000001119,0.46260000000000001119
14,-8.75,0.41389999999999999014,0.41389999999999999014
15,-8.75,0.67940000000000000391,0.67940000000000000391
16,-8.75,0.72140000000000004121,0.72140000000000004121
17,-8.75,0.45429999999999998161,0.45429999999999998161
18,-8.75,0.65029999999999998916,0.65029999999999998916
19,-8.75,0.15549999999999999933,0.15549999999999999933
20,-8.75,0.16350000000000000644,0.16350000000000000644
21,-8.75,0.30559999999999998277,0.30559999999999998277
22,-8.75,0.43950000000000000178,0.43950000000000000178
23,-8.75,0.57820000000000004725,0.57820000000000004725
24,-8.75,0.77590000000000003411,0.77590000000000003411
25,-8.75,0.29589999999999999636,0.29589999999999999636
26,-8.75,0.16270000000000001128,0.16270000000000001128
27,-8.75,0.14790000000000000369,0.14790000000000000369
28,-8.75,0.69530000000000002913,0.69530000000000002913
29,-8.75,0.93810000000000004494,0.93810000000000004494
30,-8.75,0.94850000000000000977,0.94850000000000000977
31,-8.75,0.95050000000000001155,0.95050000000000001155
32,-8.75,0.95320000000000004725,0.95320000000000004725
33,-8.75,0.64900000000000002132,0.64900000000000002132
34,-8.75,0.98319999999999996287,0.98319999999999996287
35,-8.75,0.99599999999999999645,0.99599999999999999645
36,-8.75,0.92659999999999997922,0.92659999999999997922
37,-8.75,0.56820000000000003837,0.56820000000000003837
38,-8.75,0.38319999999999998508,0.38319999999999998508
39,-8.75,0.16930000000000000604,0.16930000000000000604
40,-8.75,0.0596000000000000002,0.0596000000000000002
41,-8.75,0.048199999999999999789,0.048199999999999999789
42,-8.75,0.022399999999999999772,0.022399999999999999772
43,-8.75,0.013599999999999999242,0.013599999999999999242
44,-8.75,0.032199999999999999456,0.032199999999999999456
45,-8.75,0.050200000000000001565,0.050200000000000001565
46,-8.75,0.088099999999999997757,0.088099999999999997757
47,-8.75,0.11930000000000000326,0.11930000000000000326
48,-8.75,0.10799999999999999878,0.10799999999999999878
49,-8.75,0.061499999999999999112,0.061499999999999999112
50,-8.75,0.042799999999999997768,0.042799999999999997768
51,-8.75,0.048500000000000001443,0.048500000000000001443
52,-8.75,0.086499999999999993561,0.086499999999999993561
53,-8.75,0.1233999999999999958,0.1233999999999999958
54,-8.75,0.27200000000000001954,0.27200000000000001954
55,-8.75,0.27379999999999998783,0.27379999999999998783
56,-8.75,0.31659999999999999254,0.31659999999999999254
57,-8.75,0.34810000000000002052,0.34810000000000002052
58,-8.75,0.42309999999999997611,0.42309999999999997611
59,-8.75,0.53020000000000000462,0.53020000000000000462
60,-8.75,0.5625,0.5625
61,-8.75,0.5786000000000000032,0.5786000000000000032
62,-8.75,0.59699999999999997513,0.59699999999999997513
63,-8.75,0.61839999999999994973,0.61839999999999994973
64,-8.75,0.55649999999999999467,0.55649999999999999467
65,-8.75,0.29439999999999999503,0.29439999999999999503
66,-8.75,0.09170000000000000373,0.09170000000000000373
67,-8.75,0.067599999999999993427,0.067599999999999993427
68,-8.75,0.19550000000000000711,0.19550000000000000711
69,-8.75,0.19350000000000000533,0.19350000000000000533
70,-8.75,0.30719999999999997309,0.30719999999999997309
-69,-7.5,0.66239999999999998881,0.66239999999999998881
-68,-7.5,0.5965000000000000302,0.5965000000000000302
-67,-7.5,0.55779999999999996252,0.55779999999999996252
-66,-7.5,0.72529999999999994476,0.72529999999999994476
-65,-7.5,0.92620000000000002327,0.92620000000000002327
-64,-7.5,0.96460000000000001297,0.96460000000000001297
-63,-7.5,0.88419999999999998597,0.88419999999999998597
-62,-7.5,0.79030000000000000249,0.79030000000000000249
-61,-7.5,0.73890000000000000124,0.73890000000000000124
-60,-7.5,0.81840000000000001634,0.81840000000000001634
-59,-7.5,0.9606999999999999984,0.9606999999999999984
-58,-7.5,0.76549999999999995826,0.76549999999999995826
-57,-7.5,0.57499999999999995559,0.57499999999999995559
-56,-7.5,0.59630000000000005222,0.59630000000000005222
-55,-7.5,0.88890000000000002345,0.88890000000000002345
-54,-7.5,0.87429999999999996607,0.87429999999999996607
-53,-7.5,0.85589999999999999414,0.85589999999999999414
-52,-7.5,0.90769999999999995133,0.90769999999999995133
-51,-7.5,0.9445999999999999952,0.9445999999999999952
-50,-7.5,0.54939999999999999947,0.54939999999999999947
-49,-7.5,0.35020000000000001128,0.35020000000000001128
-48,-7.5,0.9668999999999999817,0.9668999999999999817
-47,-7.5,0.95060000000000000053,0.95060000000000000053
-46,-7.5,0.54920000000000002149,0.54920000000000002149
-45,-7.5,0.25929999999999997495,0.25929999999999997495
-44,-7.5,0.13680000000000000493,0.13680000000000000493
-43,-7.5,0.10639999999999999458,0.10639999999999999458
-42,-7.5,0.10009999999999999454,0.10009999999999999454
-41,-7.5,0.11319999999999999507,0.11319999999999999507
-40,-7.5,0.18270000000000000129,0.18270000000000000129
-39,-7.5,0.30620000000000002771,0.30620000000000002771
-38,-7.5,0.77680000000000004601,0.77680000000000004601
-37,-7.5,0.71309999999999995612,0.71309999999999995612
-36,-7.5,0.68420000000000003038,0.68420000000000003038
-35,-7.5,0.75160000000000004583,0.75160000000000004583
-34,-7.5,0.83030000000000003801,0.83030000000000003801
-33,-7.5,0.63319999999999998508,0.63319999999999998508
-32,-7.5,0.88910000000000000142,0.88910000000000000142
-31,-7.5,0.68100000000000004974,0.68100000000000004974
-30,-7.5,0.67810000000000003606,0.67810000000000003606
-29,-7.5,0.49949999999999999956,0.49949999999999999956
-28,-7.5,0.79900000000000004352,0.79900000000000004352
-27,-7.5,0.92910000000000003695,0.92910000000000003695
-26,-7.5,0.4526999999999999913,0.4526999999999999913
-25,-7.5,0.61639999999999994795,0.61639999999999994795
-24,-7.5,0.55289999999999994706,0.55289999999999994706
-23,-7.5,0.53259999999999996234,0.53259999999999996234
-22,-7.5,0.27269999999999999796,0.27269999999999999796
-21,-7.5,0.050099999999999998701,0.050099999999999998701
-20,-7.5,0.16930000000000000604,0.16930000000000000604
-19,-7.5,0.4472999999999999754,0.4472999999999999754
-18,-7.5,0.27820000000000000284,0.27820000000000000284
-17,-7.5,0.56299999999999994493,0.56299999999999994493
-16,-7.5,0.7438000000000000167,0.7438000000000000167
-15,-7.5,0.80910000000000004139,0.80910000000000004139
-14,-7.5,0.94859999999999999876,0.94859999999999999876
-13,-7.5,0.99599999999999999645,0.99599999999999999645
-12,-7.5,0.99209999999999998188,0.99209999999999998188
-11,-7.5,0.81740000000000001545,0.81740000000000001545
-10,-7.5,0.53600000000000003197,0.53600000000000003197
-9,-7.5,0.21060000000000000941,0.21060000000000000941
-8,-7.5,0.20389999999999999791,0.20389999999999999791
-7,-7.5,0.49769999999999997575,0.49769999999999997575
-6,-7.5,0.85260000000000002451,0.85260000000000002451
-5,-7.5,0.8688000000000000167,0.8688000000000000167
-4,-7.5,0.51759999999999994902,0.51759999999999994902
-3,-7.5,0.26850000000000001643,0.26850000000000001643
-2,-7.5,0.15579999999999999405,0.15579999999999999405
-1,-7.5,0.096399999999999999578,0.096399999999999999578
0,-7.5,0.055699999999999999512,0.055699999999999999512
1,-7.5,0.033500000000000001998,0.033500000000000001998
2,-7.5,0.0075999999999999999847,0.0075999999999999999847
3,-7.5,0.0070000000000000001457,0.0070000000000000001457
4,-7.5,0.0018999999999999999962,0.0018999999999999999962
5,-7.5,0.28210000000000001741,0.28210000000000001741
6,-7.5,0.85989999999999999769,0.85989999999999999769
7,-7.5,0.7874999999999999778,0.7874999999999999778
8,-7.5,0.40070000000000000062,0.40070000000000000062
9,-7.5,0.40989999999999998659,0.40989999999999998659
10,-7.5,0.64210000000000000409,0.64210000000000000409
11,-7.5,0.59599999999999997424,0.59599999999999997424
12,-7.5,0.82999999999999996003,0.82999999999999996003
13,-7.5,0.70399999999999995914,0.70399999999999995914
14,-7.5,0.48990000000000000213,0.48990000000000000213
15,-7.5,0.7036000000000000032,0.7036000000000000032
16,-7.5,0.71020000000000005347,0.71020000000000005347
17,-7.5,0.71299999999999996714,0.71299999999999996714
18,-7.5,0.65920000000000000817,0.65920000000000000817
19,-7.5,0.37180000000000001936,0.37180000000000001936
20,-7.5,0.14169999999999999263,0.14169999999999999263
21,-7.5,0.73629999999999995453,0.73629999999999995453
22,-7.5,0.12889999999999998681,0.12889999999999998681
23,-7.5,0.10199999999999999345,0.10199999999999999345
24,-7.5,0.31990000000000001767,0.31990000000000001767
25,-7.5,0.40110000000000001208,0.40110000000000001208
26,-7.5,0.31459999999999999076,0.31459999999999999076
27,-7.5,0.26710000000000000409,0.26710000000000000409
28,-7.5,0.31440000000000001279,0.31440000000000001279
29,-7.5,0.63729999999999997762,0.63729999999999997762
30,-7.5,0.77510000000000001119,0.77510000000000001119
31,-7.5,0.95579999999999998295,0.95579999999999998295
32,-7.5,0.97419999999999995488,0.97419999999999995488
33,-7.5,0.59130000000000004778,0.59130000000000004778
34,-7.5,0.74750000000000005329,0.74750000000000005329
35,-7.5,0.96630000000000004778,0.96630000000000004778
36,-7.5,0.97850000000000003642,0.97850000000000003642
37,-7.5,0.85340000000000004743,0.85340000000000004743
38,-7.5,0.26660000000000000364,0.26660000000000000364
39,-7.5,0.17960000000000000964,0.17960000000000000964
40,-7.5,0.1298999999999999877,0.1298999999999999877
41,-7.5,0.094600000000000003531,0.094600000000000003531
42,-7.5,0.049399999999999999467,0.049399999999999999467
43,-7.5,0.058000000000000002942,0.058000000000000002942
44,-7.5,0.071699999999999999845,0.071699999999999999845
45,-7.5,0.10839999999999999636,0.10839999999999999636
46,-7.5,0.13000000000000000444,0.13000000000000000444
47,-7.5,0.16539999999999999147,0.16539999999999999147
48,-7.5,0.15690000000000001168,0.15690000000000001168
49,-7.5,0.096500000000000002442,0.096500000000000002442
50,-7.5,0.047100000000000002975,0.047100000000000002975
51,-7.5,0.035700000000000002565,0.035700000000000002565
52,-7.5,0.070499999999999993228,0.070499999999999993228
53,-7.5,0.11440000000000000169,0.11440000000000000169
54,-7.5,0.16859999999999999987,0.16859999999999999987
55,-7.5,0.24699999999999999734,0.24699999999999999734
56,-7.5,0.47889999999999999236,0.47889999999999999236
57,-7.5,0.68179999999999996163,0.68179999999999996163
58,-7.5,0.43459999999999998632,0.43459999999999998632
59,-7.5,0.55500000000000004885,0.55500000000000004885
60,-7.5,0.53039999999999998259,0.53039999999999998259
61,-7.5,0.29420000000000001705,0.29420000000000001705
62,-7.5,0.32900000000000001465,0.32900000000000001465
63,-7.5,0.43830000000000002292,0.43830000000000002292
64,-7.5,0.70969999999999999751,0.70969999999999999751
65,-7.5,0.3338999999999999746,0.3338999999999999746
66,-7.5,0.18010000000000001008,0.18010000000000001008
67,-7.5,0.10839999999999999636,0.10839999999999999636
68,-7.5,0.21379999999999999005,0.21379999999999999005
69,-7.5,0.21370000000000000107,0.21370000000000000107
70,-7.5,0.32879999999999998117,0.32879999999999998117
-69,-6.25,0.73990000000000000213,0.73990000000000000213
-68,-6.25,0.65180000000000004601,0.65180000000000004601
-67,-6.25,0.57320000000000004281,0.57320000000000004281
-66,-6.25,0.79679999999999995275,0.79679999999999995275
-65,-6.25,0.96809999999999996056,0.96809999999999996056
-64,-6.25,0.9625000000000000222,0.9625000000000000222
-63,-6.25,0.78959999999999996856,0.78959999999999996856
-62,-6.25,0.76749999999999996003,0.76749999999999996003
-61,-6.25,0.74209999999999998188,0.74209999999999998188
-60,-6.25,0.83060000000000000497,0.83060000000000000497
-59,-6.25,0.89580000000000004068,0.89580000000000004068
-58,-6.25,0.89270000000000004903,0.89270000000000004903
-57,-6.25,0.78629999999999999893,0.78629999999999999893
-56,-6.25,0.58960000000000001297,0.58960000000000001297
-55,-6.25,0.77680000000000004601,0.77680000000000004601
-54,-6.25,0.73309999999999997389,0.73309999999999997389
-53,-6.25,0.85029999999999994476,0.85029999999999994476
-52,-6.25,0.92979999999999995985,0.92979999999999995985
-51,-6.25,0.84089999999999998082,0.84089999999999998082
-50,-6.25,0.48049999999999998268,0.48049999999999998268
-49,-6.25,0.63229999999999997318,0.63229999999999997318
-48,-6.25,0.90910000000000001918,0.90910000000000001918
-47,-6.25,0.91359999999999996767,0.91359999999999996767
-46,-6.25,0.72980000000000000426,0.72980000000000000426
-45,-6.25,0.46150000000000002132,0.46150000000000002132
-44,-6.25,0.12889999999999998681,0.12889999999999998681
-43,-6.25,0.069199999999999997624,0.069199999999999997624
-42,-6.25,0.094299999999999994937,0.094299999999999994937
-41,-6.25,0.17210000000000000298,0.17210000000000000298
-40,-6.25,0.27870000000000000329,0.27870000000000000329
-39,-6.25,0.56589999999999995861,0.56589999999999995861
-38,-6.25,0.85570000000000001616,0.85570000000000001616
-37,-6.25,0.53759999999999996678,0.53759999999999996678
-36,-6.25,0.5197000000000000508,0.5197000000000000508
-35,-6.25,0.82159999999999999698,0.82159999999999999698
-34,-6.25,0.9143000000000000016,0.9143000000000000016
-33,-6.25,0.82150000000000000799,0.82150000000000000799
-32,-6.25,0.57259999999999999787,0.57259999999999999787
-31,-6.25,0.50780000000000002913,0.50780000000000002913
-30,-6.25,0.64990000000000003322,0.64990000000000003322
-29,-6.25,0.86229999999999995541,0.86229999999999995541
-28,-6.25,0.98199999999999998401,0.98199999999999998401
-27,-6.25,0.70950000000000001954,0.70950000000000001954
-26,-6.25,0.31979999999999997318,0.31979999999999997318
-25,-6.25,0.50280000000000002469,0.50280000000000002469
-24,-6.25,0.37030000000000001803,0.37030000000000001803
-23,-6.25,0.52729999999999999094,0.52729999999999999094
-22,-6.25,0.1047000000000000014,0.1047000000000000014
-21,-6.25,0.10009999999999999454,0.10009999999999999454
-20,-6.25,0.27400000000000002132,0.27400000000000002132
-19,-6.25,0.16500000000000000777,0.16500000000000000777
-18,-6.25,0.14549999999999999045,0.14549999999999999045
-17,-6.25,0.49919999999999997708,0.49919999999999997708
-16,-6.25,0.69059999999999999165,0.69059999999999999165
-15,-6.25,0.73780000000000001137,0.73780000000000001137
-14,-6.25,0.91839999999999999414,0.91839999999999999414
-13,-6.25,0.98680000000000001048,0.98680000000000001048
-12,-6.25,0.96879999999999999449,0.96879999999999999449
-11,-6.25,0.82540000000000002256,0.82540000000000002256
-10,-6.25,0.73229999999999995097,0.73229999999999995097
-9,-6.25,0.33710000000000001075,0.33710000000000001075
-8,-6.25,0.25130000000000002336,0.25130000000000002336
-7,-6.25,0.64880000000000004334,0.64880000000000004334
-6,-6.25,0.9811999999999999611,0.9811999999999999611
-5,-6.25,0.55400000000000004796,0.55400000000000004796
-4,-6.25,0.26829999999999998295,0.26829999999999998295
-3,-6.25,0.19659999999999999698,0.19659999999999999698
-2,-6.25,0.11369999999999999551,0.11369999999999999551
-1,-6.25,0.064899999999999999356,0.064899999999999999356
0,-6.25,0.042799999999999997768,0.042799999999999997768
1,-6.25,0.039699999999999999178,0.039699999999999999178
2,-6.25,0.0048999999999999998418,0.0048999999999999998418
3,-6.25,0.0051000000000000003664,0.0051000000000000003664
4,-6.25,0.00080000000000000003834,0.00080000000000000003834
5,-6.25,0.074700000000000002509,0.074700000000000002509
6,-6.25,0.79710000000000003073,0.79710000000000003073
7,-6.25,0.64739999999999997549,0.64739999999999997549
8,-6.25,0.53369999999999995222,0.53369999999999995222
9,-6.25,0.43140000000000000568,0.43140000000000000568
10,-6.25,0.46789999999999998259,0.46789999999999998259
11,-6.25,0.89519999999999999574,0.89519999999999999574
12,-6.25,0.97689999999999999059,0.97689999999999999059
13,-6.25,0.55710000000000003961,0.55710000000000003961
14,-6.25,0.61990000000000000657,0.61990000000000000657
15,-6.25,0.77019999999999999574,0.77019999999999999574
16,-6.25,0.70240000000000002434,0.70240000000000002434
17,-6.25,0.69520000000000004015,0.69520000000000004015
18,-6.25,0.73319999999999996287,0.73319999999999996287
19,-6.25,0.83350000000000001865,0.83350000000000001865
20,-6.25,0.17549999999999998934,0.17549999999999998934
21,-6.25,0.99490000000000000657,0.99490000000000000657
22,-6.25,0.80179999999999995719,0.80179999999999995719
23,-6.25,0.267900000000000027,0.267900000000000027
24,-6.25,0.10950000000000000011,0.10950000000000000011
25,-6.25,0.0682999999999999996,0.0682999999999999996
26,-6.25,0.2615999999999999992,0.2615999999999999992
27,-6.25,0.48110000000000002762,0.48110000000000002762
28,-6.25,0.41099999999999997646,0.41099999999999997646
29,-6.25,0.90420000000000000373,0.90420000000000000373
30,-6.25,0.85680000000000000604,0.85680000000000000604
31,-6.25,0.71789999999999998259,0.71789999999999998259
32,-6.25,0.9025999999999999579,0.9025999999999999579
33,-6.25,0.78249999999999997335,0.78249999999999997335
34,-6.25,0.36730000000000001537,0.36730000000000001537
35,-6.25,0.38929999999999997939,0.38929999999999997939
36,-6.25,0.66500000000000003553,0.66500000000000003553
37,-6.25,0.76039999999999996483,0.76039999999999996483
38,-6.25,0.36609999999999998099,0.36609999999999998099
39,-6.25,0.19359999999999999432,0.19359999999999999432
40,-6.25,0.12650000000000000133,0.12650000000000000133
41,-6.25,0.066699999999999995404,0.066699999999999995404
42,-6.25,0.08630000000000000171,0.08630000000000000171
43,-6.25,0.12189999999999999447,0.12189999999999999447
44,-6.25,0.10399999999999999523,0.10399999999999999523
45,-6.25,0.12180000000000000548,0.12180000000000000548
46,-6.25,0.17160000000000000253,0.17160000000000000253
47,-6.25,0.20999999999999999223,0.20999999999999999223
48,-6.25,0.14760000000000000897,0.14760000000000000897
49,-6.25,0.10219999999999999918,0.10219999999999999918
50,-6.25,0.063100000000000003308,0.063100000000000003308
51,-6.25,0.045800000000000000433,0.045800000000000000433
52,-6.25,0.066000000000000003109,0.066000000000000003109
53,-6.25,0.092799999999999993605,0.092799999999999993605
54,-6.25,0.091800000000000006595,0.091800000000000006595
55,-6.25,0.24709999999999998632,0.24709999999999998632
56,-6.25,0.65300000000000002487,0.65300000000000002487
57,-6.25,0.85789999999999999591,0.85789999999999999591
58,-6.25,0.6018000000000000016,0.6018000000000000016
59,-6.25,0.46300000000000002265,0.46300000000000002265
60,-6.25,0.41739999999999999325,0.41739999999999999325
61,-6.25,0.16839999999999999414,0.16839999999999999414
62,-6.25,0.15129999999999999005,0.15129999999999999005
63,-6.25,0.29970000000000002194,0.29970000000000002194
64,-6.25,0.75049999999999994493,0.75049999999999994493
65,-6.25,0.47799999999999998046,0.47799999999999998046
66,-6.25,0.23469999999999999196,0.23469999999999999196
67,-6.25,0.13639999999999999347,0.13639999999999999347
68,-6.25,0.23489999999999999769,0.23489999999999999769
69,-6.25,0.30940000000000000835,0.30940000000000000835
70,-6.25,0.4472999999999999754,0.4472999999999999754
-69,-5,0.77129999999999998561,0.77129999999999998561
-68,-5,0.62439999999999995506,0.62439999999999995506
-67,-5,0.53830000000000000071,0.53830000000000000071
-66,-5,0.80859999999999998543,0.80859999999999998543
-65,-5,0.99339999999999994973,0.99339999999999994973
-64,-5,0.84470000000000000639,0.84470000000000000639
-63,-5,0.74399999999999999467,0.74399999999999999467
-62,-5,0.78390000000000004121,0.78390000000000004121
-61,-5,0.72509999999999996678,0.72509999999999996678
-60,-5,0.74250000000000004885,0.74250000000000004885
-59,-5,0.66290000000000004476,0.66290000000000004476
-58,-5,0.82869999999999999218,0.82869999999999999218
-57,-5,0.79659999999999997478,0.79659999999999997478
-56,-5,0.58350000000000001865,0.58350000000000001865
-55,-5,0.50739999999999996216,0.50739999999999996216
-54,-5,0.81889999999999996128,0.81889999999999996128
-53,-5,0.89570000000000005169,0.89570000000000005169
-52,-5,0.98899999999999999023,0.98899999999999999023
-51,-5,0.82279999999999997584,0.82279999999999997584
-50,-5,0.61199999999999998845,0.61199999999999998845
-49,-5,0.71889999999999998348,0.71889999999999998348
-48,-5,0.87690000000000001279,0.87690000000000001279
-47,-5,0.92530000000000001137,0.92530000000000001137
-46,-5,0.92400000000000004352,0.92400000000000004352
-45,-5,0.50170000000000003482,0.50170000000000003482
-44,-5,0.1317000000000000115,0.1317000000000000115
-43,-5,0.065900000000000000244,0.065900000000000000244
-42,-5,0.077399999999999996581,0.077399999999999996581
-41,-5,0.15470000000000000417,0.15470000000000000417
-40,-5,0.41149999999999997691,0.41149999999999997691
-39,-5,0.80389999999999994795,0.80389999999999994795
-38,-5,0.63660000000000005471,0.63660000000000005471
-37,-5,0.29349999999999998312,0.29349999999999998312
-36,-5,0.51410000000000000142,0.51410000000000000142
-35,-5,0.7874999999999999778,0.7874999999999999778
-34,-5,0.81289999999999995595,0.81289999999999995595
-33,-5,0.6884000000000000119,0.6884000000000000119
-32,-5,0.58860000000000001208,0.58860000000000001208
-31,-5,0.47639999999999999014,0.47639999999999999014
-30,-5,0.78420000000000000817,0.78420000000000000817
-29,-5,0.99209999999999998188,0.99209999999999998188
-28,-5,0.91579999999999994742,0.91579999999999994742
-27,-5,0.60340000000000004743,0.60340000000000004743
-26,-5,0.46460000000000001297,0.46460000000000001297
-25,-5,0.37919999999999998153,0.37919999999999998153
-24,-5,0.33160000000000000586,0.33160000000000000586
-23,-5,0.14799999999999999267,0.14799999999999999267
-22,-5,0.11070000000000000673,0.11070000000000000673
-21,-5,0.42699999999999999067,0.42699999999999999067
-20,-5,0.21110000000000000986,0.21110000000000000986
-19,-5,0.07779999999999999416,0.07779999999999999416
-18,-5,0.16689999999999999281,0.16689999999999999281
-17,-5,0.42170000000000001927,0.42170000000000001927
-16,-5,0.63409999999999999698,0.63409999999999999698
-15,-5,0.80659999999999998366,0.80659999999999998366
-14,-5,0.91549999999999998046,0.91549999999999998046
-13,-5,0.98150000000000003908,0.98150000000000003908
-12,-5,0.93149999999999999467,0.93149999999999999467
-11,-5,0.70120000000000004547,0.70120000000000004547
-10,-5,0.60299999999999998046,0.60299999999999998046
-9,-5,0.34579999999999999627,0.34579999999999999627
-8,-5,0.38090000000000001634,0.38090000000000001634
-7,-5,0.82799999999999995826,0.82799999999999995826
-6,-5,0.91800000000000003819,0.91800000000000003819
-5,-5,0.48759999999999997788,0.48759999999999997788
-4,-5,0.16889999999999999458,0.16889999999999999458
-3,-5,0.15370000000000000329,0.15370000000000000329
-2,-5,0.15049999999999999489,0.15049999999999999489
-1,-5,0.060900000000000002742,0.060900000000000002742
0,-5,0.030399999999999999939,0.030399999999999999939
1,-5,0.029100000000000000866,0.029100000000000000866
2,-5,0.0032000000000000001533,0.0032000000000000001533
3,-5,0.0071999999999999998029,0.0071999999999999998029
4,-5,0.0027000000000000001429,0.0027000000000000001429
5,-5,0.088900000000000006795,0.088900000000000006795
6,-5,0.99299999999999999378,0.99299999999999999378
7,-5,0.85109999999999996767,0.85109999999999996767
8,-5,0.53800000000000003375,0.53800000000000003375
9,-5,0.79530000000000000693,0.79530000000000000693
10,-5,0.6831000000000000405,0.6831000000000000405
11,-5,0.91420000000000001261,0.91420000000000001261
12,-5,0.95909999999999995257,0.95909999999999995257
13,-5,0.67689999999999994618,0.67689999999999994618
14,-5,0.66449999999999997957,0.66449999999999997957
15,-5,0.705400000000000027,0.705400000000000027
16,-5,0.57159999999999999698,0.57159999999999999698
17,-5,0.65669999999999995044,0.65669999999999995044
18,-5,0.83789999999999997815,0.83789999999999997815
19,-5,0.79539999999999999591,0.79539999999999999591
20,-5,0.96060000000000000941,0.96060000000000000941
21,-5,0.70789999999999997371,0.70789999999999997371
22,-5,0.67159999999999997478,0.67159999999999997478
23,-5,0.96479999999999999094,0.96479999999999999094
24,-5,0.44759999999999999787,0.44759999999999999787
25,-5,0.24660000000000001363,0.24660000000000001363
26,-5,0.50970000000000004192,0.50970000000000004192
27,-5,0.36459999999999997966,0.36459999999999997966
28,-5,0.35070000000000001172,0.35070000000000001172
29,-5,0.82379999999999997673,0.82379999999999997673
30,-5,0.99460000000000003961,0.99460000000000003961
31,-5,0.8097999999999999643,0.8097999999999999643
32,-5,0.91330000000000000071,0.91330000000000000071
33,-5,0.76549999999999995826,0.76549999999999995826
34,-5,0.51919999999999999485,0.51919999999999999485
35,-5,0.68500000000000005329,0.68500000000000005329
36,-5,0.97750000000000003553,0.97750000000000003553
37,-5,0.74319999999999997176,0.74319999999999997176
38,-5,0.67120000000000001883,0.67120000000000001883
39,-5,0.35510000000000002673,0.35510000000000002673
40,-5,0.20210000000000000187,0.20210000000000000187
41,-5,0.11650000000000000633,0.11650000000000000633
42,-5,0.043900000000000001521,0.043900000000000001521
43,-5,0.1378999999999999948,0.1378999999999999948
44,-5,0.10190000000000000446,0.10190000000000000446
45,-5,0.13760000000000000009,0.13760000000000000009
46,-5,0.17480000000000001092,0.17480000000000001092
47,-5,0.15950000000000000289,0.15950000000000000289
48,-5,0.14649999999999999134,0.14649999999999999134
49,-5,0.12770000000000000795,0.12770000000000000795
50,-5,0.049399999999999999467,0.049399999999999999467
51,-5,0.054199999999999998179,0.054199999999999998179
52,-5,0.094799999999999995381,0.094799999999999995381
53,-5,0.083299999999999999045,0.083299999999999999045
54,-5,0.048700000000000000233,0.048700000000000000233
55,-5,0.22000000000000000111,0.22000000000000000111
56,-5,0.42009999999999997344,0.42009999999999997344
57,-5,0.58509999999999995346,0.58509999999999995346
58,-5,0.56540000000000001368,0.56540000000000001368
59,-5,0.33939999999999997948,0.33939999999999997948
60,-5,0.22539999999999998925,0.22539999999999998925
61,-5,0.13619999999999998774,0.13619999999999998774
62,-5,0.13830000000000000626,0.13830000000000000626
63,-5,0.25959999999999999742,0.25959999999999999742
64,-5,0.72199999999999997513,0.72199999999999997513
65,-5,0.61680000000000001492,0.61680000000000001492
66,-5,0.20310000000000000275,0.20310000000000000275
67,-5,0.15459999999999998743,0.15459999999999998743
68,-5,0.29130000000000000338,0.29130000000000000338
69,-5,0.49790000000000000924,0.49790000000000000924
70,-5,0.75690000000000001723,0.75690000000000001723
-69,-3.75,0.79339999999999999414,0.79339999999999999414
-68,-3.75,0.51339999999999996749,0.51339999999999996749
-67,-3.75,0.55779999999999996252,0.55779999999999996252
-66,-3.75,0.85040000000000004476,0.85040000000000004476
-65,-3.75,0.99829999999999996518,0.99829999999999996518
-64,-3.75,0.82199999999999995293,0.82199999999999995293
-63,-3.75,0.81240000000000001101,0.81240000000000001101
-62,-3.75,0.848300000000000054,0.848300000000000054
-61,-3.75,0.70199999999999995737,0.70199999999999995737
-60,-3.75,0.60389999999999999236,0.60389999999999999236
-59,-3.75,0.51300000000000001155,0.51300000000000001155
-58,-3.75,0.72640000000000004565,0.72640000000000004565
-57,-3.75,0.70130000000000003446,0.70130000000000003446
-56,-3.75,0.50519999999999998241,0.50519999999999998241
-55,-3.75,0.37919999999999998153,0.37919999999999998153
-54,-3.75,0.79669999999999996376,0.79669999999999996376
-53,-3.75,0.95969999999999999751,0.95969999999999999751
-52,-3.75,0.97909999999999997033,0.97909999999999997033
-51,-3.75,0.8054000000000000048,0.8054000000000000048
-50,-3.75,0.69050000000000000266,0.69050000000000000266
-49,-3.75,0.82059999999999999609,0.82059999999999999609
-48,-3.75,0.96260000000000001119,0.96260000000000001119
-47,-3.75,0.99050000000000004707,0.99050000000000004707
-46,-3.75,0.92300000000000004263,0.92300000000000004263
-45,-3.75,0.51490000000000002434,0.51490000000000002434
-44,-3.75,0.22539999999999998925,0.22539999999999998925
-43,-3.75,0.067199999999999995848,0.067199999999999995848
-42,-3.75,0.12790000000000001368,0.12790000000000001368
-41,-3.75,0.29530000000000000693,0.29530000000000000693
-40,-3.75,0.56379999999999996785,0.56379999999999996785
-39,-3.75,0.84419999999999995044,0.84419999999999995044
-38,-3.75,0.44340000000000001634,0.44340000000000001634
-37,-3.75,0.34329999999999999405,0.34329999999999999405
-36,-3.75,0.4874999999999999889,0.4874999999999999889
-35,-3.75,0.59760000000000002007,0.59760000000000002007
-34,-3.75,0.61999999999999999556,0.61999999999999999556
-33,-3.75,0.46379999999999999005,0.46379999999999999005
-32,-3.75,0.9347999999999999643,0.9347999999999999643
-31,-3.75,0.71279999999999998916,0.71279999999999998916
-30,-3.75,0.80859999999999998543,0.80859999999999998543
-29,-3.75,0.86309999999999997833,0.86309999999999997833
-28,-3.75,0.88149999999999995026,0.88149999999999995026
-27,-3.75,0.57599999999999995648,0.57599999999999995648
-26,-3.75,0.27060000000000000719,0.27060000000000000719
-25,-3.75,0.23360000000000000209,0.23360000000000000209
-24,-3.75,0.13939999999999999614,0.13939999999999999614
-23,-3.75,0.16500000000000000777,0.16500000000000000777
-22,-3.75,0.35560000000000002718,0.35560000000000002718
-21,-3.75,0.3927999999999999825,0.3927999999999999825
-20,-3.75,0.064399999999999998912,0.064399999999999998912
-19,-3.75,0.068599999999999994316,0.068599999999999994316
-18,-3.75,0.17840000000000000302,0.17840000000000000302
-17,-3.75,0.28489999999999998659,0.28489999999999998659
-16,-3.75,0.39169999999999999263,0.39169999999999999263
-15,-3.75,0.67090000000000005187,0.67090000000000005187
-14,-3.75,0.93059999999999998277,0.93059999999999998277
-13,-3.75,0.96579999999999999183,0.96579999999999999183
-12,-3.75,0.97980000000000000426,0.97980000000000000426
-11,-3.75,0.67010000000000002895,0.67010000000000002895
-10,-3.75,0.61240000000000005542,0.61240000000000005542
-9,-3.75,0.61899999999999999467,0.61899999999999999467
-8,-3.75,0.66539999999999999147,0.66539999999999999147
-7,-3.75,0.89429999999999998384,0.89429999999999998384
-6,-3.75,0.95369999999999999218,0.95369999999999999218
-5,-3.75,0.55040000000000000036,0.55040000000000000036
-4,-3.75,0.17419999999999999374,0.17419999999999999374
-3,-3.75,0.11940000000000000613,0.11940000000000000613
-2,-3.75,0.13009999999999999343,0.13009999999999999343
-1,-3.75,0.069400000000000003353,0.069400000000000003353
0,-3.75,0.02670000000000000151,0.02670000000000000151
1,-3.75,0.01490000000000000005,0.01490000000000000005
2,-3.75,0.003299999999999999982,0.003299999999999999982
3,-3.75,0.00449999999999999966,0.00449999999999999966
4,-3.75,0.0020999999999999998702,0.0020999999999999998702
5,-3.75,0.060499999999999998224,0.060499999999999998224
6,-3.75,0.69769999999999998685,0.69769999999999998685
7,-3.75,0.83650000000000002132,0.83650000000000002132
8,-3.75,0.30740000000000000657,0.30740000000000000657
9,-3.75,0.53329999999999999627,0.53329999999999999627
10,-3.75,0.56499999999999994671,0.56499999999999994671
11,-3.75,0.63239999999999996216,0.63239999999999996216
12,-3.75,0.7206000000000000183,0.7206000000000000183
13,-3.75,0.72760000000000002451,0.72760000000000002451
14,-3.75,0.48409999999999997478,0.48409999999999997478
15,-3.75,0.62880000000000002558,0.62880000000000002558
16,-3.75,0.77029999999999998472,0.77029999999999998472
17,-3.75,0.62350000000000005418,0.62350000000000005418
18,-3.75,0.8849000000000000199,0.8849000000000000199
19,-3.75,0.93440000000000000835,0.93440000000000000835
20,-3.75,0.59799999999999997602,0.59799999999999997602
21,-3.75,0.45729999999999998428,0.45729999999999998428
22,-3.75,0.7784999999999999698,0.7784999999999999698
23,-3.75,0.87390000000000001013,0.87390000000000001013
24,-3.75,0.54520000000000001794,0.54520000000000001794
25,-3.75,0.70169999999999999041,0.70169999999999999041
26,-3.75,0.97909999999999997033,0.97909999999999997033
27,-3.75,0.44769999999999998685,0.44769999999999998685
28,-3.75,0.19220000000000000973,0.19220000000000000973
29,-3.75,0.4616000000000000103,0.4616000000000000103
30,-3.75,0.96630000000000004778,0.96630000000000004778
31,-3.75,0.59370000000000000551,0.59370000000000000551
32,-3.75,0.94820000000000004281,0.94820000000000004281
33,-3.75,0.98729999999999995541,0.98729999999999995541
34,-3.75,0.83630000000000004334,0.83630000000000004334
35,-3.75,0.73050000000000003819,0.73050000000000003819
36,-3.75,0.85350000000000003642,0.85350000000000003642
37,-3.75,0.83430000000000004157,0.83430000000000004157
38,-3.75,0.66710000000000002629,0.66710000000000002629
39,-3.75,0.69310000000000004938,0.69310000000000004938
40,-3.75,0.39800000000000002043,0.39800000000000002043
41,-3.75,0.15740000000000001212,0.15740000000000001212
42,-3.75,0.061600000000000001976,0.061600000000000001976
43,-3.75,0.13980000000000000759,0.13980000000000000759
44,-3.75,0.21609999999999998654,0.21609999999999998654
45,-3.75,0.17630000000000001226,0.17630000000000001226
46,-3.75,0.18990000000000001323,0.18990000000000001323
47,-3.75,0.15070000000000000062,0.15070000000000000062
48,-3.75,0.24129999999999998672,0.24129999999999998672
49,-3.75,0.32490000000000002212,0.32490000000000002212
50,-3.75,0.090300000000000005262,0.090300000000000005262
51,-3.75,0.074999999999999997224,0.074999999999999997224
52,-3.75,0.12099999999999999645,0.12099999999999999645
53,-3.75,0.17519999999999999463,0.17519999999999999463
54,-3.75,0.15229999999999999094,0.15229999999999999094
55,-3.75,0.13300000000000000711,0.13300000000000000711
56,-3.75,0.030499999999999999334,0.030499999999999999334
57,-3.75,0.099199999999999996514,0.099199999999999996514
58,-3.75,0.33329999999999998517,0.33329999999999998517
59,-3.75,0.3518000000000000016,0.3518000000000000016
60,-3.75,0.1401999999999999913,0.1401999999999999913
61,-3.75,0.17160000000000000253,0.17160000000000000253
62,-3.75,0.22859999999999999765,0.22859999999999999765
63,-3.75,0.26969999999999999529,0.26969999999999999529
64,-3.75,0.65229999999999999094,0.65229999999999999094
65,-3.75,0.81510000000000004672,0.81510000000000004672
66,-3.75,0.3063000000000000167,0.3063000000000000167
67,-3.75,0.27550000000000002265,0.27550000000000002265
68,-3.75,0.4188000000000000056,0.4188000000000000056
69,-3.75,0.76539999999999996927,0.76539999999999996927
70,-3.75,0.9572000000000000508,0.9572000000000000508
-69,-2.5,0.8849000000000000199,0.8849000000000000199
-68,-2.5,0.54659999999999997478,0.54659999999999997478
-67,-2.5,0.64429999999999998384,0.64429999999999998384
-66,-2.5,0.90580000000000004956,0.90580000000000004956
-65,-2.5,0.99770000000000003126,0.99770000000000003126
-64,-2.5,0.89680000000000004157,0.89680000000000004157
-63,-2.5,0.93689999999999995506,0.93689999999999995506
-62,-2.5,0.93159999999999998366,0.93159999999999998366
-61,-2.5,0.80330000000000001403,0.80330000000000001403
-60,-2.5,0.5724000000000000199,0.5724000000000000199
-59,-2.5,0.47239999999999998659,0.47239999999999998659
-58,-2.5,0.64180000000000003713,0.64180000000000003713
-57,-2.5,0.60660000000000002807,0.60660000000000002807
-56,-2.5,0.53020000000000000462,0.53020000000000000462
-55,-2.5,0.51839999999999997193,0.51839999999999997193
-54,-2.5,0.8366000000000000103,0.8366000000000000103
-53,-2.5,0.88529999999999997584,0.88529999999999997584
-52,-2.5,0.93330000000000001847,0.93330000000000001847
-51,-2.5,0.73399999999999998579,0.73399999999999998579
-50,-2.5,0.72170000000000000817,0.72170000000000000817
-49,-2.5,0.93969999999999997975,0.93969999999999997975
-48,-2.5,0.93140000000000000568,0.93140000000000000568
-47,-2.5,0.99960000000000004405,0.99960000000000004405
-46,-2.5,0.89029999999999998028,0.89029999999999998028
-45,-2.5,0.51060000000000005382,0.51060000000000005382
-44,-2.5,0.36239999999999999991,0.36239999999999999991
-43,-2.5,0.15390000000000000902,0.15390000000000000902
-42,-2.5,0.50719999999999998419,0.50719999999999998419
-41,-2.5,0.57030000000000002913,0.57030000000000002913
-40,-2.5,0.47379999999999999893,0.47379999999999999893
-39,-2.5,0.5786000000000000032,0.5786000000000000032
-38,-2.5,0.36259999999999997788,0.36259999999999997788
-37,-2.5,0.36020000000000002016,0.36020000000000002016
-36,-2.5,0.28489999999999998659,0.28489999999999998659
-35,-2.5,0.29630000000000000782,0.29630000000000000782
-34,-2.5,0.71350000000000002309,0.71350000000000002309
-33,-2.5,0.39569999999999999618,0.39569999999999999618
-32,-2.5,0.93049999999999999378,0.93049999999999999378
-31,-2.5,0.98419999999999996376,0.98419999999999996376
-30,-2.5,0.83169999999999999485,0.83169999999999999485
-29,-2.5,0.90949999999999997513,0.90949999999999997513
-28,-2.5,0.80659999999999998366,0.80659999999999998366
-27,-2.5,0.41229999999999999982,0.41229999999999999982
-26,-2.5,0.23799999999999998934,0.23799999999999998934
-25,-2.5,0.39140000000000002567,0.39140000000000002567
-24,-2.5,0.41899999999999998357,0.41899999999999998357
-23,-2.5,0.54039999999999999147,0.54039999999999999147
-22,-2.5,0.64649999999999996358,0.64649999999999996358
-21,-2.5,0.14189999999999999836,0.14189999999999999836
-20,-2.5,0.076600000000000001421,0.076600000000000001421
-19,-2.5,0.087700000000000000178,0.087700000000000000178
-18,-2.5,0.2335000000000000131,0.2335000000000000131
-17,-2.5,0.25779999999999997362,0.25779999999999997362
-16,-2.5,0.45519999999999999352,0.45519999999999999352
-15,-2.5,0.69650000000000000799,0.69650000000000000799
-14,-2.5,0.93950000000000000178,0.93950000000000000178
-13,-2.5,0.99429999999999996163,0.99429999999999996163
-12,-2.5,0.9653000000000000469,0.9653000000000000469
-11,-2.5,0.75939999999999996394,0.75939999999999996394
-10,-2.5,0.70160000000000000142,0.70160000000000000142
-9,-2.5,0.55889999999999995239,0.55889999999999995239
-8,-2.5,0.65200000000000002398,0.65200000000000002398
-7,-2.5,0.90039999999999997815,0.90039999999999997815
-6,-2.5,0.95409999999999994813,0.95409999999999994813
-5,-2.5,0.6596999999999999531,0.6596999999999999531
-4,-2.5,0.24219999999999999862,0.24219999999999999862
-3,-2.5,0.14460000000000000631,0.14460000000000000631
-2,-2.5,0.15290000000000000813,0.15290000000000000813
-1,-2.5,0.10069999999999999785,0.10069999999999999785
0,-2.5,0.031600000000000003086,0.031600000000000003086
1,-2.5,0.011599999999999999201,0.011599999999999999201
2,-2.5,0.003899999999999999821,0.003899999999999999821
3,-2.5,0.0023999999999999997898,0.0023999999999999997898
4,-2.5,0.0035999999999999999015,0.0035999999999999999015
5,-2.5,0.073400000000000006906,0.073400000000000006906
6,-2.5,0.61760000000000003784,0.61760000000000003784
7,-2.5,0.93140000000000000568,0.93140000000000000568
8,-2.5,0.88660000000000005471,0.88660000000000005471
9,-2.5,0.90659999999999996145,0.90659999999999996145
10,-2.5,0.7936999999999999611,0.7936999999999999611
11,-2.5,0.70469999999999999307,0.70469999999999999307
12,-2.5,0.6704999999999999849,0.6704999999999999849
13,-2.5,0.81079999999999996518,0.81079999999999996518
14,-2.5,0.66890000000000005009,0.66890000000000005009
15,-2.5,0.58140000000000002789,0.58140000000000002789
16,-2.5,0.70379999999999998117,0.70379999999999998117
17,-2.5,0.74760000000000004228,0.74760000000000004228
18,-2.5,0.90469999999999994866,0.90469999999999994866
19,-2.5,0.53910000000000002363,0.53910000000000002363
20,-2.5,0.34720000000000000862,0.34720000000000000862
21,-2.5,0.28210000000000001741,0.28210000000000001741
22,-2.5,0.30959999999999998632,0.30959999999999998632
23,-2.5,0.77290000000000003144,0.77290000000000003144
24,-2.5,0.39760000000000000897,0.39760000000000000897
25,-2.5,0.56189999999999995506,0.56189999999999995506
26,-2.5,0.98560000000000003162,0.98560000000000003162
27,-2.5,0.89090000000000002522,0.89090000000000002522
28,-2.5,0.28199999999999997291,0.28199999999999997291
29,-2.5,0.56889999999999996128,0.56889999999999996128
30,-2.5,0.89390000000000002789,0.89390000000000002789
31,-2.5,0.9597999999999999865,0.9597999999999999865
32,-2.5,0.88590000000000002078,0.88590000000000002078
33,-2.5,0.97789999999999999147,0.97789999999999999147
34,-2.5,0.82530000000000003357,0.82530000000000003357
35,-2.5,0.33779999999999998916,0.33779999999999998916
36,-2.5,0.96879999999999999449,0.96879999999999999449
37,-2.5,0.62080000000000001847,0.62080000000000001847
38,-2.5,0.81359999999999998987,0.81359999999999998987
39,-2.5,0.71889999999999998348,0.71889999999999998348
40,-2.5,0.27450000000000002176,0.27450000000000002176
41,-2.5,0.2432999999999999885,0.2432999999999999885
42,-2.5,0.13409999999999999698,0.13409999999999999698
43,-2.5,0.17510000000000000564,0.17510000000000000564
44,-2.5,0.20210000000000000187,0.20210000000000000187
45,-2.5,0.17180000000000000826,0.17180000000000000826
46,-2.5,0.15800000000000000155,0.15800000000000000155
47,-2.5,0.12909999999999999254,0.12909999999999999254
48,-2.5,0.30120000000000002327,0.30120000000000002327
49,-2.5,0.38940000000000002389,0.38940000000000002389
50,-2.5,0.17869999999999999774,0.17869999999999999774
51,-2.5,0.17469999999999999418,0.17469999999999999418
52,-2.5,0.11350000000000000366,0.11350000000000000366
53,-2.5,0.16669999999999998708,0.16669999999999998708
54,-2.5,0.20110000000000000098,0.20110000000000000098
55,-2.5,0.15590000000000001079,0.15590000000000001079
56,-2.5,0.039300000000000001599,0.039300000000000001599
57,-2.5,0.14410000000000000586,0.14410000000000000586
58,-2.5,0.46060000000000000941,0.46060000000000000941
59,-2.5,0.61399999999999999023,0.61399999999999999023
60,-2.5,0.29210000000000002629,0.29210000000000002629
61,-2.5,0.24240000000000000435,0.24240000000000000435
62,-2.5,0.34100000000000002531,0.34100000000000002531
63,-2.5,0.26460000000000000187,0.26460000000000000187
64,-2.5,0.56659999999999999254,0.56659999999999999254
65,-2.5,0.89770000000000005347,0.89770000000000005347
66,-2.5,0.68430000000000001936,0.68430000000000001936
67,-2.5,0.69510000000000005116,0.69510000000000005116
68,-2.5,0.71730000000000004867,0.71730000000000004867
69,-2.5,0.97160000000000001918,0.97160000000000001918
70,-2.5,0.8864999999999999547,0.8864999999999999547
-69,-1.25,0.98909999999999997922,0.98909999999999997922
-68,-1.25,0.70189999999999996838,0.70189999999999996838
-67,-1.25,0.76070000000000004281,0.76070000000000004281
-66,-1.25,0.95050000000000001155,0.95050000000000001155
-65,-1.25,0.99109999999999998099,0.99109999999999998099
-64,-1.25,0.97870000000000001439,0.97870000000000001439
-63,-1.25,0.99570000000000002949,0.99570000000000002949
-62,-1.25,0.98819999999999996732,0.98819999999999996732
-61,-1.25,0.92869999999999996998,0.92869999999999996998
-60,-1.25,0.69299999999999994937,0.69299999999999994937
-59,-1.25,0.49109999999999998099,0.49109999999999998099
-58,-1.25,0.49120000000000002549,0.49120000000000002549
-57,-1.25,0.52480000000000004423,0.52480000000000004423
-56,-1.25,0.57389999999999996572,0.57389999999999996572
-55,-1.25,0.47329999999999999849,0.47329999999999999849
-54,-1.25,0.78790000000000004476,0.78790000000000004476
-53,-1.25,0.70930000000000004157,0.70930000000000004157
-52,-1.25,0.65320000000000000284,0.65320000000000000284
-51,-1.25,0.57059999999999999609,0.57059999999999999609
-50,-1.25,0.77359999999999995435,0.77359999999999995435
-49,-1.25,0.81989999999999996216,0.81989999999999996216
-48,-1.25,0.8106999999999999762,0.8106999999999999762
-47,-1.25,0.99499999999999999556,0.99499999999999999556
-46,-1.25,0.82110000000000005205,0.82110000000000005205
-45,-1.25,0.58589999999999997637,0.58589999999999997637
-44,-1.25,0.35339999999999999192,0.35339999999999999192
-43,-1.25,0.21690000000000000946,0.21690000000000000946
-42,-1.25,0.84609999999999996323,0.84609999999999996323
-41,-1.25,0.56489999999999995772,0.56489999999999995772
-40,-1.25,0.47539999999999998925,0.47539999999999998925
-39,-1.25,0.42890000000000000346,0.42890000000000000346
-38,-1.25,0.26560000000000000275,0.26560000000000000275
-37,-1.25,0.21019999999999999796,0.21019999999999999796
-36,-1.25,0.20719999999999999529,0.20719999999999999529
-35,-1.25,0.38850000000000001199,0.38850000000000001199
-34,-1.25,0.55869999999999997442,0.55869999999999997442
-33,-1.25,0.46729999999999999316,0.46729999999999999316
-32,-1.25,0.79349999999999998312,0.79349999999999998312
-31,-1.25,0.96140000000000003233,0.96140000000000003233
-30,-1.25,0.93759999999999998899,0.93759999999999998899
-29,-1.25,0.9972999999999999643,0.9972999999999999643
-28,-1.25,0.88270000000000004015,0.88270000000000004015
-27,-1.25,0.71389999999999997904,0.71389999999999997904
-26,-1.25,0.61699999999999999289,0.61699999999999999289
-25,-1.25,0.63439999999999996394,0.63439999999999996394
-24,-1.25,0.52359999999999995435,0.52359999999999995435
-23,-1.25,0.60299999999999998046,0.60299999999999998046
-22,-1.25,0.6036000000000000254,0.6036000000000000254
-21,-1.25,0.24310000000000001052,0.24310000000000001052
-20,-1.25,0.068400000000000002465,0.068400000000000002465
-19,-1.25,0.15229999999999999094,0.15229999999999999094
-18,-1.25,0.21310000000000001164,0.21310000000000001164
-17,-1.25,0.41010000000000002007,0.41010000000000002007
-16,-1.25,0.57930000000000003713,0.57930000000000003713
-15,-1.25,0.66320000000000001172,0.66320000000000001172
-14,-1.25,0.82320000000000004281,0.82320000000000004281
-13,-1.25,0.98229999999999995097,0.98229999999999995097
-12,-1.25,0.9474000000000000199,0.9474000000000000199
-11,-1.25,0.84479999999999999538,0.84479999999999999538
-10,-1.25,0.63810000000000000053,0.63810000000000000053
-9,-1.25,0.5525999999999999801,0.5525999999999999801
-8,-1.25,0.57889999999999997016,0.57889999999999997016
-7,-1.25,0.87739999999999995772,0.87739999999999995772
-6,-1.25,0.99970000000000003304,0.99970000000000003304
-5,-1.25,0.7286000000000000254,0.7286000000000000254
-4,-1.25,0.21959999999999998965,0.21959999999999998965
-3,-1.25,0.18809999999999998943,0.18809999999999998943
-2,-1.25,0.22020000000000000684,0.22020000000000000684
-1,-1.25,0.16139999999999998792,0.16139999999999998792
0,-1.25,0.062700000000000005729,0.062700000000000005729
1,-1.25,0.013700000000000000372,0.013700000000000000372
2,-1.25,0.0041999999999999997405,0.0041999999999999997405
3,-1.25,0.0022999999999999999611,0.0022999999999999999611
4,-1.25,0.0023999999999999997898,0.0023999999999999997898
5,-1.25,0.033500000000000001998,0.033500000000000001998
6,-1.25,0.61819999999999997176,0.61819999999999997176
7,-1.25,0.99460000000000003961,0.99460000000000003961
8,-1.25,0.88339999999999996305,0.88339999999999996305
9,-1.25,0.77349999999999996536,0.77349999999999996536
10,-1.25,0.70520000000000004903,0.70520000000000004903
11,-1.25,0.69089999999999995861,0.69089999999999995861
12,-1.25,0.57230000000000003091,0.57230000000000003091
13,-1.25,0.65139999999999997904,0.65139999999999997904
14,-1.25,0.79220000000000001528,0.79220000000000001528
15,-1.25,0.86980000000000001759,0.86980000000000001759
16,-1.25,0.65529999999999999361,0.65529999999999999361
17,-1.25,0.71299999999999996714,0.71299999999999996714
18,-1.25,0.87570000000000003393,0.87570000000000003393
19,-1.25,0.72319999999999995399,0.72319999999999995399
20,-1.25,0.14230000000000000981,0.14230000000000000981
21,-1.25,0.49030000000000001359,0.49030000000000001359
22,-1.25,0.74950000000000005507,0.74950000000000005507
23,-1.25,0.11909999999999999754,0.11909999999999999754
24,-1.25,0.029000000000000001471,0.029000000000000001471
25,-1.25,0.88829999999999997851,0.88829999999999997851
26,-1.25,0.85409999999999997033,0.85409999999999997033
27,-1.25,0.90910000000000001918,0.90910000000000001918
28,-1.25,0.7168999999999999817,0.7168999999999999817
29,-1.25,0.84609999999999996323,0.84609999999999996323
30,-1.25,0.714199999999999946,0.714199999999999946
31,-1.25,0.95189999999999996838,0.95189999999999996838
32,-1.25,0.87729999999999996874,0.87729999999999996874
33,-1.25,0.88780000000000003357,0.88780000000000003357
34,-1.25,0.94120000000000003659,0.94120000000000003659
35,-1.25,0.50519999999999998241,0.50519999999999998241
36,-1.25,0.93759999999999998899,0.93759999999999998899
37,-1.25,0.77710000000000001297,0.77710000000000001297
38,-1.25,0.67810000000000003606,0.67810000000000003606
39,-1.25,0.90649999999999997247,0.90649999999999997247
40,-1.25,0.88390000000000001901,0.88390000000000001901
41,-1.25,0.47489999999999998881,0.47489999999999998881
42,-1.25,0.20699999999999998956,0.20699999999999998956
43,-1.25,0.23589999999999999858,0.23589999999999999858
44,-1.25,0.12429999999999999383,0.12429999999999999383
45,-1.25,0.070499999999999993228,0.070499999999999993228
46,-1.25,0.094799999999999995381,0.094799999999999995381
47,-1.25,0.1320999999999999952,0.1320999999999999952
48,-1.25,0.21040000000000000369,0.21040000000000000369
49,-1.25,0.36170000000000002149,0.36170000000000002149
50,-1.25,0.17619999999999999551,0.17619999999999999551
51,-1.25,0.17210000000000000298,0.17210000000000000298
52,-1.25,0.1887999999999999956,0.1887999999999999956
53,-1.25,0.15359999999999998654,0.15359999999999998654
54,-1.25,0.088499999999999995337,0.088499999999999995337
55,-1.25,0.082299999999999998157,0.082299999999999998157
56,-1.25,0.068599999999999994316,0.068599999999999994316
57,-1.25,0.26469999999999999085,0.26469999999999999085
58,-1.25,0.74480000000000001759,0.74480000000000001759
59,-1.25,0.79169999999999995932,0.79169999999999995932
60,-1.25,0.52439999999999997726,0.52439999999999997726
61,-1.25,0.34350000000000002753,0.34350000000000002753
62,-1.25,0.38709999999999999964,0.38709999999999999964
63,-1.25,0.31330000000000002292,0.31330000000000002292
64,-1.25,0.46650000000000002576,0.46650000000000002576
65,-1.25,0.68279999999999996252,0.68279999999999996252
66,-1.25,0.94340000000000001634,0.94340000000000001634
67,-1.25,0.92830000000000001403,0.92830000000000001403
68,-1.25,0.98409999999999997478,0.98409999999999997478
69,-1.25,0.87660000000000004583,0.87660000000000004583
70,-1.25,0.86839999999999994973,0.86839999999999994973
-69,0,0.95250000000000001332,0.95250000000000001332
-68,0,0.85570000000000001616,0.85570000000000001616
-67,0,0.8731999999999999762,0.8731999999999999762
-66,0,0.98240000000000005098,0.98240000000000005098
-65,0,0.98099999999999998312,0.98099999999999998312
-64,0,0.9929000000000000048,0.9929000000000000048
-63,0,0.99709999999999998632,0.99709999999999998632
-62,0,0.98650000000000004352,0.98650000000000004352
-61,0,0.98109999999999997211,0.98109999999999997211
-60,0,0.84450000000000002842,0.84450000000000002842
-59,0,0.56010000000000004228,0.56010000000000004228
-58,0,0.35739999999999999547,0.35739999999999999547
-57,0,0.50470000000000003748,0.50470000000000003748
-56,0,0.63049999999999994937,0.63049999999999994937
-55,0,0.41589999999999999192,0.41589999999999999192
-54,0,0.69630000000000003002,0.69630000000000003002
-53,0,0.5652000000000000357,0.5652000000000000357
-52,0,0.53159999999999996145,0.53159999999999996145
-51,0,0.63370000000000004103,0.63370000000000004103
-50,0,0.7778000000000000469,0.7778000000000000469
-49,0,0.88390000000000001901,0.88390000000000001901
-48,0,0.7447000000000000286,0.7447000000000000286
-47,0,0.98350000000000004086,0.98350000000000004086
-46,0,0.91010000000000002007,0.91010000000000002007
-45,0,0.66690000000000004832,0.66690000000000004832
-44,0,0.45350000000000001421,0.45350000000000001421
-43,0,0.44519999999999998463,0.44519999999999998463
-42,0,0.74950000000000005507,0.74950000000000005507
-41,0,0.82809999999999994724,0.82809999999999994724
-40,0,0.71789999999999998259,0.71789999999999998259
-39,0,0.43609999999999998765,0.43609999999999998765
-38,0,0.21179999999999998828,0.21179999999999998828
-37,0,0.15970000000000000862,0.15970000000000000862
-36,0,0.23200000000000001177,0.23200000000000001177
-35,0,0.74150000000000004796,0.74150000000000004796
-34,0,0.41439999999999999059,0.41439999999999999059
-33,0,0.31300000000000000044,0.31300000000000000044
-32,0,0.66259999999999996678,0.66259999999999996678
-31,0,0.89259999999999994902,0.89259999999999994902
-30,0,0.88680000000000003268,0.88680000000000003268
-29,0,0.8650999999999999801,0.8650999999999999801
-28,0,0.98219999999999996199,0.98219999999999996199
-27,0,0.98009999999999997122,0.98009999999999997122
-26,0,0.93269999999999997353,0.93269999999999997353
-25,0,0.74219999999999997087,0.74219999999999997087
-24,0,0.56079999999999996518,0.56079999999999996518
-23,0,0.63290000000000001812,0.63290000000000001812
-22,0,0.46839999999999998304,0.46839999999999998304
-21,0,0.12320000000000000395,0.12320000000000000395
-20,0,0.20699999999999998956,0.20699999999999998956
-19,0,0.29580000000000000737,0.29580000000000000737
-18,0,0.25219999999999997975,0.25219999999999997975
-17,0,0.42620000000000002327,0.42620000000000002327
-16,0,0.56759999999999999343,0.56759999999999999343
-15,0,0.84860000000000002096,0.84860000000000002096
-14,0,0.95820000000000005169,0.95820000000000005169
-13,0,0.98560000000000003162,0.98560000000000003162
-12,0,0.90269999999999994689,0.90269999999999994689
-11,0,0.70399999999999995914,0.70399999999999995914
-10,0,0.41930000000000000604,0.41930000000000000604
-9,0,0.35899999999999998579,0.35899999999999998579
-8,0,0.49190000000000000391,0.49190000000000000391
-7,0,0.87350000000000005418,0.87350000000000005418
-6,0,0.99980000000000002203,0.99980000000000002203
-5,0,0.70840000000000002967,0.70840000000000002967
-4,0,0.27329999999999998739,0.27329999999999998739
-3,0,0.26040000000000002034,0.26040000000000002034
-2,0,0.22980000000000000426,0.22980000000000000426
-1,0,0.16750000000000000999,0.16750000000000000999
0,0,0.066699999999999995404,0.066699999999999995404
1,0,0.010200000000000000733,0.010200000000000000733
2,0,0.0051999999999999997613,0.0051999999999999997613
3,0,0.0035999999999999999015,0.0035999999999999999015
4,0,0.003899999999999999821,0.003899999999999999821
5,0,0.012099999999999999645,0.012099999999999999645
6,0,0.35410000000000002585,0.35410000000000002585
7,0,0.98099999999999998312,0.98099999999999998312
8,0,0.9838999999999999968,0.9838999999999999968
9,0,0.9616000000000000103,0.9616000000000000103
10,0,0.65920000000000000817,0.65920000000000000817
11,0,0.55240000000000000213,0.55240000000000000213
12,0,0.45490000000000002656,0.45490000000000002656
13,0,0.56789999999999996039,0.56789999999999996039
14,0,0.85840000000000005187,0.85840000000000005187
15,0,0.97230000000000005311,0.97230000000000005311
16,0,0.75360000000000004761,0.75360000000000004761
17,0,0.77810000000000001386,0.77810000000000001386
18,0,0.97340000000000004299,0.97340000000000004299
19,0,0.99990000000000001101,0.99990000000000001101
20,0,0.86629999999999995897,0.86629999999999995897
21,0,0.52329999999999998739,0.52329999999999998739
22,0,0.82569999999999998952,0.82569999999999998952
23,0,0.24310000000000001052,0.24310000000000001052
24,0,0.47089999999999998526,0.47089999999999998526
25,0,0.95279999999999998028,0.95279999999999998028
26,0,0.91290000000000004476,0.91290000000000004476
27,0,0.7599000000000000199,0.7599000000000000199
28,0,0.96079999999999998739,0.96079999999999998739
29,0,0.93059999999999998277,0.93059999999999998277
30,0,0.91710000000000002629,0.91710000000000002629
31,0,0.52390000000000003233,0.52390000000000003233
32,0,0.73160000000000002807,0.73160000000000002807
33,0,0.87399999999999999911,0.87399999999999999911
34,0,0.91669999999999995932,0.91669999999999995932
35,0,0.94799999999999995381,0.94799999999999995381
36,0,0.4652000000000000024,0.4652000000000000024
37,0,0.7623999999999999666,0.7623999999999999666
38,0,0.63660000000000005471,0.63660000000000005471
39,0,0.86270000000000002238,0.86270000000000002238
40,0,0.84579999999999999627,0.84579999999999999627
41,0,0.51739999999999997105,0.51739999999999997105
42,0,0.26469999999999999085,0.26469999999999999085
43,0,0.30520000000000002682,0.30520000000000002682
44,0,0.090800000000000005707,0.090800000000000005707
45,0,0.030399999999999999939,0.030399999999999999939
46,0,0.073999999999999996336,0.073999999999999996336
47,0,0.2290000000000000091,0.2290000000000000091
48,0,0.2661000000000000032,0.2661000000000000032
49,0,0.3027000000000000246,0.3027000000000000246
50,0,0.11150000000000000189,0.11150000000000000189
51,0,0.13359999999999999654,0.13359999999999999654
52,0,0.16550000000000000822,0.16550000000000000822
53,0,0.15579999999999999405,0.15579999999999999405
54,0,0.031500000000000000222,0.031500000000000000222
55,0,0.042599999999999998979,0.042599999999999998979
56,0,0.045699999999999997569,0.045699999999999997569
57,0,0.27789999999999998037,0.27789999999999998037
58,0,0.85480000000000000426,0.85480000000000000426
59,0,0.84870000000000000995,0.84870000000000000995
60,0,0.61319999999999996732,0.61319999999999996732
61,0,0.4213999999999999968,0.4213999999999999968
62,0,0.39319999999999999396,0.39319999999999999396
63,0,0.47639999999999999014,0.47639999999999999014
64,0,0.44500000000000000666,0.44500000000000000666
65,0,0.55740000000000000657,0.55740000000000000657
66,0,0.80889999999999995239,0.80889999999999995239
67,0,0.63980000000000003535,0.63980000000000003535
68,0,0.74170000000000002593,0.74170000000000002593
69,0,0.82999999999999996003,0.82999999999999996003
70,0,0.83350000000000001865,0.83350000000000001865
-69,1.25,0.84870000000000000995,0.84870000000000000995
-68,1.25,0.97689999999999999059,0.97689999999999999059
-67,1.25,0.96199999999999996625,0.96199999999999996625
-66,1.25,0.99939999999999995506,0.99939999999999995506
-65,1.25,0.98860000000000003428,0.98860000000000003428
-64,1.25,0.98929999999999995719,0.98929999999999995719
-63,1.25,0.99660000000000004139,0.99660000000000004139
-62,1.25,0.96740000000000003766,0.96740000000000003766
-61,1.25,0.98370000000000001883,0.98370000000000001883
-60,1.25,0.84979999999999999982,0.84979999999999999982
-59,1.25,0.54769999999999996465,0.54769999999999996465
-58,1.25,0.37759999999999999121,0.37759999999999999121
-57,1.25,0.52270000000000005347,0.52270000000000005347
-56,1.25,0.57820000000000004725,0.57820000000000004725
-55,1.25,0.53869999999999995666,0.53869999999999995666
-54,1.25,0.73619999999999996554,0.73619999999999996554
-53,1.25,0.44209999999999999298,0.44209999999999999298
-52,1.25,0.57999999999999996003,0.57999999999999996003
-51,1.25,0.64539999999999997371,0.64539999999999997371
-50,1.25,0.80820000000000002949,0.80820000000000002949
-49,1.25,0.92640000000000000124,0.92640000000000000124
-48,1.25,0.86929999999999996163,0.86929999999999996163
-47,1.25,0.86629999999999995897,0.86629999999999995897
-46,1.25,0.96660000000000001474,0.96660000000000001474
-45,1.25,0.80340000000000000302,0.80340000000000000302
-44,1.25,0.53139999999999998348,0.53139999999999998348
-43,1.25,0.51910000000000000586,0.51910000000000000586
-42,1.25,0.44469999999999998419,0.44469999999999998419
-41,1.25,0.54510000000000002895,0.54510000000000002895
-40,1.25,0.90359999999999995879,0.90359999999999995879
-39,1.25,0.39869999999999999885,0.39869999999999999885
-38,1.25,0.23189999999999999503,0.23189999999999999503
-37,1.25,0.12829999999999999738,0.12829999999999999738
-36,1.25,0.34660000000000001918,0.34660000000000001918
-35,1.25,0.48420000000000001927,0.48420000000000001927
-34,1.25,0.37990000000000001545,0.37990000000000001545
-33,1.25,0.40539999999999998259,0.40539999999999998259
-32,1.25,0.98460000000000003073,0.98460000000000003073
-31,1.25,0.99980000000000002203,0.99980000000000002203
-30,1.25,0.98689999999999999947,0.98689999999999999947
-29,1.25,0.88859999999999994547,0.88859999999999994547
-28,1.25,0.93159999999999998366,0.93159999999999998366
-27,1.25,0.92079999999999995186,0.92079999999999995186
-26,1.25,0.68120000000000002771,0.68120000000000002771
-25,1.25,0.76639999999999997016,0.76639999999999997016
-24,1.25,0.81810000000000004938,0.81810000000000004938
-23,1.25,0.47939999999999999281,0.47939999999999999281
-22,1.25,0.23050000000000001044,0.23050000000000001044
-21,1.25,0.17699999999999999067,0.17699999999999999067
-20,1.25,0.42270000000000002016,0.42270000000000002016
-19,1.25,0.35930000000000000826,0.35930000000000000826
-18,1.25,0.32640000000000002345,0.32640000000000002345
-17,1.25,0.26450000000000001288,0.26450000000000001288
-16,1.25,0.53790000000000004476,0.53790000000000004476
-15,1.25,0.82010000000000005116,0.82010000000000005116
-14,1.25,0.88280000000000002913,0.88280000000000002913
-13,1.25,0.94669999999999998597,0.94669999999999998597
-12,1.25,0.8811999999999999833,0.8811999999999999833
-11,1.25,0.51780000000000003801,0.51780000000000003801
-10,1.25,0.22420000000000001039,0.22420000000000001039
-9,1.25,0.26669999999999999263,0.26669999999999999263
-8,1.25,0.60299999999999998046,0.60299999999999998046
-7,1.25,0.9445999999999999952,0.9445999999999999952
-6,1.25,0.93559999999999998721,0.93559999999999998721
-5,1.25,0.42630000000000001226,0.42630000000000001226
-4,1.25,0.28399999999999997469,0.28399999999999997469
-3,1.25,0.25790000000000001812,0.25790000000000001812
-2,1.25,0.19869999999999998774,0.19869999999999998774
-1,1.25,0.13969999999999999085,0.13969999999999999085
0,1.25,0.029200000000000000261,0.029200000000000000261
1,1.25,0.0048999999999999998418,0.0048999999999999998418
2,1.25,0.0030999999999999998911,0.0030999999999999998911
3,1.25,0.0018999999999999999962,0.0018999999999999999962
4,1.25,0.0025999999999999998807,0.0025999999999999998807
5,1.25,0.0064000000000000003067,0.0064000000000000003067
6,1.25,0.076200000000000003841,0.076200000000000003841
7,1.25,0.88729999999999997762,0.88729999999999997762
8,1.25,0.8579999999999999849,0.8579999999999999849
9,1.25,0.83879999999999999005,0.83879999999999999005
10,1.25,0.5161000000000000032,0.5161000000000000032
11,1.25,0.50149999999999994582,0.50149999999999994582
12,1.25,0.36199999999999998845,0.36199999999999998845
13,1.25,0.39500000000000001776,0.39500000000000001776
14,1.25,0.5659999999999999476,0.5659999999999999476
15,1.25,0.78830000000000000071,0.78830000000000000071
16,1.25,0.65080000000000004512,0.65080000000000004512
17,1.25,0.57979999999999998206,0.57979999999999998206
18,1.25,0.80179999999999995719,0.80179999999999995719
19,1.25,0.88239999999999996216,0.88239999999999996216
20,1.25,0.94330000000000002736,0.94330000000000002736
21,1.25,0.98809999999999997833,0.98809999999999997833
22,1.25,0.74219999999999997087,0.74219999999999997087
23,1.25,0.10509999999999999898,0.10509999999999999898
24,1.25,0.026399999999999999856,0.026399999999999999856
25,1.25,0.38169999999999998375,0.38169999999999998375
26,1.25,0.54779999999999995364,0.54779999999999995364
27,1.25,0.87860000000000004761,0.87860000000000004761
28,1.25,0.82440000000000002167,0.82440000000000002167
29,1.25,0.34160000000000001474,0.34160000000000001474
30,1.25,0.45650000000000001688,0.45650000000000001688
31,1.25,0.44090000000000001412,0.44090000000000001412
32,1.25,0.48920000000000002371,0.48920000000000002371
33,1.25,0.37349999999999999867,0.37349999999999999867
34,1.25,0.86719999999999997087,0.86719999999999997087
35,1.25,0.97360000000000002096,0.97360000000000002096
36,1.25,0.070999999999999993672,0.070999999999999993672
37,1.25,0.15429999999999999272,0.15429999999999999272
38,1.25,0.20330000000000000848,0.20330000000000000848
39,1.25,0.39619999999999999662,0.39619999999999999662
40,1.25,0.92920000000000002593,0.92920000000000002593
41,1.25,0.76190000000000002167,0.76190000000000002167
42,1.25,0.35230000000000000204,0.35230000000000000204
43,1.25,0.18699999999999999956,0.18699999999999999956
44,1.25,0.078500000000000000333,0.078500000000000000333
45,1.25,0.037299999999999999822,0.037299999999999999822
46,1.25,0.06909999999999999476,0.06909999999999999476
47,1.25,0.1423999999999999988,0.1423999999999999988
48,1.25,0.36680000000000001492,0.36680000000000001492
49,1.25,0.23310000000000000164,0.23310000000000000164
50,1.25,0.086599999999999996425,0.086599999999999996425
51,1.25,0.089999999999999996669,0.089999999999999996669
52,1.25,0.13180000000000000049,0.13180000000000000049
53,1.25,0.15260000000000001341,0.15260000000000001341
54,1.25,0.076300000000000006706,0.076300000000000006706
55,1.25,0.061699999999999997902,0.061699999999999997902
56,1.25,0.074800000000000005373,0.074800000000000005373
57,1.25,0.30380000000000001448,0.30380000000000001448
58,1.25,0.87819999999999998064,0.87819999999999998064
59,1.25,0.87019999999999997353,0.87019999999999997353
60,1.25,0.7400999999999999801,0.7400999999999999801
61,1.25,0.44579999999999997407,0.44579999999999997407
62,1.25,0.4929000000000000048,0.4929000000000000048
63,1.25,0.5668999999999999595,0.5668999999999999595
64,1.25,0.40970000000000000862,0.40970000000000000862
65,1.25,0.32069999999999998508,0.32069999999999998508
66,1.25,0.51749999999999996003,0.51749999999999996003
67,1.25,0.52000000000000001776,0.52000000000000001776
68,1.25,0.4732000000000000095,0.4732000000000000095
69,1.25,0.74609999999999998543,0.74609999999999998543
70,1.25,0.71360000000000001208,0.71360000000000001208
-69,2.5,0.70779999999999998472,0.70779999999999998472
-68,2.5,0.9848000000000000087,0.9848000000000000087
-67,2.5,0.99790000000000000924,0.99790000000000000924
-66,2.5,0.9990999999999999881,0.9990999999999999881
-65,2.5,0.98140000000000005009,0.98140000000000005009
-64,2.5,0.97660000000000002363,0.97660000000000002363
-63,2.5,0.98380000000000000782,0.98380000000000000782
-62,2.5,0.91810000000000002718,0.91810000000000002718
-61,2.5,0.95350000000000001421,0.95350000000000001421
-60,2.5,0.73499999999999998668,0.73499999999999998668
-59,2.5,0.5275999999999999579,0.5275999999999999579
-58,2.5,0.43759999999999998899,0.43759999999999998899
-57,2.5,0.48970000000000002416,0.48970000000000002416
-56,2.5,0.49699999999999999734,0.49699999999999999734
-55,2.5,0.64390000000000002789,0.64390000000000002789
-54,2.5,0.71660000000000001474,0.71660000000000001474
-53,2.5,0.40620000000000000551,0.40620000000000000551
-52,2.5,0.53529999999999999805,0.53529999999999999805
-51,2.5,0.61480000000000001315,0.61480000000000001315
-50,2.5,0.90039999999999997815,0.90039999999999997815
-49,2.5,0.96570000000000000284,0.96570000000000000284
-48,2.5,0.95179999999999997939,0.95179999999999997939
-47,2.5,0.85860000000000002984,0.85860000000000002984
-46,2.5,0.88849999999999995648,0.88849999999999995648
-45,2.5,0.91420000000000001261,0.91420000000000001261
-44,2.5,0.4204999999999999849,0.4204999999999999849
-43,2.5,0.88109999999999999432,0.88109999999999999432
-42,2.5,0.21410000000000001252,0.21410000000000001252
-41,2.5,0.42540000000000000036,0.42540000000000000036
-40,2.5,0.76659999999999994813,0.76659999999999994813
-39,2.5,0.34089999999999998082,0.34089999999999998082
-38,2.5,0.29120000000000001439,0.29120000000000001439
-37,2.5,0.21779999999999999361,0.21779999999999999361
-36,2.5,0.486599999999999977,0.486599999999999977
-35,2.5,0.80410000000000003695,0.80410000000000003695
-34,2.5,0.76439999999999996838,0.76439999999999996838
-33,2.5,0.77559999999999995612,0.77559999999999995612
-32,2.5,0.96260000000000001119,0.96260000000000001119
-31,2.5,0.99439999999999995062,0.99439999999999995062
-30,2.5,0.98280000000000000693,0.98280000000000000693
-29,2.5,0.8338999999999999746,0.8338999999999999746
-28,2.5,0.88839999999999996749,0.88839999999999996749
-27,2.5,0.9758999999999999897,0.9758999999999999897
-26,2.5,0.93630000000000002114,0.93630000000000002114
-25,2.5,0.9402000000000000357,0.9402000000000000357
-24,2.5,0.86370000000000002327,0.86370000000000002327
-23,2.5,0.76310000000000000053,0.76310000000000000053
-22,2.5,0.51839999999999997193,0.51839999999999997193
-21,2.5,0.29239999999999999325,0.29239999999999999325
-20,2.5,0.36309999999999997833,0.36309999999999997833
-19,2.5,0.30640000000000000568,0.30640000000000000568
-18,2.5,0.34320000000000000506,0.34320000000000000506
-17,2.5,0.28679999999999999938,0.28679999999999999938
-16,2.5,0.61319999999999996732,0.61319999999999996732
-15,2.5,0.67349999999999998757,0.67349999999999998757
-14,2.5,0.66229999999999999982,0.66229999999999999982
-13,2.5,0.89059999999999994724,0.89059999999999994724
-12,2.5,0.86819999999999997176,0.86819999999999997176
-11,2.5,0.49749999999999999778,0.49749999999999999778
-10,2.5,0.22830000000000000293,0.22830000000000000293
-9,2.5,0.38369999999999998552,0.38369999999999998552
-8,2.5,0.67059999999999997389,0.67059999999999997389
-7,2.5,0.99539999999999995151,0.99539999999999995151
-6,2.5,0.5829999999999999627,0.5829999999999999627
-5,2.5,0.20640000000000000013,0.20640000000000000013
-4,2.5,0.29680000000000000826,0.29680000000000000826
-3,2.5,0.28660000000000002141,0.28660000000000002141
-2,2.5,0.25130000000000002336,0.25130000000000002336
-1,2.5,0.10549999999999999656,0.10549999999999999656
0,2.5,0.015400000000000000494,0.015400000000000000494
1,2.5,0.0044000000000000002651,0.0044000000000000002651
2,2.5,0.0013999999999999999858,0.0013999999999999999858
3,2.5,0.0012999999999999999403,0.0012999999999999999403
4,2.5,0.0020000000000000000416,0.0020000000000000000416
5,2.5,0.0043000000000000000028,0.0043000000000000000028
6,2.5,0.02359999999999999945,0.02359999999999999945
7,2.5,0.63529999999999997584,0.63529999999999997584
8,2.5,0.96660000000000001474,0.96660000000000001474
9,2.5,0.66559999999999996945,0.66559999999999996945
10,2.5,0.38819999999999998952,0.38819999999999998952
11,2.5,0.46320000000000000062,0.46320000000000000062
12,2.5,0.31300000000000000044,0.31300000000000000044
13,2.5,0.18199999999999999512,0.18199999999999999512
14,2.5,0.22939999999999999281,0.22939999999999999281
15,2.5,0.4043999999999999817,0.4043999999999999817
16,2.5,0.4133999999999999897,0.4133999999999999897
17,2.5,0.40429999999999999272,0.40429999999999999272
18,2.5,0.51459999999999994635,0.51459999999999994635
19,2.5,0.40589999999999998304,0.40589999999999998304
20,2.5,0.20250000000000001332,0.20250000000000001332
21,2.5,0.62560000000000004494,0.62560000000000004494
22,2.5,0.77259999999999995346,0.77259999999999995346
23,2.5,0.53939999999999999059,0.53939999999999999059
24,2.5,0.27400000000000002132,0.27400000000000002132
25,2.5,0.21290000000000000591,0.21290000000000000591
26,2.5,0.43549999999999999822,0.43549999999999999822
27,2.5,0.71679999999999999272,0.71679999999999999272
28,2.5,0.71350000000000002309,0.71350000000000002309
29,2.5,0.38500000000000000888,0.38500000000000000888
30,2.5,0.1942000000000000115,0.1942000000000000115
31,2.5,0.40329999999999999183,0.40329999999999999183
32,2.5,0.75939999999999996394,0.75939999999999996394
33,2.5,0.56699999999999994849,0.56699999999999994849
34,2.5,0.66620000000000001439,0.66620000000000001439
35,2.5,0.77239999999999997549,0.77239999999999997549
36,2.5,0.015400000000000000494,0.015400000000000000494
37,2.5,0.021200000000000000094,0.021200000000000000094
38,2.5,0.14199999999999998734,0.14199999999999998734
39,2.5,0.11440000000000000169,0.11440000000000000169
40,2.5,0.48060000000000002718,0.48060000000000002718
41,2.5,0.82040000000000001812,0.82040000000000001812
42,2.5,0.63759999999999994458,0.63759999999999994458
43,2.5,0.073999999999999996336,0.073999999999999996336
44,2.5,0.049299999999999996603,0.049299999999999996603
45,2.5,0.073899999999999993472,0.073899999999999993472
46,2.5,0.15220000000000000195,0.15220000000000000195
47,2.5,0.12870000000000000884,0.12870000000000000884
48,2.5,0.31199999999999999956,0.31199999999999999956
49,2.5,0.25729999999999997318,0.25729999999999997318
50,2.5,0.091499999999999998002,0.091499999999999998002
51,2.5,0.065900000000000000244,0.065900000000000000244
52,2.5,0.11980000000000000371,0.11980000000000000371
53,2.5,0.1549000000000000099,0.1549000000000000099
54,2.5,0.22370000000000000995,0.22370000000000000995
55,2.5,0.13220000000000001195,0.13220000000000001195
56,2.5,0.21019999999999999796,0.21019999999999999796
57,2.5,0.53080000000000004956,0.53080000000000004956
58,2.5,0.8867000000000000437,0.8867000000000000437
59,2.5,0.910800000000000054,0.910800000000000054
60,2.5,0.89229999999999998206,0.89229999999999998206
61,2.5,0.60429999999999994831,0.60429999999999994831
62,2.5,0.59250000000000002665,0.59250000000000002665
63,2.5,0.55300000000000004707,0.55300000000000004707
64,2.5,0.2893000000000000016,0.2893000000000000016
65,2.5,0.12149999999999999689,0.12149999999999999689
66,2.5,0.30370000000000002549,0.30370000000000002549
67,2.5,0.48820000000000002283,0.48820000000000002283
68,2.5,0.36849999999999999423,0.36849999999999999423
69,2.5,0.58579999999999998739,0.58579999999999998739
70,2.5,0.66679999999999994831,0.66679999999999994831
-69,3.75,0.57640000000000002345,0.57640000000000002345
-68,3.75,0.89949999999999996625,0.89949999999999996625
-67,3.75,0.98540000000000005365,0.98540000000000005365
-66,3.75,0.97780000000000000249,0.97780000000000000249
-65,3.75,0.98340000000000005187,0.98340000000000005187
-64,3.75,0.96719999999999994866,0.96719999999999994866
-63,3.75,0.96619999999999994778,0.96619999999999994778
-62,3.75,0.91190000000000004388,0.91190000000000004388
-61,3.75,0.87949999999999994849,0.87949999999999994849
-60,3.75,0.67869999999999996998,0.67869999999999996998
-59,3.75,0.55769999999999997353,0.55769999999999997353
-58,3.75,0.4722999999999999976,0.4722999999999999976
-57,3.75,0.47389999999999998792,0.47389999999999998792
-56,3.75,0.44000000000000000222,0.44000000000000000222
-55,3.75,0.49220000000000002638,0.49220000000000002638
-54,3.75,0.6875,0.6875
-53,3.75,0.45510000000000000453,0.45510000000000000453
-52,3.75,0.63080000000000002736,0.63080000000000002736
-51,3.75,0.79839999999999999858,0.79839999999999999858
-50,3.75,0.95340000000000002522,0.95340000000000002522
-49,3.75,0.98409999999999997478,0.98409999999999997478
-48,3.75,0.98790000000000000036,0.98790000000000000036
-47,3.75,0.92220000000000001972,0.92220000000000001972
-46,3.75,0.91839999999999999414,0.91839999999999999414
-45,3.75,0.64590000000000002967,0.64590000000000002967
-44,3.75,0.40489999999999998215,0.40489999999999998215
-43,3.75,0.71499999999999996891,0.71499999999999996891
-42,3.75,0.28870000000000001217,0.28870000000000001217
-41,3.75,0.53329999999999999627,0.53329999999999999627
-40,3.75,0.35099999999999997868,0.35099999999999997868
-39,3.75,0.29780000000000000915,0.29780000000000000915
-38,3.75,0.51459999999999994635,0.51459999999999994635
-37,3.75,0.57389999999999996572,0.57389999999999996572
-36,3.75,0.79620000000000001883,0.79620000000000001883
-35,3.75,0.68069999999999997176,0.68069999999999997176
-34,3.75,0.70669999999999999485,0.70669999999999999485
-33,3.75,0.95550000000000001599,0.95550000000000001599
-32,3.75,0.98199999999999998401,0.98199999999999998401
-31,3.75,0.97099999999999997424,0.97099999999999997424
-30,3.75,0.83579999999999998739,0.83579999999999998739
-29,3.75,0.68940000000000001279,0.68940000000000001279
-28,3.75,0.9347999999999999643,0.9347999999999999643
-27,3.75,0.96270000000000000018,0.96270000000000000018
-26,3.75,0.96570000000000000284,0.96570000000000000284
-25,3.75,0.92689999999999994618,0.92689999999999994618
-24,3.75,0.95609999999999994991,0.95609999999999994991
-23,3.75,0.7268000000000000016,0.7268000000000000016
-22,3.75,0.61480000000000001315,0.61480000000000001315
-21,3.75,0.61960000000000003961,0.61960000000000003961
-20,3.75,0.40829999999999999627,0.40829999999999999627
-19,3.75,0.22439999999999998836,0.22439999999999998836
-18,3.75,0.17360000000000000431,0.17360000000000000431
-17,3.75,0.2518000000000000238,0.2518000000000000238
-16,3.75,0.44259999999999999343,0.44259999999999999343
-15,3.75,0.44859999999999999876,0.44859999999999999876
-14,3.75,0.51839999999999997193,0.51839999999999997193
-13,3.75,0.62739999999999995772,0.62739999999999995772
-12,3.75,0.81640000000000001457,0.81640000000000001457
-11,3.75,0.63170000000000003926,0.63170000000000003926
-10,3.75,0.48699999999999998845,0.48699999999999998845
-9,3.75,0.55320000000000002505,0.55320000000000002505
-8,3.75,0.84409999999999996145,0.84409999999999996145
-7,3.75,0.99029999999999995808,0.99029999999999995808
-6,3.75,0.45069999999999998952,0.45069999999999998952
-5,3.75,0.16900000000000001132,0.16900000000000001132
-4,3.75,0.24030000000000001359,0.24030000000000001359
-3,3.75,0.42280000000000000915,0.42280000000000000915
-2,3.75,0.36259999999999997788,0.36259999999999997788
-1,3.75,0.043900000000000001521,0.043900000000000001521
0,3.75,0.0063000000000000000444,0.0063000000000000000444
1,3.75,0.0064000000000000003067,0.0064000000000000003067
2,3.75,0.0020999999999999998702,0.0020999999999999998702
3,3.75,0.0020000000000000000416,0.0020000000000000000416
4,3.75,0.0016999999999999999053,0.0016999999999999999053
5,3.75,0.007100000000000000408,0.007100000000000000408
6,3.75,0.044200000000000003175,0.044200000000000003175
7,3.75,0.45779999999999998472,0.45779999999999998472
8,3.75,0.98160000000000002807,0.98160000000000002807
9,3.75,0.56489999999999995772,0.56489999999999995772
10,3.75,0.37890000000000001457,0.37890000000000001457
11,3.75,0.5516999999999999682,0.5516999999999999682
12,3.75,0.41770000000000001572,0.41770000000000001572
13,3.75,0.43530000000000002025,0.43530000000000002025
14,3.75,0.36099999999999998757,0.36099999999999998757
15,3.75,0.30999999999999999778,0.30999999999999999778
16,3.75,0.61929999999999996163,0.61929999999999996163
17,3.75,0.49740000000000000879,0.49740000000000000879
18,3.75,0.59450000000000002842,0.59450000000000002842
19,3.75,0.51829999999999998295,0.51829999999999998295
20,3.75,0.73080000000000000515,0.73080000000000000515
21,3.75,0.44979999999999997762,0.44979999999999997762
22,3.75,0.36480000000000001315,0.36480000000000001315
23,3.75,0.68540000000000000924,0.68540000000000000924
24,3.75,0.43640000000000001013,0.43640000000000001013
25,3.75,0.2490999999999999881,0.2490999999999999881
26,3.75,0.13639999999999999347,0.13639999999999999347
27,3.75,0.67169999999999996376,0.67169999999999996376
28,3.75,0.4848000000000000087,0.4848000000000000087
29,3.75,0.60370000000000001439,0.60370000000000001439
30,3.75,0.20690000000000000058,0.20690000000000000058
31,3.75,0.17399999999999998801,0.17399999999999998801
32,3.75,0.59479999999999999538,0.59479999999999999538
33,3.75,0.4713999999999999857,0.4713999999999999857
34,3.75,0.6822000000000000286,0.6822000000000000286
35,3.75,0.63129999999999997229,0.63129999999999997229
36,3.75,0.056000000000000001166,0.056000000000000001166
37,3.75,0.023300000000000001266,0.023300000000000001266
38,3.75,0.16280000000000000027,0.16280000000000000027
39,3.75,0.24149999999999999245,0.24149999999999999245
40,3.75,0.41749999999999998224,0.41749999999999998224
41,3.75,0.98240000000000005098,0.98240000000000005098
42,3.75,0.267900000000000027,0.267900000000000027
43,3.75,0.45350000000000001421,0.45350000000000001421
44,3.75,0.33579999999999998739,0.33579999999999998739
45,3.75,0.19939999999999999392,0.19939999999999999392
46,3.75,0.15900000000000000244,0.15900000000000000244
47,3.75,0.21260000000000001119,0.21260000000000001119
48,3.75,0.35299999999999998046,0.35299999999999998046
49,3.75,0.24779999999999999249,0.24779999999999999249
50,3.75,0.15609999999999998876,0.15609999999999998876
51,3.75,0.10950000000000000011,0.10950000000000000011
52,3.75,0.1597999999999999976,0.1597999999999999976
53,3.75,0.22150000000000000244,0.22150000000000000244
54,3.75,0.39469999999999999529,0.39469999999999999529
55,3.75,0.30680000000000001714,0.30680000000000001714
56,3.75,0.45210000000000000187,0.45210000000000000187
57,3.75,0.79800000000000004263,0.79800000000000004263
58,3.75,0.94789999999999996483,0.94789999999999996483
59,3.75,0.98409999999999997478,0.98409999999999997478
60,3.75,0.95030000000000003357,0.95030000000000003357
61,3.75,0.85299999999999998046,0.85299999999999998046
62,3.75,0.7472999999999999643,0.7472999999999999643
63,3.75,0.46329999999999998961,0.46329999999999998961
64,3.75,0.24310000000000001052,0.24310000000000001052
65,3.75,0.10989999999999999769,0.10989999999999999769
66,3.75,0.19270000000000001017,0.19270000000000001017
67,3.75,0.34749999999999997558,0.34749999999999997558
68,3.75,0.34170000000000000373,0.34170000000000000373
69,3.75,0.43990000000000001323,0.43990000000000001323
70,3.75,0.66459999999999996856,0.66459999999999996856
-69,5,0.52980000000000004867,0.52980000000000004867
-68,5,0.78380000000000005222,0.78380000000000005222
-67,5,0.9170000000000000373,0.9170000000000000373
-66,5,0.93540000000000000924,0.93540000000000000924
-65,5,0.98450000000000004174,0.98450000000000004174
-64,5,0.97130000000000005222,0.97130000000000005222
-63,5,0.97309999999999996501,0.97309999999999996501
-62,5,0.97409999999999996589,0.97409999999999996589
-61,5,0.79410000000000002807,0.79410000000000002807
-60,5,0.67339999999999999858,0.67339999999999999858
-59,5,0.64249999999999996003,0.64249999999999996003
-58,5,0.44919999999999998819,0.44919999999999998819
-57,5,0.35859999999999997433,0.35859999999999997433
-56,5,0.34610000000000001874,0.34610000000000001874
-55,5,0.42209999999999997522,0.42209999999999997522
-54,5,0.69220000000000003748,0.69220000000000003748
-53,5,0.56140000000000001013,0.56140000000000001013
-52,5,0.80279999999999995808,0.80279999999999995808
-51,5,0.81350000000000000089,0.81350000000000000089
-50,5,0.9096999999999999531,0.9096999999999999531
-49,5,0.97389999999999998792,0.97389999999999998792
-48,5,0.98280000000000000693,0.98280000000000000693
-47,5,0.9340000000000000524,0.9340000000000000524
-46,5,0.91200000000000003286,0.91200000000000003286
-45,5,0.64849999999999996536,0.64849999999999996536
-44,5,0.79430000000000000604,0.79430000000000000604
-43,5,0.8242000000000000437,0.8242000000000000437
-42,5,0.73280000000000000693,0.73280000000000000693
-41,5,0.3025999999999999801,0.3025999999999999801
-40,5,0.18579999999999999294,0.18579999999999999294
-39,5,0.4393000000000000238,0.4393000000000000238
-38,5,0.68369999999999997442,0.68369999999999997442
-37,5,0.8471999999999999531,0.8471999999999999531
-36,5,0.67110000000000002984,0.67110000000000002984
-35,5,0.32329999999999997629,0.32329999999999997629
-34,5,0.58669999999999999929,0.58669999999999999929
-33,5,0.87629999999999996785,0.87629999999999996785
-32,5,0.97650000000000003464,0.97650000000000003464
-31,5,0.75539999999999996039,0.75539999999999996039
-30,5,0.57709999999999994635,0.57709999999999994635
-29,5,0.81699999999999994849,0.81699999999999994849
-28,5,0.9304000000000000048,0.9304000000000000048
-27,5,0.81999999999999995115,0.81999999999999995115
-26,5,0.91220000000000001084,0.91220000000000001084
-25,5,0.8186999999999999833,0.8186999999999999833
-24,5,0.84340000000000003855,0.84340000000000003855
-23,5,0.78480000000000005311,0.78480000000000005311
-22,5,0.62600000000000000089,0.62600000000000000089
-21,5,0.75590000000000001634,0.75590000000000001634
-20,5,0.59230000000000004867,0.59230000000000004867
-19,5,0.36449999999999999067,0.36449999999999999067
-18,5,0.216499999999999998,0.216499999999999998
-17,5,0.23880000000000001226,0.23880000000000001226
-16,5,0.29220000000000001528,0.29220000000000001528
-15,5,0.24010000000000000786,0.24010000000000000786
-14,5,0.31319999999999997842,0.31319999999999997842
-13,5,0.29809999999999997611,0.29809999999999997611
-12,5,0.65649999999999997247,0.65649999999999997247
-11,5,0.84570000000000000728,0.84570000000000000728
-10,5,0.69010000000000004672,0.69010000000000004672
-9,5,0.86229999999999995541,0.86229999999999995541
-8,5,0.94079999999999996962,0.94079999999999996962
-7,5,0.8242000000000000437,0.8242000000000000437
-6,5,0.33669999999999999929,0.33669999999999999929
-5,5,0.22570000000000001172,0.22570000000000001172
-4,5,0.41899999999999998357,0.41899999999999998357
-3,5,0.57379999999999997673,0.57379999999999997673
-2,5,0.3714000000000000079,0.3714000000000000079
-1,5,0.022700000000000001427,0.022700000000000001427
0,5,0.008300000000000000086,0.008300000000000000086
1,5,0.010800000000000000572,0.010800000000000000572
2,5,0.00449999999999999966,0.00449999999999999966
3,5,0.0016000000000000000767,0.0016000000000000000767
4,5,0.0015000000000000000312,0.0015000000000000000312
5,5,0.014300000000000000211,0.014300000000000000211
6,5,0.37980000000000002647,0.37980000000000002647
7,5,0.99739999999999995328,0.99739999999999995328
8,5,0.58189999999999997282,0.58189999999999997282
9,5,0.39410000000000000586,0.39410000000000000586
10,5,0.29980000000000001092,0.29980000000000001092
11,5,0.41730000000000000426,0.41730000000000000426
12,5,0.53529999999999999805,0.53529999999999999805
13,5,0.52039999999999997371,0.52039999999999997371
14,5,0.47120000000000000773,0.47120000000000000773
15,5,0.36039999999999999813,0.36039999999999999813
16,5,0.51280000000000003357,0.51280000000000003357
17,5,0.44429999999999997273,0.44429999999999997273
18,5,0.34810000000000002052,0.34810000000000002052
19,5,0.57599999999999995648,0.57599999999999995648
20,5,0.85999999999999998668,0.85999999999999998668
21,5,0.71579999999999999183,0.71579999999999999183
22,5,0.7509000000000000119,0.7509000000000000119
23,5,0.64719999999999999751,0.64719999999999999751
24,5,0.38059999999999999387,0.38059999999999999387
25,5,0.25809999999999999609,0.25809999999999999609
26,5,0.17890000000000000346,0.17890000000000000346
27,5,0.47029999999999999583,0.47029999999999999583
28,5,0.36449999999999999067,0.36449999999999999067
29,5,0.23439999999999999725,0.23439999999999999725
30,5,0.092999999999999999334,0.092999999999999999334
31,5,0.026399999999999999856,0.026399999999999999856
32,5,0.072800000000000003597,0.072800000000000003597
33,5,0.23469999999999999196,0.23469999999999999196
34,5,0.67530000000000001137,0.67530000000000001137
35,5,0.89919999999999999929,0.89919999999999999929
36,5,0.12920000000000000928,0.12920000000000000928
37,5,0.05940000000000000141,0.05940000000000000141
38,5,0.21410000000000001252,0.21410000000000001252
39,5,0.29239999999999999325,0.29239999999999999325
40,5,0.52720000000000000195,0.52720000000000000195
41,5,0.98899999999999999023,0.98899999999999999023
42,5,0.70130000000000003446,0.70130000000000003446
43,5,0.5346999999999999531,0.5346999999999999531
44,5,0.22459999999999999409,0.22459999999999999409
45,5,0.13769999999999998908,0.13769999999999998908
46,5,0.12039999999999999314,0.12039999999999999314
47,5,0.21229999999999998872,0.21229999999999998872
48,5,0.30049999999999998934,0.30049999999999998934
49,5,0.23160000000000000031,0.23160000000000000031
50,5,0.32359999999999999876,0.32359999999999999876
51,5,0.36930000000000001714,0.36930000000000001714
52,5,0.22459999999999999409,0.22459999999999999409
53,5,0.24759999999999998677,0.24759999999999998677
54,5,0.35930000000000000826,0.35930000000000000826
55,5,0.4642999999999999905,0.4642999999999999905
56,5,0.64300000000000001599,0.64300000000000001599
57,5,0.75400000000000000355,0.75400000000000000355
58,5,0.9616000000000000103,0.9616000000000000103
59,5,0.93579999999999996518,0.93579999999999996518
60,5,0.87490000000000001101,0.87490000000000001101
61,5,0.8579999999999999849,0.8579999999999999849
62,5,0.74919999999999997708,0.74919999999999997708
63,5,0.44419999999999998375,0.44419999999999998375
64,5,0.31969999999999998419,0.31969999999999998419
65,5,0.17740000000000000213,0.17740000000000000213
66,5,0.1491000000000000103,0.1491000000000000103
67,5,0.17560000000000000608,0.17560000000000000608
68,5,0.32600000000000001199,0.32600000000000001199
69,5,0.45190000000000002389,0.45190000000000002389
70,5,0.65880000000000005222,0.65880000000000005222
-69,6.25,0.49599999999999999645,0.49599999999999999645
-68,6.25,0.66459999999999996856,0.66459999999999996856
-67,6.25,0.84409999999999996145,0.84409999999999996145
-66,6.25,0.95250000000000001332,0.95250000000000001332
-65,6.25,0.96879999999999999449,0.96879999999999999449
-64,6.25,0.93159999999999998366,0.93159999999999998366
-63,6.25,0.97789999999999999147,0.97789999999999999147
-62,6.25,0.96230000000000004423,0.96230000000000004423
-61,6.25,0.77480000000000004423,0.77480000000000004423
-60,6.25,0.74860000000000004317,0.74860000000000004317
-59,6.25,0.705400000000000027,0.705400000000000027
-58,6.25,0.50839999999999996305,0.50839999999999996305
-57,6.25,0.32640000000000002345,0.32640000000000002345
-56,6.25,0.29880000000000001004,0.29880000000000001004
-55,6.25,0.35689999999999999503,0.35689999999999999503
-54,6.25,0.59040000000000003588,0.59040000000000003588
-53,6.25,0.732099999999999973,0.732099999999999973
-52,6.25,0.97509999999999996678,0.97509999999999996678
-51,6.25,0.72350000000000003197,0.72350000000000003197
-50,6.25,0.94610000000000005205,0.94610000000000005205
-49,6.25,0.9749999999999999778,0.9749999999999999778
-48,6.25,0.94530000000000002913,0.94530000000000002913
-47,6.25,0.90090000000000003411,0.90090000000000003411
-46,6.25,0.9811999999999999611,0.9811999999999999611
-45,6.25,0.98570000000000002061,0.98570000000000002061
-44,6.25,0.84779999999999999805,0.84779999999999999805
-43,6.25,0.589199999999999946,0.589199999999999946
-42,6.25,0.27489999999999997771,0.27489999999999997771
-41,6.25,0.12909999999999999254,0.12909999999999999254
-40,6.25,0.32100000000000000755,0.32100000000000000755
-39,6.25,0.6231999999999999762,0.6231999999999999762
-38,6.25,0.85109999999999996767,0.85109999999999996767
-37,6.25,0.80349999999999999201,0.80349999999999999201
-36,6.25,0.35020000000000001128,0.35020000000000001128
-35,6.25,0.22630000000000000115,0.22630000000000000115
-34,6.25,0.86409999999999997922,0.86409999999999997922
-33,6.25,0.97009999999999996234,0.97009999999999996234
-32,6.25,0.75239999999999995772,0.75239999999999995772
-31,6.25,0.5374999999999999778,0.5374999999999999778
-30,6.25,0.80449999999999999289,0.80449999999999999289
-29,6.25,0.99039999999999994706,0.99039999999999994706
-28,6.25,0.74070000000000002505,0.74070000000000002505
-27,6.25,0.88959999999999994635,0.88959999999999994635
-26,6.25,0.90529999999999999361,0.90529999999999999361
-25,6.25,0.92249999999999998668,0.92249999999999998668
-24,6.25,0.94589999999999996305,0.94589999999999996305
-23,6.25,0.85950000000000004174,0.85950000000000004174
-22,6.25,0.78180000000000005045,0.78180000000000005045
-21,6.25,0.8081000000000000405,0.8081000000000000405
-20,6.25,0.75729999999999997318,0.75729999999999997318
-19,6.25,0.41980000000000000648,0.41980000000000000648
-18,6.25,0.221000000000000002,0.221000000000000002
-17,6.25,0.27900000000000002576,0.27900000000000002576
-16,6.25,0.33739999999999997771,0.33739999999999997771
-15,6.25,0.35420000000000001483,0.35420000000000001483
-14,6.25,0.24620000000000000218,0.24620000000000000218
-13,6.25,0.2396999999999999964,0.2396999999999999964
-12,6.25,0.59450000000000002842,0.59450000000000002842
-11,6.25,0.82709999999999994635,0.82709999999999994635
-10,6.25,0.96189999999999997726,0.96189999999999997726
-9,6.25,0.96330000000000004512,0.96330000000000004512
-8,6.25,0.94110000000000004761,0.94110000000000004761
-7,6.25,0.53759999999999996678,0.53759999999999996678
-6,6.25,0.27910000000000001474,0.27910000000000001474
-5,6.25,0.2290000000000000091,0.2290000000000000091
-4,6.25,0.42439999999999999947,0.42439999999999999947
-3,6.25,0.47470000000000001084,0.47470000000000001084
-2,6.25,0.14619999999999999662,0.14619999999999999662
-1,6.25,0.021299999999999999489,0.021299999999999999489
0,6.25,0.036200000000000003009,0.036200000000000003009
1,6.25,0.012600000000000000089,0.012600000000000000089
2,6.25,0.0061999999999999997821,0.0061999999999999997821
3,6.25,0.0017999999999999999507,0.0017999999999999999507
4,6.25,0.0016999999999999999053,0.0016999999999999999053
5,6.25,0.20080000000000000626,0.20080000000000000626
6,6.25,0.9990999999999999881,0.9990999999999999881
7,6.25,0.64490000000000002878,0.64490000000000002878
8,6.25,0.48959999999999997966,0.48959999999999997966
9,6.25,0.47839999999999999192,0.47839999999999999192
10,6.25,0.52569999999999994511,0.52569999999999994511
11,6.25,0.32000000000000000666,0.32000000000000000666
12,6.25,0.42880000000000001448,0.42880000000000001448
13,6.25,0.47410000000000002141,0.47410000000000002141
14,6.25,0.63239999999999996216,0.63239999999999996216
15,6.25,0.6027000000000000135,0.6027000000000000135
16,6.25,0.62949999999999994849,0.62949999999999994849
17,6.25,0.14380000000000001115,0.14380000000000001115
18,6.25,0.32740000000000002434,0.32740000000000002434
19,6.25,0.50370000000000003659,0.50370000000000003659
20,6.25,0.99570000000000002949,0.99570000000000002949
21,6.25,0.93989999999999995772,0.93989999999999995772
22,6.25,0.33900000000000002354,0.33900000000000002354
23,6.25,0.64000000000000001332,0.64000000000000001332
24,6.25,0.84989999999999998881,0.84989999999999998881
25,6.25,0.85460000000000002629,0.85460000000000002629
26,6.25,0.39010000000000000231,0.39010000000000000231
27,6.25,0.16389999999999999014,0.16389999999999999014
28,6.25,0.097799999999999998046,0.097799999999999998046
29,6.25,0.039699999999999999178,0.039699999999999999178
30,6.25,0.043200000000000002287,0.043200000000000002287
31,6.25,0.023199999999999998401,0.023199999999999998401
32,6.25,0.038199999999999997846,0.038199999999999997846
33,6.25,0.043400000000000001077,0.043400000000000001077
34,6.25,0.28329999999999999627,0.28329999999999999627
35,6.25,0.27350000000000002087,0.27350000000000002087
36,6.25,0.13910000000000000142,0.13910000000000000142
37,6.25,0.23369999999999999107,0.23369999999999999107
38,6.25,0.37800000000000000266,0.37800000000000000266
39,6.25,0.53380000000000005222,0.53380000000000005222
40,6.25,0.82979999999999998206,0.82979999999999998206
41,6.25,0.98819999999999996732,0.98819999999999996732
42,6.25,0.9563000000000000389,0.9563000000000000389
43,6.25,0.84530000000000005134,0.84530000000000005134
44,6.25,0.79959999999999997744,0.79959999999999997744
45,6.25,0.076999999999999999001,0.076999999999999999001
46,6.25,0.11890000000000000568,0.11890000000000000568
47,6.25,0.15829999999999999627,0.15829999999999999627
48,6.25,0.28939999999999999059,0.28939999999999999059
49,6.25,0.25609999999999999432,0.25609999999999999432
50,6.25,0.40920000000000000817,0.40920000000000000817
51,6.25,0.49719999999999997531,0.49719999999999997531
52,6.25,0.43940000000000001279,0.43940000000000001279
53,6.25,0.5123999999999999666,0.5123999999999999666
54,6.25,0.36659999999999998144,0.36659999999999998144
55,6.25,0.44150000000000000355,0.44150000000000000355
56,6.25,0.75780000000000002913,0.75780000000000002913
57,6.25,0.69130000000000002558,0.69130000000000002558
58,6.25,0.84919999999999995488,0.84919999999999995488
59,6.25,0.88910000000000000142,0.88910000000000000142
60,6.25,0.81040000000000000924,0.81040000000000000924
61,6.25,0.8001000000000000334,0.8001000000000000334
62,6.25,0.80600000000000004974,0.80600000000000004974
63,6.25,0.43120000000000002771,0.43120000000000002771
64,6.25,0.38469999999999998641,0.38469999999999998641
65,6.25,0.24160000000000000919,0.24160000000000000919
66,6.25,0.20160000000000000142,0.20160000000000000142
67,6.25,0.15299999999999999711,0.15299999999999999711
68,6.25,0.3231999999999999873,0.3231999999999999873
69,6.25,0.42530000000000001137,0.42530000000000001137
70,6.25,0.58499999999999996447,0.58499999999999996447
-69,7.5,0.40429999999999999272,0.40429999999999999272
-68,7.5,0.53879999999999994564,0.53879999999999994564
-67,7.5,0.77529999999999998916,0.77529999999999998916
-66,7.5,0.96189999999999997726,0.96189999999999997726
-65,7.5,0.94640000000000001901,0.94640000000000001901
-64,7.5,0.89180000000000003713,0.89180000000000003713
-63,7.5,0.98719999999999996643,0.98719999999999996643
-62,7.5,0.99299999999999999378,0.99299999999999999378
-61,7.5,0.85660000000000002807,0.85660000000000002807
-60,7.5,0.82210000000000005294,0.82210000000000005294
-59,7.5,0.71150000000000002132,0.71150000000000002132
-58,7.5,0.54259999999999997122,0.54259999999999997122
-57,7.5,0.37359999999999998765,0.37359999999999998765
-56,7.5,0.33510000000000000897,0.33510000000000000897
-55,7.5,0.39479999999999998428,0.39479999999999998428
-54,7.5,0.52080000000000004068,0.52080000000000004068
-53,7.5,0.93679999999999996607,0.93679999999999996607
-52,7.5,0.78290000000000004032,0.78290000000000004032
-51,7.5,0.81049999999999999822,0.81049999999999999822
-50,7.5,0.99499999999999999556,0.99499999999999999556
-49,7.5,0.9204999999999999849,0.9204999999999999849
-48,7.5,0.90700000000000002842,0.90700000000000002842
-47,7.5,0.79600000000000004086,0.79600000000000004086
-46,7.5,0.92039999999999999591,0.92039999999999999591
-45,7.5,0.92149999999999998579,0.92149999999999998579
-44,7.5,0.79339999999999999414,0.79339999999999999414
-43,7.5,0.40279999999999999138,0.40279999999999999138
-42,7.5,0.13680000000000000493,0.13680000000000000493
-41,7.5,0.17050000000000001266,0.17050000000000001266
-40,7.5,0.45250000000000001332,0.45250000000000001332
-39,7.5,0.68989999999999995772,0.68989999999999995772
-38,7.5,0.74670000000000003038,0.74670000000000003038
-37,7.5,0.5293999999999999817,0.5293999999999999817
-36,7.5,0.26429999999999997939,0.26429999999999997939
-35,7.5,0.54720000000000001972,0.54720000000000001972
-34,7.5,0.97309999999999996501,0.97309999999999996501
-33,7.5,0.98319999999999996287,0.98319999999999996287
-32,7.5,0.62160000000000004139,0.62160000000000004139
-31,7.5,0.60040000000000004476,0.60040000000000004476
-30,7.5,0.99409999999999998366,0.99409999999999998366
-29,7.5,0.88700000000000001066,0.88700000000000001066
-28,7.5,0.7570999999999999952,0.7570999999999999952
-27,7.5,0.62139999999999995239,0.62139999999999995239
-26,7.5,0.66290000000000004476,0.66290000000000004476
-25,7.5,0.85670000000000001705,0.85670000000000001705
-24,7.5,0.86319999999999996732,0.86319999999999996732
-23,7.5,0.95920000000000005258,0.95920000000000005258
-22,7.5,0.74680000000000001936,0.74680000000000001936
-21,7.5,0.7072000000000000508,0.7072000000000000508
-20,7.5,0.44919999999999998819,0.44919999999999998819
-19,7.5,0.31530000000000002469,0.31530000000000002469
-18,7.5,0.14380000000000001115,0.14380000000000001115
-17,7.5,0.14669999999999999707,0.14669999999999999707
-16,7.5,0.22919999999999998708,0.22919999999999998708
-15,7.5,0.28000000000000002665,0.28000000000000002665
-14,7.5,0.18199999999999999512,0.18199999999999999512
-13,7.5,0.24759999999999998677,0.24759999999999998677
-12,7.5,0.48520000000000002016,0.48520000000000002016
-11,7.5,0.5739999999999999547,0.5739999999999999547
-10,7.5,0.82530000000000003357,0.82530000000000003357
-9,7.5,0.90690000000000003944,0.90690000000000003944
-8,7.5,0.58399999999999996358,0.58399999999999996358
-7,7.5,0.26329999999999997851,0.26329999999999997851
-6,7.5,0.21299999999999999489,0.21299999999999999489
-5,7.5,0.25569999999999998286,0.25569999999999998286
-4,7.5,0.21909999999999998921,0.21909999999999998921
-3,7.5,0.094399999999999997802,0.094399999999999997802
-2,7.5,0.016299999999999998518,0.016299999999999998518
-1,7.5,0.013199999999999999928,0.013199999999999999928
0,7.5,0.029200000000000000261,0.029200000000000000261
1,7.5,0.013700000000000000372,0.013700000000000000372
2,7.5,0.0065999999999999999639,0.0065999999999999999639
3,7.5,0.0037999999999999999924,0.0037999999999999999924
4,7.5,0.0018999999999999999962,0.0018999999999999999962
5,7.5,0.44330000000000002736,0.44330000000000002736
6,7.5,0.91879999999999995008,0.91879999999999995008
7,7.5,0.38340000000000001856,0.38340000000000001856
8,7.5,0.28679999999999999938,0.28679999999999999938
9,7.5,0.34100000000000002531,0.34100000000000002531
10,7.5,0.49220000000000002638,0.49220000000000002638
11,7.5,0.52149999999999996358,0.52149999999999996358
12,7.5,0.49030000000000001359,0.49030000000000001359
13,7.5,0.45390000000000002567,0.45390000000000002567
14,7.5,0.55349999999999999201,0.55349999999999999201
15,7.5,0.43580000000000002069,0.43580000000000002069
16,7.5,0.37840000000000001412,0.37840000000000001412
17,7.5,0.30380000000000001448,0.30380000000000001448
18,7.5,0.2767999999999999905,0.2767999999999999905
19,7.5,0.23019999999999998797,0.23019999999999998797
20,7.5,0.77610000000000001208,0.77610000000000001208
21,7.5,0.67239999999999999769,0.67239999999999999769
22,7.5,0.99229999999999995985,0.99229999999999995985
23,7.5,0.73040000000000004921,0.73040000000000004921
24,7.5,0.98819999999999996732,0.98819999999999996732
25,7.5,0.9848000000000000087,0.9848000000000000087
26,7.5,0.75980000000000003091,0.75980000000000003091
27,7.5,0.65420000000000000373,0.65420000000000000373
28,7.5,0.23530000000000000915,0.23530000000000000915
29,7.5,0.049500000000000002331,0.049500000000000002331
30,7.5,0.06500000000000000222,0.06500000000000000222
31,7.5,0.11859999999999999709,0.11859999999999999709
32,7.5,0.018200000000000000899,0.018200000000000000899
33,7.5,0.014099999999999999686,0.014099999999999999686
34,7.5,0.079399999999999998357,0.079399999999999998357
35,7.5,0.046699999999999998457,0.046699999999999998457
36,7.5,0.091399999999999995137,0.091399999999999995137
37,7.5,0.66679999999999994831,0.66679999999999994831
38,7.5,0.89039999999999996927,0.89039999999999996927
39,7.5,0.98980000000000001315,0.98980000000000001315
40,7.5,0.9143000000000000016,0.9143000000000000016
41,7.5,0.92169999999999996376,0.92169999999999996376
42,7.5,0.95079999999999997851,0.95079999999999997851
43,7.5,0.97030000000000005134,0.97030000000000005134
44,7.5,0.95730000000000003979,0.95730000000000003979
45,7.5,0.70579999999999998295,0.70579999999999998295
46,7.5,0.11020000000000000628,0.11020000000000000628
47,7.5,0.17929999999999998717,0.17929999999999998717
48,7.5,0.24740000000000000879,0.24740000000000000879
49,7.5,0.39050000000000001377,0.39050000000000001377
50,7.5,0.47749999999999998002,0.47749999999999998002
51,7.5,0.77419999999999999929,0.77419999999999999929
52,7.5,0.77110000000000000764,0.77110000000000000764
53,7.5,0.6775999999999999801,0.6775999999999999801
54,7.5,0.39869999999999999885,0.39869999999999999885
55,7.5,0.28980000000000000204,0.28980000000000000204
56,7.5,0.61870000000000002771,0.61870000000000002771
57,7.5,0.61929999999999996163,0.61929999999999996163
58,7.5,0.55920000000000003038,0.55920000000000003038
59,7.5,0.74870000000000003215,0.74870000000000003215
60,7.5,0.90049999999999996714,0.90049999999999996714
61,7.5,0.79390000000000005009,0.79390000000000005009
62,7.5,0.79879999999999995453,0.79879999999999995453
63,7.5,0.55189999999999994618,0.55189999999999994618
64,7.5,0.42480000000000001092,0.42480000000000001092
65,7.5,0.25609999999999999432,0.25609999999999999432
66,7.5,0.28710000000000002185,0.28710000000000002185
67,7.5,0.25969999999999998641,0.25969999999999998641
68,7.5,0.34710000000000001963,0.34710000000000001963
69,7.5,0.37550000000000000044,0.37550000000000000044
70,7.5,0.57250000000000000888,0.57250000000000000888
-69,8.75,0.31519999999999998019,0.31519999999999998019
-68,8.75,0.43609999999999998765,0.43609999999999998765
-67,8.75,0.73129999999999995008,0.73129999999999995008
-66,8.75,0.93469999999999997531,0.93469999999999997531
-65,8.75,0.95179999999999997939,0.95179999999999997939
-64,8.75,0.93859999999999998987,0.93859999999999998987
-63,8.75,0.99550000000000005151,0.99550000000000005151
-62,8.75,0.99160000000000003695,0.99160000000000003695
-61,8.75,0.93989999999999995772,0.93989999999999995772
-60,8.75,0.84630000000000005222,0.84630000000000005222
-59,8.75,0.74419999999999997264,0.74419999999999997264
-58,8.75,0.56100000000000005418,0.56100000000000005418
-57,8.75,0.43719999999999997753,0.43719999999999997753
-56,8.75,0.39610000000000000764,0.39610000000000000764
-55,8.75,0.45829999999999998517,0.45829999999999998517
-54,8.75,0.49769999999999997575,0.49769999999999997575
-53,8.75,0.99509999999999998455,0.99509999999999998455
-52,8.75,0.67689999999999994618,0.67689999999999994618
-51,8.75,0.78810000000000002274,0.78810000000000002274
-50,8.75,0.98719999999999996643,0.98719999999999996643
-49,8.75,0.94259999999999999343,0.94259999999999999343
-48,8.75,0.87080000000000001847,0.87080000000000001847
-47,8.75,0.64219999999999999307,0.64219999999999999307
-46,8.75,0.79439999999999999503,0.79439999999999999503
-45,8.75,0.89139999999999997016,0.89139999999999997016
-44,8.75,0.69220000000000003748,0.69220000000000003748
-43,8.75,0.27910000000000001474,0.27910000000000001474
-42,8.75,0.12130000000000000504,0.12130000000000000504
-41,8.75,0.18850000000000000089,0.18850000000000000089
-40,8.75,0.44790000000000002034,0.44790000000000002034
-39,8.75,0.71209999999999995524,0.71209999999999995524
-38,8.75,0.8632999999999999563,0.8632999999999999563
-37,8.75,0.62600000000000000089,0.62600000000000000089
-36,8.75,0.7614999999999999547,0.7614999999999999547
-35,8.75,0.9706000000000000183,0.9706000000000000183
-34,8.75,0.78390000000000004121,0.78390000000000004121
-33,8.75,0.70050000000000001155,0.70050000000000001155
-32,8.75,0.83889999999999997904,0.83889999999999997904
-31,8.75,0.80830000000000001847,0.80830000000000001847
-30,8.75,0.94720000000000004192,0.94720000000000004192
-29,8.75,0.68520000000000003126,0.68520000000000003126
-28,8.75,0.4188000000000000056,0.4188000000000000056
-27,8.75,0.53820000000000001172,0.53820000000000001172
-26,8.75,0.5427999999999999492,0.5427999999999999492
-25,8.75,0.51429999999999997939,0.51429999999999997939
-24,8.75,0.95220000000000004636,0.95220000000000004636
-23,8.75,0.76480000000000003535,0.76480000000000003535
-22,8.75,0.75729999999999997318,0.75729999999999997318
-21,8.75,0.65669999999999995044,0.65669999999999995044
-20,8.75,0.27069999999999999618,0.27069999999999999618
-19,8.75,0.11319999999999999507,0.11319999999999999507
-18,8.75,0.085099999999999995093,0.085099999999999995093
-17,8.75,0.097600000000000006195,0.097600000000000006195
-16,8.75,0.15040000000000000591,0.15040000000000000591
-15,8.75,0.22750000000000000777,0.22750000000000000777
-14,8.75,0.19289999999999998814,0.19289999999999998814
-13,8.75,0.31030000000000002025,0.31030000000000002025
-12,8.75,0.43790000000000001146,0.43790000000000001146
-11,8.75,0.57589999999999996749,0.57589999999999996749
-10,8.75,0.79420000000000001705,0.79420000000000001705
-9,8.75,0.81510000000000004672,0.81510000000000004672
-8,8.75,0.47260000000000002007,0.47260000000000002007
-7,8.75,0.33160000000000000586,0.33160000000000000586
-6,8.75,0.35989999999999999769,0.35989999999999999769
-5,8.75,0.45490000000000002656,0.45490000000000002656
-4,8.75,0.22000000000000000111,0.22000000000000000111
-3,8.75,0.050200000000000001565,0.050200000000000001565
-2,8.75,0.003299999999999999982,0.003299999999999999982
-1,8.75,0.0071999999999999998029,0.0071999999999999998029
0,8.75,0.01779999999999999985,0.01779999999999999985
1,8.75,0.024699999999999999734,0.024699999999999999734
2,8.75,0.031699999999999999012,0.031699999999999999012
3,8.75,0.022900000000000000216,0.022900000000000000216
4,8.75,0.14890000000000000457,0.14890000000000000457
5,8.75,0.74809999999999998721,0.74809999999999998721
6,8.75,0.99660000000000004139,0.99660000000000004139
7,8.75,0.51390000000000002345,0.51390000000000002345
8,8.75,0.22200000000000000289,0.22200000000000000289
9,8.75,0.2200999999999999901,0.2200999999999999901
10,8.75,0.26000000000000000888,0.26000000000000000888
11,8.75,0.49769999999999997575,0.49769999999999997575
12,8.75,0.42359999999999997655,0.42359999999999997655
13,8.75,0.40670000000000000595,0.40670000000000000595
14,8.75,0.37930000000000002602,0.37930000000000002602
15,8.75,0.30349999999999999201,0.30349999999999999201
16,8.75,0.30790000000000000702,0.30790000000000000702
17,8.75,0.432999999999999996,0.432999999999999996
18,8.75,0.64210000000000000409,0.64210000000000000409
19,8.75,0.03230000000000000232,0.03230000000000000232
20,8.75,0.95389999999999997016,0.95389999999999997016
21,8.75,0.705400000000000027,0.705400000000000027
22,8.75,0.30209999999999997966,0.30209999999999997966
23,8.75,0.92810000000000003606,0.92810000000000003606
24,8.75,0.97160000000000001918,0.97160000000000001918
25,8.75,0.62070000000000002949,0.62070000000000002949
26,8.75,0.79469999999999996199,0.79469999999999996199
27,8.75,0.95150000000000001243,0.95150000000000001243
28,8.75,0.66710000000000002629,0.66710000000000002629
29,8.75,0.17569999999999999507,0.17569999999999999507
30,8.75,0.1088999999999999968,0.1088999999999999968
31,8.75,0.18790000000000001146,0.18790000000000001146
32,8.75,0.057299999999999996769,0.057299999999999996769
33,8.75,0.019699999999999998762,0.019699999999999998762
34,8.75,0.050400000000000000355,0.050400000000000000355
35,8.75,0.06210000000000000242,0.06210000000000000242
36,8.75,0.25350000000000000311,0.25350000000000000311
37,8.75,0.83679999999999998828,0.83679999999999998828
38,8.75,0.60380000000000000338,0.60380000000000000338
39,8.75,0.85540000000000004921,0.85540000000000004921
40,8.75,0.84419999999999995044,0.84419999999999995044
41,8.75,0.95299999999999995826,0.95299999999999995826
42,8.75,0.72940000000000004832,0.72940000000000004832
43,8.75,0.91790000000000004921,0.91790000000000004921
44,8.75,0.8016999999999999682,0.8016999999999999682
45,8.75,0.76109999999999999876,0.76109999999999999876
46,8.75,0.40860000000000001874,0.40860000000000001874
47,8.75,0.21149999999999999356,0.21149999999999999356
48,8.75,0.27269999999999999796,0.27269999999999999796
49,8.75,0.38240000000000001767,0.38240000000000001767
50,8.75,0.57089999999999996305,0.57089999999999996305
51,8.75,0.90220000000000000195,0.90220000000000000195
52,8.75,0.85950000000000004174,0.85950000000000004174
53,8.75,0.82869999999999999218,0.82869999999999999218
54,8.75,0.38900000000000001243,0.38900000000000001243
55,8.75,0.17489999999999999991,0.17489999999999999991
56,8.75,0.36749999999999999334,0.36749999999999999334
57,8.75,0.50890000000000001901,0.50890000000000001901
58,8.75,0.51029999999999997584,0.51029999999999997584
59,8.75,0.4625000000000000222,0.4625000000000000222
60,8.75,0.38669999999999998819,0.38669999999999998819
61,8.75,0.59299999999999997158,0.59299999999999997158
62,8.75,0.82840000000000002522,0.82840000000000002522
63,8.75,0.70599999999999996092,0.70599999999999996092
64,8.75,0.46510000000000001341,0.46510000000000001341
65,8.75,0.30599999999999999423,0.30599999999999999423
66,8.75,0.36009999999999997566,0.36009999999999997566
67,8.75,0.43490000000000000879,0.43490000000000000879
68,8.75,0.5374999999999999778,0.5374999999999999778
69,8.75,0.39050000000000001377,0.39050000000000001377
70,8.75,0.60240000000000004654,0.60240000000000004654
-69,10,0.29270000000000001572,0.29270000000000001572
-68,10,0.37719999999999997975,0.37719999999999997975
-67,10,0.67769999999999996909,0.67769999999999996909
-66,10,0.90910000000000001918,0.90910000000000001918
-65,10,0.97079999999999999627,0.97079999999999999627
-64,10,0.99499999999999999556,0.99499999999999999556
-63,10,0.98360000000000002984,0.98360000000000002984
-62,10,0.94969999999999998863,0.94969999999999998863
-61,10,0.93649999999999999911,0.93649999999999999911
-60,10,0.87749999999999994671,0.87749999999999994671
-59,10,0.85309999999999996945,0.85309999999999996945
-58,10,0.65469999999999994866,0.65469999999999994866
-57,10,0.58679999999999998828,0.58679999999999998828
-56,10,0.48280000000000000693,0.48280000000000000693
-55,10,0.36399999999999999023,0.36399999999999999023
-54,10,0.4429000000000000159,0.4429000000000000159
-53,10,0.98870000000000002327,0.98870000000000002327
-52,10,0.63639999999999996572,0.63639999999999996572
-51,10,0.64690000000000003055,0.64690000000000003055
-50,10,0.96960000000000001741,0.96960000000000001741
-49,10,0.90529999999999999361,0.90529999999999999361
-48,10,0.80879999999999996341,0.80879999999999996341
-47,10,0.63929999999999997939,0.63929999999999997939
-46,10,0.80789999999999995151,0.80789999999999995151
-45,10,0.9606999999999999984,0.9606999999999999984
-44,10,0.57830000000000003624,0.57830000000000003624
-43,10,0.29499999999999998446,0.29499999999999998446
-42,10,0.36120000000000002105,0.36120000000000002105
-41,10,0.40939999999999998614,0.40939999999999998614
-40,10,0.52769999999999994689,0.52769999999999994689
-39,10,0.81210000000000004405,0.81210000000000004405
-38,10,0.63070000000000003837,0.63070000000000003837
-37,10,0.6141999999999999682,0.6141999999999999682
-36,10,0.96719999999999994866,0.96719999999999994866
-35,10,0.98670000000000002149,0.98670000000000002149
-34,10,0.86050000000000004263,0.86050000000000004263
-33,10,0.94440000000000001723,0.94440000000000001723
-32,10,0.96199999999999996625,0.96199999999999996625
-31,10,0.98340000000000005187,0.98340000000000005187
-30,10,0.88749999999999995559,0.88749999999999995559
-29,10,0.54000000000000003553,0.54000000000000003553
-28,10,0.41980000000000000648,0.41980000000000000648
-27,10,0.41920000000000001705,0.41920000000000001705
-26,10,0.55249999999999999112,0.55249999999999999112
-25,10,0.90620000000000000551,0.90620000000000000551
-24,10,0.75149999999999994582,0.75149999999999994582
-23,10,0.81059999999999998721,0.81059999999999998721
-22,10,0.70950000000000001954,0.70950000000000001954
-21,10,0.36270000000000002238,0.36270000000000002238
-20,10,0.05050000000000000322,0.05050000000000000322
-19,10,0.066600000000000006417,0.066600000000000006417
-18,10,0.13769999999999998908,0.13769999999999998908
-17,10,0.19250000000000000444,0.19250000000000000444
-16,10,0.31409999999999999032,0.31409999999999999032
-15,10,0.89010000000000000231,0.89010000000000000231
-14,10,0.62070000000000002949,0.62070000000000002949
-13,10,0.35830000000000000737,0.35830000000000000737
-12,10,0.48439999999999999725,0.48439999999999999725
-11,10,0.5009000000000000119,0.5009000000000000119
-10,10,0.6936999999999999833,0.6936999999999999833
-9,10,0.75060000000000004494,0.75060000000000004494
-8,10,0.53979999999999994653,0.53979999999999994653
-7,10,0.49659999999999998588,0.49659999999999998588
-6,10,0.50229999999999996874,0.50229999999999996874
-5,10,0.66459999999999996856,0.66459999999999996856
-4,10,0.59179999999999999272,0.59179999999999999272
-3,10,0.25069999999999997842,0.25069999999999997842
-2,10,0.038800000000000001155,0.038800000000000001155
-1,10,0.042099999999999998535,0.042099999999999998535
0,10,0.71319999999999994511,0.71319999999999994511
1,10,0.71240000000000003322,0.71240000000000003322
2,10,0.83589999999999997637,0.83589999999999997637
3,10,0.64719999999999999751,0.64719999999999999751
4,10,0.71109999999999995435,0.71109999999999995435
5,10,0.74370000000000002771,0.74370000000000002771
6,10,0.82960000000000000409,0.82960000000000000409
7,10,0.81540000000000001368,0.81540000000000001368
8,10,0.3534999999999999809,0.3534999999999999809
9,10,0.50080000000000002292,0.50080000000000002292
10,10,0.51810000000000000497,0.51810000000000000497
11,10,0.40920000000000000817,0.40920000000000000817
12,10,0.48999999999999999112,0.48999999999999999112
13,10,0.42470000000000002194,0.42470000000000002194
14,10,0.49409999999999998366,0.49409999999999998366
15,10,0.37900000000000000355,0.37900000000000000355
16,10,0.23549999999999998712,0.23549999999999998712
17,10,0.1932999999999999996,0.1932999999999999996
18,10,0.38240000000000001767,0.38240000000000001767
19,10,0.18119999999999999996,0.18119999999999999996
20,10,0.95569999999999999396,0.95569999999999999396
21,10,0.75049999999999994493,0.75049999999999994493
22,10,0.96740000000000003766,0.96740000000000003766
23,10,0.84250000000000002665,0.84250000000000002665
24,10,0.785800000000000054,0.785800000000000054
25,10,0.54969999999999996643,0.54969999999999996643
26,10,0.38350000000000000755,0.38350000000000000755
27,10,0.8347999999999999865,0.8347999999999999865
28,10,0.72609999999999996767,0.72609999999999996767
29,10,0.32990000000000002656,0.32990000000000002656
30,10,0.23499999999999998668,0.23499999999999998668
31,10,0.27789999999999998037,0.27789999999999998037
32,10,0.12570000000000000617,0.12570000000000000617
33,10,0.036799999999999999378,0.036799999999999999378
34,10,0.019800000000000001626,0.019800000000000001626
35,10,0.033000000000000001554,0.033000000000000001554
36,10,0.18479999999999999205,0.18479999999999999205
37,10,0.60840000000000005187,0.60840000000000005187
38,10,0.77900000000000002576,0.77900000000000002576
39,10,0.71109999999999995435,0.71109999999999995435
40,10,0.9588999999999999746,0.9588999999999999746
41,10,0.964199999999999946,0.964199999999999946
42,10,0.9848000000000000087,0.9848000000000000087
43,10,0.64719999999999999751,0.64719999999999999751
44,10,0.4277000000000000246,0.4277000000000000246
45,10,0.48280000000000000693,0.48280000000000000693
46,10,0.65749999999999997335,0.65749999999999997335
47,10,0.25350000000000000311,0.25350000000000000311
48,10,0.28260000000000001785,0.28260000000000001785
49,10,0.35959999999999997522,0.35959999999999997522
50,10,0.62949999999999994849,0.62949999999999994849
51,10,0.78149999999999997247,0.78149999999999997247
52,10,0.76459999999999994635,0.76459999999999994635
53,10,0.93950000000000000178,0.93950000000000000178
54,10,0.79969999999999996643,0.79969999999999996643
55,10,0.36620000000000002549,0.36620000000000002549
56,10,0.37940000000000001501,0.37940000000000001501
57,10,0.61060000000000003162,0.61060000000000003162
58,10,0.67239999999999999769,0.67239999999999999769
59,10,0.47870000000000001439,0.47870000000000001439
60,10,0.30459999999999998188,0.30459999999999998188
61,10,0.38950000000000001288,0.38950000000000001288
62,10,0.91000000000000003109,0.91000000000000003109
63,10,0.74760000000000004228,0.74760000000000004228
64,10,0.5847999999999999865,0.5847999999999999865
65,10,0.43699999999999999956,0.43699999999999999956
66,10,0.32910000000000000364,0.32910000000000000364
67,10,0.52600000000000002309,0.52600000000000002309
68,10,0.62490000000000001101,0.62490000000000001101
69,10,0.53359999999999996323,0.53359999999999996323
70,10,0.69559999999999999609,0.69559999999999999609
-69,11.25,0.32169999999999998597,0.32169999999999998597
-68,11.25,0.36290000000000000036,0.36290000000000000036
-67,11.25,0.64259999999999994902,0.64259999999999994902
-66,11.25,0.92769999999999996909,0.92769999999999996909
-65,11.25,0.98790000000000000036,0.98790000000000000036
-64,11.25,0.98199999999999998401,0.98199999999999998401
-63,11.25,0.9340000000000000524,0.9340000000000000524
-62,11.25,0.84889999999999998792,0.84889999999999998792
-61,11.25,0.87960000000000004849,0.87960000000000004849
-60,11.25,0.90269999999999994689,0.90269999999999994689
-59,11.25,0.9000000000000000222,0.9000000000000000222
-58,11.25,0.84399999999999997247,0.84399999999999997247
-57,11.25,0.63500000000000000888,0.63500000000000000888
-56,11.25,0.55179999999999995719,0.55179999999999995719
-55,11.25,0.31309999999999998943,0.31309999999999998943
-54,11.25,0.45500000000000001554,0.45500000000000001554
-53,11.25,0.98550000000000004263,0.98550000000000004263
-52,11.25,0.60870000000000001883,0.60870000000000001883
-51,11.25,0.6677999999999999492,0.6677999999999999492
-50,11.25,0.94450000000000000622,0.94450000000000000622
-49,11.25,0.96050000000000002043,0.96050000000000002043
-48,11.25,0.77210000000000000853,0.77210000000000000853
-47,11.25,0.63600000000000000977,0.63600000000000000977
-46,11.25,0.93210000000000003961,0.93210000000000003961
-45,11.25,0.78110000000000001652,0.78110000000000001652
-44,11.25,0.5909999999999999698,0.5909999999999999698
-43,11.25,0.50200000000000000178,0.50200000000000000178
-42,11.25,0.55510000000000003784,0.55510000000000003784
-41,11.25,0.67339999999999999858,0.67339999999999999858
-40,11.25,0.60350000000000003642,0.60350000000000003642
-39,11.25,0.84709999999999996412,0.84709999999999996412
-38,11.25,0.64710000000000000853,0.64710000000000000853
-37,11.25,0.91910000000000002807,0.91910000000000002807
-36,11.25,0.99870000000000003215,0.99870000000000003215
-35,11.25,0.9848000000000000087,0.9848000000000000087
-34,11.25,0.96909999999999996145,0.96909999999999996145
-33,11.25,0.99719999999999997531,0.99719999999999997531
-32,11.25,0.99960000000000004405,0.99960000000000004405
-31,11.25,0.95389999999999997016,0.95389999999999997016
-30,11.25,0.78620000000000000995,0.78620000000000000995
-29,11.25,0.59219999999999994866,0.59219999999999994866
-28,11.25,0.4616000000000000103,0.4616000000000000103
-27,11.25,0.65890000000000004121,0.65890000000000004121
-26,11.25,0.89849999999999996536,0.89849999999999996536
-25,11.25,0.79300000000000003819,0.79300000000000003819
-24,11.25,0.45010000000000000009,0.45010000000000000009
-23,11.25,0.45789999999999997371,0.45789999999999997371
-22,11.25,0.50890000000000001901,0.50890000000000001901
-21,11.25,0.44829999999999997629,0.44829999999999997629
-20,11.25,0.052200000000000003342,0.052200000000000003342
-19,11.25,0.18870000000000000662,0.18870000000000000662
-18,11.25,0.51390000000000002345,0.51390000000000002345
-17,11.25,0.63339999999999996305,0.63339999999999996305
-16,11.25,0.4893000000000000127,0.4893000000000000127
-15,11.25,0.70279999999999998028,0.70279999999999998028
-14,11.25,0.8873999999999999666,0.8873999999999999666
-13,11.25,0.6027000000000000135,0.6027000000000000135
-12,11.25,0.83950000000000002398,0.83950000000000002398
-11,11.25,0.52290000000000003144,0.52290000000000003144
-10,11.25,0.64849999999999996536,0.64849999999999996536
-9,11.25,0.73519999999999996465,0.73519999999999996465
-8,11.25,0.6831000000000000405,0.6831000000000000405
-7,11.25,0.72670000000000001261,0.72670000000000001261
-6,11.25,0.61009999999999997566,0.61009999999999997566
-5,11.25,0.92059999999999997389,0.92059999999999997389
-4,11.25,0.98680000000000001048,0.98680000000000001048
-3,11.25,0.94399999999999995026,0.94399999999999995026
-2,11.25,0.66800000000000003819,0.66800000000000003819
-1,11.25,0.52159999999999995257,0.52159999999999995257
0,11.25,0.4768000000000000016,0.4768000000000000016
1,11.25,0.75829999999999997407,0.75829999999999997407
2,11.25,0.8759000000000000119,0.8759000000000000119
3,11.25,0.75109999999999998987,0.75109999999999998987
4,11.25,0.80269999999999996909,0.80269999999999996909
5,11.25,0.98580000000000000959,0.98580000000000000959
6,11.25,0.8759000000000000119,0.8759000000000000119
7,11.25,0.5510000000000000453,0.5510000000000000453
8,11.25,0.40429999999999999272,0.40429999999999999272
9,11.25,0.51310000000000000053,0.51310000000000000053
10,11.25,0.43950000000000000178,0.43950000000000000178
11,11.25,0.52720000000000000195,0.52720000000000000195
12,11.25,0.45550000000000001599,0.45550000000000001599
13,11.25,0.31780000000000002691,0.31780000000000002691
14,11.25,0.47880000000000000338,0.47880000000000000338
15,11.25,0.38219999999999998419,0.38219999999999998419
16,11.25,0.19580000000000000182,0.19580000000000000182
17,11.25,0.1746000000000000052,0.1746000000000000052
18,11.25,0.18210000000000001186,0.18210000000000001186
19,11.25,0.14769999999999999796,0.14769999999999999796
20,11.25,0.36620000000000002549,0.36620000000000002549
21,11.25,0.59179999999999999272,0.59179999999999999272
22,11.25,0.93449999999999999734,0.93449999999999999734
23,11.25,0.98270000000000001794,0.98270000000000001794
24,11.25,0.71550000000000002487,0.71550000000000002487
25,11.25,0.58069999999999999396,0.58069999999999999396
26,11.25,0.44979999999999997762,0.44979999999999997762
27,11.25,0.38340000000000001856,0.38340000000000001856
28,11.25,0.74390000000000000568,0.74390000000000000568
29,11.25,0.68820000000000003393,0.68820000000000003393
30,11.25,0.52290000000000003144,0.52290000000000003144
31,11.25,0.50229999999999996874,0.50229999999999996874
32,11.25,0.2741000000000000103,0.2741000000000000103
33,11.25,0.07489999999999999436,0.07489999999999999436
34,11.25,0.1597999999999999976,0.1597999999999999976
35,11.25,0.10399999999999999523,0.10399999999999999523
36,11.25,0.16889999999999999458,0.16889999999999999458
37,11.25,0.50849999999999995204,0.50849999999999995204
38,11.25,0.83819999999999994511,0.83819999999999994511
39,11.25,0.70550000000000001599,0.70550000000000001599
40,11.25,0.85399999999999998135,0.85399999999999998135
41,11.25,0.87990000000000001545,0.87990000000000001545
42,11.25,0.54790000000000005365,0.54790000000000005365
43,11.25,0.29939999999999999947,0.29939999999999999947
44,11.25,0.38760000000000000009,0.38760000000000000009
45,11.25,0.50209999999999999076,0.50209999999999999076
46,11.25,0.88109999999999999432,0.88109999999999999432
47,11.25,0.47910000000000002585,0.47910000000000002585
48,11.25,0.36120000000000002105,0.36120000000000002105
49,11.25,0.41149999999999997691,0.41149999999999997691
50,11.25,0.46239999999999997771,0.46239999999999997771
51,11.25,0.41149999999999997691,0.41149999999999997691
52,11.25,0.69320000000000003837,0.69320000000000003837
53,11.25,0.9563000000000000389,0.9563000000000000389
54,11.25,0.96840000000000003855,0.96840000000000003855
55,11.25,0.54220000000000001528,0.54220000000000001528
56,11.25,0.56240000000000001101,0.56240000000000001101
57,11.25,0.73719999999999996643,0.73719999999999996643
58,11.25,0.77280000000000004245,0.77280000000000004245
59,11.25,0.47810000000000002496,0.47810000000000002496
60,11.25,0.30399999999999999245,0.30399999999999999245
61,11.25,0.32579999999999997851,0.32579999999999997851
62,11.25,0.74950000000000005507,0.74950000000000005507
63,11.25,0.69030000000000002469,0.69030000000000002469
64,11.25,0.6983000000000000318,0.6983000000000000318
65,11.25,0.61890000000000000568,0.61890000000000000568
66,11.25,0.32329999999999997629,0.32329999999999997629
67,11.25,0.44629999999999997451,0.44629999999999997451
68,11.25,0.61180000000000001048,0.61180000000000001048
69,11.25,0.64839999999999997637,0.64839999999999997637
70,11.25,0.73770000000000002238,0.73770000000000002238
-69,12.5,0.43959999999999999076,0.43959999999999999076
-68,12.5,0.42030000000000000693,0.42030000000000000693
-67,12.5,0.70199999999999995737,0.70199999999999995737
-66,12.5,0.94059999999999999165,0.94059999999999999165
-65,12.5,0.98019999999999996021,0.98019999999999996021
-64,12.5,0.9579999999999999627,0.9579999999999999627
-63,12.5,0.88539999999999996483,0.88539999999999996483
-62,12.5,0.8195999999999999952,0.8195999999999999952
-61,12.5,0.82179999999999997495,0.82179999999999997495
-60,12.5,0.81969999999999998419,0.81969999999999998419
-59,12.5,0.94040000000000001368,0.94040000000000001368
-58,12.5,0.90769999999999995133,0.90769999999999995133
-57,12.5,0.63009999999999999343,0.63009999999999999343
-56,12.5,0.46110000000000000986,0.46110000000000000986
-55,12.5,0.24690000000000000835,0.24690000000000000835
-54,12.5,0.50900000000000000799,0.50900000000000000799
-53,12.5,0.94010000000000004672,0.94010000000000004672
-52,12.5,0.69869999999999998774,0.69869999999999998774
-51,12.5,0.73429999999999995275,0.73429999999999995275
-50,12.5,0.93389999999999995239,0.93389999999999995239
-49,12.5,0.98770000000000002238,0.98770000000000002238
-48,12.5,0.83379999999999998561,0.83379999999999998561
-47,12.5,0.68899999999999994582,0.68899999999999994582
-46,12.5,0.98129999999999995008,0.98129999999999995008
-45,12.5,0.84240000000000003766,0.84240000000000003766
-44,12.5,0.63980000000000003535,0.63980000000000003535
-43,12.5,0.86980000000000001759,0.86980000000000001759
-42,12.5,0.87480000000000002203,0.87480000000000002203
-41,12.5,0.42030000000000000693,0.42030000000000000693
-40,12.5,0.40050000000000002265,0.40050000000000002265
-39,12.5,0.5554000000000000048,0.5554000000000000048
-38,12.5,0.78190000000000003944,0.78190000000000003944
-37,12.5,0.84370000000000000551,0.84370000000000000551
-36,12.5,0.92740000000000000213,0.92740000000000000213
-35,12.5,0.9489999999999999547,0.9489999999999999547
-34,12.5,0.91129999999999999893,0.91129999999999999893
-33,12.5,0.98409999999999997478,0.98409999999999997478
-32,12.5,0.99399999999999999467,0.99399999999999999467
-31,12.5,0.87760000000000004672,0.87760000000000004672
-30,12.5,0.80679999999999996163,0.80679999999999996163
-29,12.5,0.58889999999999997904,0.58889999999999997904
-28,12.5,0.90959999999999996412,0.90959999999999996412
-27,12.5,0.84230000000000004867,0.84230000000000004867
-26,12.5,0.60660000000000002807,0.60660000000000002807
-25,12.5,0.34810000000000002052,0.34810000000000002052
-24,12.5,0.34389999999999998348,0.34389999999999998348
-23,12.5,0.23630000000000001004,0.23630000000000001004
-22,12.5,0.48820000000000002283,0.48820000000000002283
-21,12.5,0.2883999999999999897,0.2883999999999999897
-20,12.5,0.033200000000000000344,0.033200000000000000344
-19,12.5,0.20319999999999999174,0.20319999999999999174
-18,12.5,0.28620000000000000995,0.28620000000000000995
-17,12.5,0.41439999999999999059,0.41439999999999999059
-16,12.5,0.56410000000000004583,0.56410000000000004583
-15,12.5,0.72919999999999995932,0.72919999999999995932
-14,12.5,0.87870000000000003659,0.87870000000000003659
-13,12.5,0.94250000000000000444,0.94250000000000000444
-12,12.5,0.98929999999999995719,0.98929999999999995719
-11,12.5,0.95230000000000003535,0.95230000000000003535
-10,12.5,0.77359999999999995435,0.77359999999999995435
-9,12.5,0.69930000000000003268,0.69930000000000003268
-8,12.5,0.61319999999999996732,0.61319999999999996732
-7,12.5,0.7617000000000000437,0.7617000000000000437
-6,12.5,0.99309999999999998277,0.99309999999999998277
-5,12.5,0.964199999999999946,0.964199999999999946
-4,12.5,0.80879999999999996341,0.80879999999999996341
-3,12.5,0.8152000000000000357,0.8152000000000000357
-2,12.5,0.38760000000000000009,0.38760000000000000009
-1,12.5,0.29220000000000001528,0.29220000000000001528
0,12.5,0.62450000000000005507,0.62450000000000005507
1,12.5,0.94699999999999995293,0.94699999999999995293
2,12.5,0.87960000000000004849,0.87960000000000004849
3,12.5,0.25959999999999999742,0.25959999999999999742
4,12.5,0.77910000000000001474,0.77910000000000001474
5,12.5,0.9990999999999999881,0.9990999999999999881
6,12.5,0.99990000000000001101,0.99990000000000001101
7,12.5,0.77710000000000001297,0.77710000000000001297
8,12.5,0.74750000000000005329,0.74750000000000005329
9,12.5,0.78879999999999994564,0.78879999999999994564
10,12.5,0.57389999999999996572,0.57389999999999996572
11,12.5,0.40420000000000000373,0.40420000000000000373
12,12.5,0.28370000000000000773,0.28370000000000000773
13,12.5,0.27900000000000002576,0.27900000000000002576
14,12.5,0.49149999999999999245,0.49149999999999999245
15,12.5,0.3402000000000000024,0.3402000000000000024
16,12.5,0.23489999999999999769,0.23489999999999999769
17,12.5,0.16079999999999999849,0.16079999999999999849
18,12.5,0.12489999999999999714,0.12489999999999999714
19,12.5,0.17180000000000000826,0.17180000000000000826
20,12.5,0.23760000000000000564,0.23760000000000000564
21,12.5,0.17169999999999999152,0.17169999999999999152
22,12.5,0.41239999999999998881,0.41239999999999998881
23,12.5,0.61570000000000002505,0.61570000000000002505
24,12.5,0.95169999999999999041,0.95169999999999999041
25,12.5,0.49540000000000000702,0.49540000000000000702
26,12.5,0.59760000000000002007,0.59760000000000002007
27,12.5,0.59370000000000000551,0.59370000000000000551
28,12.5,0.71819999999999994955,0.71819999999999994955
29,12.5,0.93620000000000003215,0.93620000000000003215
30,12.5,0.9848000000000000087,0.9848000000000000087
31,12.5,0.76829999999999998295,0.76829999999999998295
32,12.5,0.6757999999999999563,0.6757999999999999563
33,12.5,0.4429000000000000159,0.4429000000000000159
34,12.5,0.27339999999999997637,0.27339999999999997637
35,12.5,0.10789999999999999591,0.10789999999999999591
36,12.5,0.081000000000000002554,0.081000000000000002554
37,12.5,0.19509999999999999565,0.19509999999999999565
38,12.5,0.84889999999999998792,0.84889999999999998792
39,12.5,0.8759000000000000119,0.8759000000000000119
40,12.5,0.90269999999999994689,0.90269999999999994689
41,12.5,0.7599000000000000199,0.7599000000000000199
42,12.5,0.36540000000000000258,0.36540000000000000258
43,12.5,0.4732000000000000095,0.4732000000000000095
44,12.5,0.65269999999999994689,0.65269999999999994689
45,12.5,0.62619999999999997886,0.62619999999999997886
46,12.5,0.70760000000000000675,0.70760000000000000675
47,12.5,0.36059999999999997611,0.36059999999999997611
48,12.5,0.43909999999999999032,0.43909999999999999032
49,12.5,0.51600000000000001421,0.51600000000000001421
50,12.5,0.30420000000000002593,0.30420000000000002593
51,12.5,0.20860000000000000764,0.20860000000000000764
52,12.5,0.56010000000000004228,0.56010000000000004228
53,12.5,0.92130000000000000782,0.92130000000000000782
54,12.5,0.8938000000000000389,0.8938000000000000389
55,12.5,0.77720000000000000195,0.77720000000000000195
56,12.5,0.63509999999999999787,0.63509999999999999787
57,12.5,0.74699999999999999734,0.74699999999999999734
58,12.5,0.69779999999999997584,0.69779999999999997584
59,12.5,0.35539999999999999369,0.35539999999999999369
60,12.5,0.34120000000000000329,0.34120000000000000329
61,12.5,0.42099999999999998535,0.42099999999999998535
62,12.5,0.70440000000000002611,0.70440000000000002611
63,12.5,0.80910000000000004139,0.80910000000000004139
64,12.5,0.7543999999999999595,0.7543999999999999595
65,12.5,0.6760000000000000453,0.6760000000000000453
66,12.5,0.3963999999999999746,0.3963999999999999746
67,12.5,0.42130000000000000782,0.42130000000000000782
68,12.5,0.6036000000000000254,0.6036000000000000254
69,12.5,0.66990000000000005098,0.66990000000000005098
70,12.5,0.70399999999999995914,0.70399999999999995914
-69,13.75,0.59040000000000003588,0.59040000000000003588
-68,13.75,0.51770000000000004903,0.51770000000000004903
-67,13.75,0.78090000000000003855,0.78090000000000003855
-66,13.75,0.95240000000000002434,0.95240000000000002434
-65,13.75,0.97880000000000000338,0.97880000000000000338
-64,13.75,0.94879999999999997673,0.94879999999999997673
-63,13.75,0.87209999999999998632,0.87209999999999998632
-62,13.75,0.81330000000000002292,0.81330000000000002292
-61,13.75,0.76109999999999999876,0.76109999999999999876
-60,13.75,0.69530000000000002913,0.69530000000000002913
-59,13.75,0.96899999999999997247,0.96899999999999997247
-58,13.75,0.82920000000000004814,0.82920000000000004814
-57,13.75,0.57520000000000004459,0.57520000000000004459
-56,13.75,0.30380000000000001448,0.30380000000000001448
-55,13.75,0.25869999999999998552,0.25869999999999998552
-54,13.75,0.58060000000000000497,0.58060000000000000497
-53,13.75,0.88709999999999999964,0.88709999999999999964
-52,13.75,0.74019999999999996909,0.74019999999999996909
-51,13.75,0.75770000000000004015,0.75770000000000004015
-50,13.75,0.92030000000000000693,0.92030000000000000693
-49,13.75,0.99609999999999998543,0.99609999999999998543
-48,13.75,0.93779999999999996696,0.93779999999999996696
-47,13.75,0.86390000000000000124,0.86390000000000000124
-46,13.75,0.99539999999999995151,0.99539999999999995151
-45,13.75,0.97709999999999996856,0.97709999999999996856
-44,13.75,0.77010000000000000675,0.77010000000000000675
-43,13.75,0.80400000000000004796,0.80400000000000004796
-42,13.75,0.31230000000000002203,0.31230000000000002203
-41,13.75,0.23369999999999999107,0.23369999999999999107
-40,13.75,0.29830000000000000959,0.29830000000000000959
-39,13.75,0.57450000000000001066,0.57450000000000001066
-38,13.75,0.97470000000000001084,0.97470000000000001084
-37,13.75,0.77739999999999997993,0.77739999999999997993
-36,13.75,0.72940000000000004832,0.72940000000000004832
-35,13.75,0.95550000000000001599,0.95550000000000001599
-34,13.75,0.84770000000000000906,0.84770000000000000906
-33,13.75,0.86160000000000003251,0.86160000000000003251
-32,13.75,0.92169999999999996376,0.92169999999999996376
-31,13.75,0.60840000000000005187,0.60840000000000005187
-30,13.75,0.52059999999999995168,0.52059999999999995168
-29,13.75,0.56669999999999998153,0.56669999999999998153
-28,13.75,0.64949999999999996625,0.64949999999999996625
-27,13.75,0.17210000000000000298,0.17210000000000000298
-26,13.75,0.067900000000000002021,0.067900000000000002021
-25,13.75,0.21920000000000000595,0.21920000000000000595
-24,13.75,0.48459999999999997522,0.48459999999999997522
-23,13.75,0.41999999999999998446,0.41999999999999998446
-22,13.75,0.13780000000000000582,0.13780000000000000582
-21,13.75,0.075800000000000006262,0.075800000000000006262
-20,13.75,0.034599999999999998812,0.034599999999999998812
-19,13.75,0.042099999999999998535,0.042099999999999998535
-18,13.75,0.081600000000000005862,0.081600000000000005862
-17,13.75,0.16759999999999999898,0.16759999999999999898
-16,13.75,0.45610000000000000542,0.45610000000000000542
-15,13.75,0.68230000000000001759,0.68230000000000001759
-14,13.75,0.86339999999999994529,0.86339999999999994529
-13,13.75,0.66590000000000004743,0.66590000000000004743
-12,13.75,0.57110000000000005205,0.57110000000000005205
-11,13.75,0.38719999999999998863,0.38719999999999998863
-10,13.75,0.52580000000000004512,0.52580000000000004512
-9,13.75,0.62039999999999995151,0.62039999999999995151
-8,13.75,0.40779999999999999583,0.40779999999999999583
-7,13.75,0.3179000000000000159,0.3179000000000000159
-6,13.75,0.99880000000000002114,0.99880000000000002114
-5,13.75,0.85760000000000002895,0.85760000000000002895
-4,13.75,0.91849999999999998312,0.91849999999999998312
-3,13.75,0.68140000000000000568,0.68140000000000000568
-2,13.75,0.45629999999999998339,0.45629999999999998339
-1,13.75,0.35959999999999997522,0.35959999999999997522
0,13.75,0.19700000000000000844,0.19700000000000000844
1,13.75,0.39919999999999999929,0.39919999999999999929
2,13.75,0.57850000000000001421,0.57850000000000001421
3,13.75,0.19480000000000000093,0.19480000000000000093
4,13.75,0.9393000000000000238,0.9393000000000000238
5,13.75,0.99970000000000003304,0.99970000000000003304
6,13.75,0.99699999999999999734,0.99699999999999999734
7,13.75,0.98670000000000002149,0.98670000000000002149
8,13.75,0.9981999999999999762,0.9981999999999999762
9,13.75,0.9000000000000000222,0.9000000000000000222
10,13.75,0.67269999999999996465,0.67269999999999996465
11,13.75,0.35489999999999999325,0.35489999999999999325
12,13.75,0.24829999999999999294,0.24829999999999999294
13,13.75,0.37099999999999999645,0.37099999999999999645
14,13.75,0.60309999999999996945,0.60309999999999996945
15,13.75,0.25350000000000000311,0.25350000000000000311
16,13.75,0.22950000000000000955,0.22950000000000000955
17,13.75,0.26460000000000000187,0.26460000000000000187
18,13.75,0.33229999999999998428,0.33229999999999998428
19,13.75,0.087599999999999997313,0.087599999999999997313
20,13.75,0.44019999999999998019,0.44019999999999998019
21,13.75,0.080500000000000002109,0.080500000000000002109
22,13.75,0.21549999999999999711,0.21549999999999999711
23,13.75,0.38679999999999997717,0.38679999999999997717
24,13.75,0.1262999999999999956,0.1262999999999999956
25,13.75,0.69210000000000004849,0.69210000000000004849
26,13.75,0.7552999999999999714,0.7552999999999999714
27,13.75,0.51619999999999999218,0.51619999999999999218
28,13.75,0.77259999999999995346,0.77259999999999995346
29,13.75,0.70550000000000001599,0.70550000000000001599
30,13.75,0.75790000000000001812,0.75790000000000001812
31,13.75,0.98780000000000001137,0.98780000000000001137
32,13.75,0.81610000000000004761,0.81610000000000004761
33,13.75,0.4043999999999999817,0.4043999999999999817
34,13.75,0.082199999999999995293,0.082199999999999995293
35,13.75,0.026499999999999999251,0.026499999999999999251
36,13.75,0.030599999999999998729,0.030599999999999998729
37,13.75,0.057500000000000002498,0.057500000000000002498
38,13.75,0.74019999999999996909,0.74019999999999996909
39,13.75,0.81810000000000004938,0.81810000000000004938
40,13.75,0.86040000000000005365,0.86040000000000005365
41,13.75,0.6349000000000000199,0.6349000000000000199
42,13.75,0.71840000000000003855,0.71840000000000003855
43,13.75,0.76900000000000001688,0.76900000000000001688
44,13.75,0.55420000000000002593,0.55420000000000002593
45,13.75,0.61029999999999995364,0.61029999999999995364
46,13.75,0.57940000000000002611,0.57940000000000002611
47,13.75,0.4900999999999999801,0.4900999999999999801
48,13.75,0.42890000000000000346,0.42890000000000000346
49,13.75,0.40570000000000000506,0.40570000000000000506
50,13.75,0.33079999999999998295,0.33079999999999998295
51,13.75,0.22479999999999999982,0.22479999999999999982
52,13.75,0.32879999999999998117,0.32879999999999998117
53,13.75,0.55920000000000003038,0.55920000000000003038
54,13.75,0.49809999999999998721,0.49809999999999998721
55,13.75,0.6543999999999999817,0.6543999999999999817
56,13.75,0.82159999999999999698,0.82159999999999999698
57,13.75,0.83420000000000005258,0.83420000000000005258
58,13.75,0.6875,0.6875
59,13.75,0.30620000000000002771,0.30620000000000002771
60,13.75,0.40339999999999998082,0.40339999999999998082
61,13.75,0.61939999999999995062,0.61939999999999995062
62,13.75,0.79049999999999998046,0.79049999999999998046
63,13.75,0.88139999999999996128,0.88139999999999996128
64,13.75,0.9653000000000000469,0.9653000000000000469
65,13.75,0.82099999999999995204,0.82099999999999995204
66,13.75,0.52480000000000004423,0.52480000000000004423
67,13.75,0.56389999999999995683,0.56389999999999995683
68,13.75,0.66500000000000003553,0.66500000000000003553
69,13.75,0.65459999999999995968,0.65459999999999995968
70,13.75,0.83909999999999995701,0.83909999999999995701
-69,15,0.70060000000000000053,0.70060000000000000053
-68,15,0.65480000000000004867,0.65480000000000004867
-67,15,0.7973000000000000087,0.7973000000000000087
-66,15,0.95589999999999997193,0.95589999999999997193
-65,15,0.96579999999999999183,0.96579999999999999183
-64,15,0.8849000000000000199,0.8849000000000000199
-63,15,0.83560000000000000941,0.83560000000000000941
-62,15,0.81410000000000004583,0.81410000000000004583
-61,15,0.77490000000000003322,0.77490000000000003322
-60,15,0.68189999999999995062,0.68189999999999995062
-59,15,0.96570000000000000284,0.96570000000000000284
-58,15,0.74899999999999999911,0.74899999999999999911
-57,15,0.50760000000000005116,0.50760000000000005116
-56,15,0.24069999999999999729,0.24069999999999999729
-55,15,0.32979999999999998206,0.32979999999999998206
-54,15,0.71289999999999997815,0.71289999999999997815
-53,15,0.80200000000000004619,0.80200000000000004619
-52,15,0.94210000000000004849,0.94210000000000004849
-51,15,0.75549999999999994937,0.75549999999999994937
-50,15,0.81579999999999996962,0.81579999999999996962
-49,15,0.9965000000000000524,0.9965000000000000524
-48,15,0.99460000000000003961,0.99460000000000003961
-47,15,0.83970000000000000195,0.83970000000000000195
-46,15,0.93189999999999995062,0.93189999999999995062
-45,15,0.94599999999999995204,0.94599999999999995204
-44,15,0.88360000000000005205,0.88360000000000005205
-43,15,0.71079999999999998739,0.71079999999999998739
-42,15,0.20649999999999998912,0.20649999999999998912
-41,15,0.27079999999999998517,0.27079999999999998517
-40,15,0.32150000000000000799,0.32150000000000000799
-39,15,0.56699999999999994849,0.56699999999999994849
-38,15,0.92249999999999998668,0.92249999999999998668
-37,15,0.75919999999999998597,0.75919999999999998597
-36,15,0.67400000000000004352,0.67400000000000004352
-35,15,0.91859999999999997211,0.91859999999999997211
-34,15,0.75209999999999999076,0.75209999999999999076
-33,15,0.7902000000000000135,0.7902000000000000135
-32,15,0.57869999999999999218,0.57869999999999999218
-31,15,0.40410000000000001474,0.40410000000000001474
-30,15,0.47520000000000001128,0.47520000000000001128
-29,15,0.73640000000000005453,0.73640000000000005453
-28,15,0.13109999999999999432,0.13109999999999999432
-27,15,0.021000000000000001305,0.021000000000000001305
-26,15,0.07199999999999999456,0.07199999999999999456
-25,15,0.12449999999999999956,0.12449999999999999956
-24,15,0.08920000000000000151,0.08920000000000000151
-23,15,0.066799999999999998268,0.066799999999999998268
-22,15,0.048700000000000000233,0.048700000000000000233
-21,15,0.028799999999999999212,0.028799999999999999212
-20,15,0.015199999999999999969,0.015199999999999999969
-19,15,0.012999999999999999403,0.012999999999999999403
-18,15,0.020099999999999999811,0.020099999999999999811
-17,15,0.084800000000000000377,0.084800000000000000377
-16,15,0.25059999999999998943,0.25059999999999998943
-15,15,0.44180000000000002602,0.44180000000000002602
-14,15,0.78549999999999997602,0.78549999999999997602
-13,15,0.86629999999999995897,0.86629999999999995897
-12,15,0.63409999999999999698,0.63409999999999999698
-11,15,0.20080000000000000626,0.20080000000000000626
-10,15,0.30430000000000001492,0.30430000000000001492
-9,15,0.41889999999999999458,0.41889999999999999458
-8,15,0.419599999999999973,0.419599999999999973
-7,15,0.30209999999999997966,0.30209999999999997966
-6,15,0.84089999999999998082,0.84089999999999998082
-5,15,0.93589999999999995417,0.93589999999999995417
-4,15,0.80969999999999997531,0.80969999999999997531
-3,15,0.58650000000000002132,0.58650000000000002132
-2,15,0.12600000000000000089,0.12600000000000000089
-1,15,0.003299999999999999982,0.003299999999999999982
0,15,0.010200000000000000733,0.010200000000000000733
1,15,0.14779999999999998694,0.14779999999999998694
2,15,0.28289999999999998481,0.28289999999999998481
3,15,0.57569999999999998952,0.57569999999999998952
4,15,0.8820999999999999952,0.8820999999999999952
5,15,0.98780000000000001137,0.98780000000000001137
6,15,0.95440000000000002611,0.95440000000000002611
7,15,0.89680000000000004157,0.89680000000000004157
8,15,0.98839999999999994529,0.98839999999999994529
9,15,0.8286000000000000032,0.8286000000000000032
10,15,0.52990000000000003766,0.52990000000000003766
11,15,0.39550000000000001821,0.39550000000000001821
12,15,0.40999999999999997558,0.40999999999999997558
13,15,0.54449999999999998401,0.54449999999999998401
14,15,0.42799999999999999156,0.42799999999999999156
15,15,0.294599999999999973,0.294599999999999973
16,15,0.23899999999999999023,0.23899999999999999023
17,15,0.11169999999999999374,0.11169999999999999374
18,15,0.092399999999999996025,0.092399999999999996025
19,15,0.4445999999999999952,0.4445999999999999952
20,15,0.38240000000000001767,0.38240000000000001767
21,15,0.34849999999999997646,0.34849999999999997646
22,15,0.74809999999999998721,0.74809999999999998721
23,15,0.54500000000000003997,0.54500000000000003997
24,15,0.32869999999999999218,0.32869999999999999218
25,15,0.70079999999999997851,0.70079999999999997851
26,15,0.79800000000000004263,0.79800000000000004263
27,15,0.39850000000000002087,0.39850000000000002087
28,15,0.71579999999999999183,0.71579999999999999183
29,15,0.82459999999999999964,0.82459999999999999964
30,15,0.48609999999999997655,0.48609999999999997655
31,15,0.43120000000000002771,0.43120000000000002771
32,15,0.77059999999999995168,0.77059999999999995168
33,15,0.20769999999999999574,0.20769999999999999574
34,15,0.11110000000000000431,0.11110000000000000431
35,15,0.038800000000000001155,0.038800000000000001155
36,15,0.076100000000000000977,0.076100000000000000977
37,15,0.070900000000000004685,0.070900000000000004685
38,15,0.50570000000000003837,0.50570000000000003837
39,15,0.81710000000000004849,0.81710000000000004849
40,15,0.48539999999999999813,0.48539999999999999813
41,15,0.47630000000000000115,0.47630000000000000115
42,15,0.7490999999999999881,0.7490999999999999881
43,15,0.47449999999999997735,0.47449999999999997735
44,15,0.40899999999999997469,0.40899999999999997469
45,15,0.3768000000000000238,0.3768000000000000238
46,15,0.60160000000000002363,0.60160000000000002363
47,15,0.68510000000000004228,0.68510000000000004228
48,15,0.26540000000000002478,0.26540000000000002478
49,15,0.2938000000000000056,0.2938000000000000056
50,15,0.55879999999999996341,0.55879999999999996341
51,15,0.22409999999999999365,0.22409999999999999365
52,15,0.26910000000000000586,0.26910000000000000586
53,15,0.43159999999999998366,0.43159999999999998366
54,15,0.40289999999999998037,0.40289999999999998037
55,15,0.27119999999999999662,0.27119999999999999662
56,15,0.82760000000000000231,0.82760000000000000231
57,15,0.93189999999999995062,0.93189999999999995062
58,15,0.81049999999999999822,0.81049999999999999822
59,15,0.26619999999999999218,0.26619999999999999218
60,15,0.45100000000000001199,0.45100000000000001199
61,15,0.64790000000000003144,0.64790000000000003144
62,15,0.82199999999999995293,0.82199999999999995293
63,15,0.7608000000000000318,0.7608000000000000318
64,15,0.79559999999999997389,0.79559999999999997389
65,15,0.96619999999999994778,0.96619999999999994778
66,15,0.7741000000000000103,0.7741000000000000103
67,15,0.62429999999999996607,0.62429999999999996607
68,15,0.76870000000000004992,0.76870000000000004992
69,15,0.80200000000000004619,0.80200000000000004619
70,15,0.73289999999999999591,0.73289999999999999591
-69,16.25,0.7741000000000000103,0.7741000000000000103
-68,16.25,0.75649999999999995026,0.75649999999999995026
-67,16.25,0.82640000000000002345,0.82640000000000002345
-66,16.25,0.94230000000000002647,0.94230000000000002647
-65,16.25,0.93879999999999996785,0.93879999999999996785
-64,16.25,0.79169999999999995932,0.79169999999999995932
-63,16.25,0.73470000000000001972,0.73470000000000001972
-62,16.25,0.80230000000000001315,0.80230000000000001315
-61,16.25,0.81620000000000003659,0.81620000000000003659
-60,16.25,0.81910000000000005027,0.81910000000000005027
-59,16.25,0.92820000000000002505,0.92820000000000002505
-58,16.25,0.68989999999999995772,0.68989999999999995772
-57,16.25,0.40279999999999999138,0.40279999999999999138
-56,16.25,0.27610000000000001208,0.27610000000000001208
-55,16.25,0.45729999999999998428,0.45729999999999998428
-54,16.25,0.75009999999999998899,0.75009999999999998899
-53,16.25,0.76359999999999994547,0.76359999999999994547
-52,16.25,0.70620000000000004992,0.70620000000000004992
-51,16.25,0.7215000000000000302,0.7215000000000000302
-50,16.25,0.72119999999999995222,0.72119999999999995222
-49,16.25,0.99850000000000005418,0.99850000000000005418
-48,16.25,0.99260000000000003784,0.99260000000000003784
-47,16.25,0.75649999999999995026,0.75649999999999995026
-46,16.25,0.7920000000000000373,0.7920000000000000373
-45,16.25,0.99229999999999995985,0.99229999999999995985
-44,16.25,0.80779999999999996252,0.80779999999999996252
-43,16.25,0.88429999999999997495,0.88429999999999997495
-42,16.25,0.61029999999999995364,0.61029999999999995364
-41,16.25,0.66129999999999999893,0.66129999999999999893
-40,16.25,0.517900000000000027,0.517900000000000027
-39,16.25,0.68889999999999995683,0.68889999999999995683
-38,16.25,0.98819999999999996732,0.98819999999999996732
-37,16.25,0.61409999999999997922,0.61409999999999997922
-36,16.25,0.91939999999999999503,0.91939999999999999503
-35,16.25,0.94269999999999998241,0.94269999999999998241
-34,16.25,0.91090000000000004299,0.91090000000000004299
-33,16.25,0.92920000000000002593,0.92920000000000002593
-32,16.25,0.44679999999999997495,0.44679999999999997495
-31,16.25,0.71189999999999997726,0.71189999999999997726
-30,16.25,0.89400000000000001688,0.89400000000000001688
-29,16.25,0.56359999999999998987,0.56359999999999998987
-28,16.25,0.21360000000000001208,0.21360000000000001208
-27,16.25,0.084900000000000003242,0.084900000000000003242
-26,16.25,0.087999999999999994893,0.087999999999999994893
-25,16.25,0.077100000000000001865,0.077100000000000001865
-24,16.25,0.034400000000000000022,0.034400000000000000022
-23,16.25,0.036799999999999999378,0.036799999999999999378
-22,16.25,0.0080000000000000001665,0.0080000000000000001665
-21,16.25,0.0082000000000000006911,0.0082000000000000006911
-20,16.25,0.019900000000000001021,0.019900000000000001021
-19,16.25,0.027300000000000001349,0.027300000000000001349
-18,16.25,0.042799999999999997768,0.042799999999999997768
-17,16.25,0.15599999999999999978,0.15599999999999999978
-16,16.25,0.25140000000000001235,0.25140000000000001235
-15,16.25,0.2831000000000000183,0.2831000000000000183
-14,16.25,0.42099999999999998535,0.42099999999999998535
-13,16.25,0.73619999999999996554,0.73619999999999996554
-12,16.25,0.73570000000000002061,0.73570000000000002061
-11,16.25,0.26569999999999999174,0.26569999999999999174
-10,16.25,0.37109999999999998543,0.37109999999999998543
-9,16.25,0.55320000000000002505,0.55320000000000002505
-8,16.25,0.43449999999999999734,0.43449999999999999734
-7,16.25,0.4768000000000000016,0.4768000000000000016
-6,16.25,0.98729999999999995541,0.98729999999999995541
-5,16.25,0.89929999999999998828,0.89929999999999998828
-4,16.25,0.29649999999999998579,0.29649999999999998579
-3,16.25,0.14969999999999999973,0.14969999999999999973
-2,16.25,0.17979999999999998761,0.17979999999999998761
-1,16.25,0.011799999999999999725,0.011799999999999999725
0,16.25,0.0045999999999999999223,0.0045999999999999999223
1,16.25,0.085000000000000006106,0.085000000000000006106
2,16.25,0.42470000000000002194,0.42470000000000002194
3,16.25,0.60399999999999998135,0.60399999999999998135
4,16.25,0.84819999999999995399,0.84819999999999995399
5,16.25,0.98870000000000002327,0.98870000000000002327
6,16.25,0.96399999999999996803,0.96399999999999996803
7,16.25,0.99239999999999994884,0.99239999999999994884
8,16.25,0.67700000000000004619,0.67700000000000004619
9,16.25,0.63890000000000002345,0.63890000000000002345
10,16.25,0.78380000000000005222,0.78380000000000005222
11,16.25,0.62429999999999996607,0.62429999999999996607
12,16.25,0.50370000000000003659,0.50370000000000003659
13,16.25,0.40849999999999997424,0.40849999999999997424
14,16.25,0.25590000000000001634,0.25590000000000001634
15,16.25,0.2258999999999999897,0.2258999999999999897
16,16.25,0.29409999999999997256,0.29409999999999997256
17,16.25,0.10680000000000000604,0.10680000000000000604
18,16.25,0.041899999999999999745,0.041899999999999999745
19,16.25,0.31819999999999998286,0.31819999999999998286
20,16.25,0.39040000000000002478,0.39040000000000002478
21,16.25,0.35420000000000001483,0.35420000000000001483
22,16.25,0.964199999999999946,0.964199999999999946
23,16.25,0.57569999999999998952,0.57569999999999998952
24,16.25,0.62470000000000003304,0.62470000000000003304
25,16.25,0.44030000000000002469,0.44030000000000002469
26,16.25,0.82230000000000003091,0.82230000000000003091
27,16.25,0.55449999999999999289,0.55449999999999999289
28,16.25,0.56059999999999998721,0.56059999999999998721
29,16.25,0.93989999999999995772,0.93989999999999995772
30,16.25,0.45310000000000000275,0.45310000000000000275
31,16.25,0.46420000000000000151,0.46420000000000000151
32,16.25,0.82750000000000001332,0.82750000000000001332
33,16.25,0.23680000000000001048,0.23680000000000001048
34,16.25,0.15740000000000001212,0.15740000000000001212
35,16.25,0.10860000000000000209,0.10860000000000000209
36,16.25,0.11659999999999999531,0.11659999999999999531
37,16.25,0.19859999999999999876,0.19859999999999999876
38,16.25,0.32340000000000002078,0.32340000000000002078
39,16.25,0.7311999999999999611,0.7311999999999999611
40,16.25,0.76639999999999997016,0.76639999999999997016
41,16.25,0.52820000000000000284,0.52820000000000000284
42,16.25,0.75100000000000000089,0.75100000000000000089
43,16.25,0.40339999999999998082,0.40339999999999998082
44,16.25,0.48439999999999999725,0.48439999999999999725
45,16.25,0.23799999999999998934,0.23799999999999998934
46,16.25,0.33090000000000002744,0.33090000000000002744
47,16.25,0.37269999999999997575,0.37269999999999997575
48,16.25,0.13930000000000000715,0.13930000000000000715
49,16.25,0.13609999999999999876,0.13609999999999999876
50,16.25,0.51500000000000001332,0.51500000000000001332
51,16.25,0.39479999999999998428,0.39479999999999998428
52,16.25,0.28270000000000000684,0.28270000000000000684
53,16.25,0.41580000000000000293,0.41580000000000000293
54,16.25,0.47079999999999999627,0.47079999999999999627
55,16.25,0.23310000000000000164,0.23310000000000000164
56,16.25,0.18399999999999999689,0.18399999999999999689
57,16.25,0.49859999999999998765,0.49859999999999998765
58,16.25,0.88700000000000001066,0.88700000000000001066
59,16.25,0.49030000000000001359,0.49030000000000001359
60,16.25,0.51529999999999998028,0.51529999999999998028
61,16.25,0.76990000000000002878,0.76990000000000002878
62,16.25,0.80130000000000001226,0.80130000000000001226
63,16.25,0.71589999999999998082,0.71589999999999998082
64,16.25,0.79969999999999996643,0.79969999999999996643
65,16.25,0.97929999999999994831,0.97929999999999994831
66,16.25,0.9498999999999999666,0.9498999999999999666
67,16.25,0.68559999999999998721,0.68559999999999998721
68,16.25,0.78520000000000000906,0.78520000000000000906
69,16.25,0.79100000000000003642,0.79100000000000003642
70,16.25,0.49869999999999997664,0.49869999999999997664
-69,17.5,0.80749999999999999556,0.80749999999999999556
-68,17.5,0.83740000000000003322,0.83740000000000003322
-67,17.5,0.91220000000000001084,0.91220000000000001084
-66,17.5,0.96270000000000000018,0.96270000000000000018
-65,17.5,0.8858000000000000318,0.8858000000000000318
-64,17.5,0.73689999999999999947,0.73689999999999999947
-63,17.5,0.66439999999999999059,0.66439999999999999059
-62,17.5,0.78739999999999998881,0.78739999999999998881
-61,17.5,0.8561999999999999611,0.8561999999999999611
-60,17.5,0.92530000000000001137,0.92530000000000001137
-59,17.5,0.86180000000000001048,0.86180000000000001048
-58,17.5,0.65639999999999998348,0.65639999999999998348
-57,17.5,0.38919999999999999041,0.38919999999999999041
-56,17.5,0.43419999999999997486,0.43419999999999997486
-55,17.5,0.61839999999999994973,0.61839999999999994973
-54,17.5,0.75580000000000002736,0.75580000000000002736
-53,17.5,0.78900000000000003464,0.78900000000000003464
-52,17.5,0.6311999999999999833,0.6311999999999999833
-51,17.5,0.73939999999999994618,0.73939999999999994618
-50,17.5,0.72599999999999997868,0.72599999999999997868
-49,17.5,0.92989999999999994884,0.92989999999999994884
-48,17.5,0.81699999999999994849,0.81699999999999994849
-47,17.5,0.44629999999999997451,0.44629999999999997451
-46,17.5,0.51009999999999999787,0.51009999999999999787
-45,17.5,0.99699999999999999734,0.99699999999999999734
-44,17.5,0.68100000000000004974,0.68100000000000004974
-43,17.5,0.85219999999999995755,0.85219999999999995755
-42,17.5,0.70740000000000002878,0.70740000000000002878
-41,17.5,0.92069999999999996287,0.92069999999999996287
-40,17.5,0.80320000000000002505,0.80320000000000002505
-39,17.5,0.88790000000000002256,0.88790000000000002256
-38,17.5,0.97119999999999995222,0.97119999999999995222
-37,17.5,0.78100000000000002753,0.78100000000000002753
-36,17.5,0.99099999999999999201,0.99099999999999999201
-35,17.5,0.95699999999999996181,0.95699999999999996181
-34,17.5,0.99019999999999996909,0.99019999999999996909
-33,17.5,0.97940000000000004832,0.97940000000000004832
-32,17.5,0.89039999999999996927,0.89039999999999996927
-31,17.5,0.77039999999999997371,0.77039999999999997371
-30,17.5,0.42940000000000000391,0.42940000000000000391
-29,17.5,0.5151999999999999913,0.5151999999999999913
-28,17.5,0.47339999999999998748,0.47339999999999998748
-27,17.5,0.42259999999999997566,0.42259999999999997566
-26,17.5,0.37509999999999998899,0.37509999999999998899
-25,17.5,0.2326000000000000012,0.2326000000000000012
-24,17.5,0.15129999999999999005,0.15129999999999999005
-23,17.5,0.072300000000000003153,0.072300000000000003153
-22,17.5,0.042700000000000001843,0.042700000000000001843
-21,17.5,0.027500000000000000139,0.027500000000000000139
-20,17.5,0.074700000000000002509,0.074700000000000002509
-19,17.5,0.072400000000000006017,0.072400000000000006017
-18,17.5,0.084000000000000005218,0.084000000000000005218
-17,17.5,0.14430000000000001159,0.14430000000000001159
-16,17.5,0.16029999999999999805,0.16029999999999999805
-15,17.5,0.17219999999999999196,0.17219999999999999196
-14,17.5,0.27069999999999999618,0.27069999999999999618
-13,17.5,0.60929999999999995275,0.60929999999999995275
-12,17.5,0.82050000000000000711,0.82050000000000000711
-11,17.5,0.37299999999999999822,0.37299999999999999822
-10,17.5,0.30780000000000001803,0.30780000000000001803
-9,17.5,0.33779999999999998916,0.33779999999999998916
-8,17.5,0.16389999999999999014,0.16389999999999999014
-7,17.5,0.79059999999999996945,0.79059999999999996945
-6,17.5,0.82340000000000002078,0.82340000000000002078
-5,17.5,0.83440000000000003055,0.83440000000000003055
-4,17.5,0.64949999999999996625,0.64949999999999996625
-3,17.5,0.17940000000000000391,0.17940000000000000391
-2,17.5,0.83179999999999998384,0.83179999999999998384
-1,17.5,0.038600000000000002365,0.038600000000000002365
0,17.5,0.021399999999999998884,0.021399999999999998884
1,17.5,0.026800000000000000905,0.026800000000000000905
2,17.5,0.11590000000000000302,0.11590000000000000302
3,17.5,0.24709999999999998632,0.24709999999999998632
4,17.5,0.59860000000000002096,0.59860000000000002096
5,17.5,0.89970000000000005524,0.89970000000000005524
6,17.5,0.96109999999999995435,0.96109999999999995435
7,17.5,0.99960000000000004405,0.99960000000000004405
8,17.5,0.72729999999999994653,0.72729999999999994653
9,17.5,0.46270000000000000018,0.46270000000000000018
10,17.5,0.7438000000000000167,0.7438000000000000167
11,17.5,0.83799999999999996714,0.83799999999999996714
12,17.5,0.60909999999999997478,0.60909999999999997478
13,17.5,0.29799999999999998712,0.29799999999999998712
14,17.5,0.27839999999999998082,0.27839999999999998082
15,17.5,0.37059999999999998499,0.37059999999999998499
16,17.5,0.35539999999999999369,0.35539999999999999369
17,17.5,0.13830000000000000626,0.13830000000000000626
18,17.5,0.022300000000000000377,0.022300000000000000377
19,17.5,0.22750000000000000777,0.22750000000000000777
20,17.5,0.11429999999999999882,0.11429999999999999882
21,17.5,0.19339999999999998859,0.19339999999999998859
22,17.5,0.8688000000000000167,0.8688000000000000167
23,17.5,0.92120000000000001883,0.92120000000000001883
24,17.5,0.49899999999999999911,0.49899999999999999911
25,17.5,0.91879999999999995008,0.91879999999999995008
26,17.5,0.58120000000000004992,0.58120000000000004992
27,17.5,0.53869999999999995666,0.53869999999999995666
28,17.5,0.3563000000000000056,0.3563000000000000056
29,17.5,0.17449999999999998845,0.17449999999999998845
30,17.5,0.10580000000000000515,0.10580000000000000515
31,17.5,0.53259999999999996234,0.53259999999999996234
32,17.5,0.85780000000000000693,0.85780000000000000693
33,17.5,0.32529999999999997806,0.32529999999999997806
34,17.5,0.19389999999999998903,0.19389999999999998903
35,17.5,0.19430000000000000049,0.19430000000000000049
36,17.5,0.14979999999999998872,0.14979999999999998872
37,17.5,0.13950000000000001288,0.13950000000000001288
38,17.5,0.12600000000000000089,0.12600000000000000089
39,17.5,0.17419999999999999374,0.17419999999999999374
40,17.5,0.35480000000000000426,0.35480000000000000426
41,17.5,0.95299999999999995826,0.95299999999999995826
42,17.5,0.74929999999999996607,0.74929999999999996607
43,17.5,0.61150000000000004352,0.61150000000000004352
44,17.5,0.50470000000000003748,0.50470000000000003748
45,17.5,0.28639999999999998792,0.28639999999999998792
46,17.5,0.17649999999999999023,0.17649999999999999023
47,17.5,0.16669999999999998708,0.16669999999999998708
48,17.5,0.12729999999999999649,0.12729999999999999649
49,17.5,0.13600000000000000977,0.13600000000000000977
50,17.5,0.60929999999999995275,0.60929999999999995275
51,17.5,0.59750000000000003109,0.59750000000000003109
52,17.5,0.35599999999999998312,0.35599999999999998312
53,17.5,0.32350000000000000977,0.32350000000000000977
54,17.5,0.32000000000000000666,0.32000000000000000666
55,17.5,0.15520000000000000462,0.15520000000000000462
56,17.5,0.15320000000000000284,0.15320000000000000284
57,17.5,0.26969999999999999529,0.26969999999999999529
58,17.5,0.6454999999999999627,0.6454999999999999627
59,17.5,0.75319999999999998064,0.75319999999999998064
60,17.5,0.70379999999999998117,0.70379999999999998117
61,17.5,0.83689999999999997726,0.83689999999999997726
62,17.5,0.83809999999999995612,0.83809999999999995612
63,17.5,0.6677999999999999492,0.6677999999999999492
64,17.5,0.88570000000000004281,0.88570000000000004281
65,17.5,0.9498999999999999666,0.9498999999999999666
66,17.5,0.98950000000000004619,0.98950000000000004619
67,17.5,0.94199999999999994849,0.94199999999999994849
68,17.5,0.75390000000000001457,0.75390000000000001457
69,17.5,0.72909999999999997033,0.72909999999999997033
70,17.5,0.47170000000000000817,0.47170000000000000817
-69,18.75,0.82630000000000003446,0.82630000000000003446
-68,18.75,0.92290000000000005365,0.92290000000000005365
-67,18.75,0.98180000000000000604,0.98180000000000000604
-66,18.75,0.94489999999999996216,0.94489999999999996216
-65,18.75,0.83840000000000003411,0.83840000000000003411
-64,18.75,0.63270000000000004015,0.63270000000000004015
-63,18.75,0.5114999999999999547,0.5114999999999999547
-62,18.75,0.69410000000000005027,0.69410000000000005027
-61,18.75,0.78569999999999995399,0.78569999999999995399
-60,18.75,0.89749999999999996447,0.89749999999999996447
-59,18.75,0.85460000000000002629,0.85460000000000002629
-58,18.75,0.56049999999999999822,0.56049999999999999822
-57,18.75,0.40429999999999999272,0.40429999999999999272
-56,18.75,0.4884000000000000008,0.4884000000000000008
-55,18.75,0.62439999999999995506,0.62439999999999995506
-54,18.75,0.71470000000000000195,0.71470000000000000195
-53,18.75,0.81999999999999995115,0.81999999999999995115
-52,18.75,0.76559999999999994724,0.76559999999999994724
-51,18.75,0.85909999999999997478,0.85909999999999997478
-50,18.75,0.71270000000000000018,0.71270000000000000018
-49,18.75,0.81759999999999999343,0.81759999999999999343
-48,18.75,0.55379999999999995897,0.55379999999999995897
-47,18.75,0.28849999999999997868,0.28849999999999997868
-46,18.75,0.45429999999999998161,0.45429999999999998161
-45,18.75,0.99139999999999994795,0.99139999999999994795
-44,18.75,0.87629999999999996785,0.87629999999999996785
-43,18.75,0.91879999999999995008,0.91879999999999995008
-42,18.75,0.93600000000000005418,0.93600000000000005418
-41,18.75,0.86760000000000003784,0.86760000000000003784
-40,18.75,0.9025999999999999579,0.9025999999999999579
-39,18.75,0.91269999999999995577,0.91269999999999995577
-38,18.75,0.87670000000000003482,0.87670000000000003482
-37,18.75,0.91569999999999995843,0.91569999999999995843
-36,18.75,0.96870000000000000551,0.96870000000000000551
-35,18.75,0.96750000000000002665,0.96750000000000002665
-34,18.75,0.95589999999999997193,0.95589999999999997193
-33,18.75,0.98640000000000005453,0.98640000000000005453
-32,18.75,0.79179999999999994831,0.79179999999999994831
-31,18.75,0.27929999999999999272,0.27929999999999999272
-30,18.75,0.19800000000000000933,0.19800000000000000933
-29,18.75,0.12299999999999999822,0.12299999999999999822
-28,18.75,0.53559999999999996501,0.53559999999999996501
-27,18.75,0.86060000000000003162,0.86060000000000003162
-26,18.75,0.76339999999999996749,0.76339999999999996749
-25,18.75,0.20069999999999998952,0.20069999999999998952
-24,18.75,0.27739999999999997993,0.27739999999999997993
-23,18.75,0.17910000000000000919,0.17910000000000000919
-22,18.75,0.11029999999999999527,0.11029999999999999527
-21,18.75,0.085699999999999998401,0.085699999999999998401
-20,18.75,0.10539999999999999369,0.10539999999999999369
-19,18.75,0.099199999999999996514,0.099199999999999996514
-18,18.75,0.096000000000000001998,0.096000000000000001998
-17,18.75,0.13669999999999998819,0.13669999999999998819
-16,18.75,0.23439999999999999725,0.23439999999999999725
-15,18.75,0.38950000000000001288,0.38950000000000001288
-14,18.75,0.34799999999999997602,0.34799999999999997602
-13,18.75,0.4384000000000000119,0.4384000000000000119
-12,18.75,0.84819999999999995399,0.84819999999999995399
-11,18.75,0.51810000000000000497,0.51810000000000000497
-10,18.75,0.28429999999999999716,0.28429999999999999716
-9,18.75,0.30599999999999999423,0.30599999999999999423
-8,18.75,0.24010000000000000786,0.24010000000000000786
-7,18.75,0.87199999999999999734,0.87199999999999999734
-6,18.75,0.95520000000000004903,0.95520000000000004903
-5,18.75,0.72719999999999995755,0.72719999999999995755
-4,18.75,0.78200000000000002842,0.78200000000000002842
-3,18.75,0.66630000000000000338,0.66630000000000000338
-2,18.75,0.82140000000000001901,0.82140000000000001901
-1,18.75,0.32660000000000000142,0.32660000000000000142
0,18.75,0.050200000000000001565,0.050200000000000001565
1,18.75,0.011799999999999999725,0.011799999999999999725
2,18.75,0.031800000000000001876,0.031800000000000001876
3,18.75,0.14199999999999998734,0.14199999999999998734
4,18.75,0.28960000000000002407,0.28960000000000002407
5,18.75,0.87390000000000001013,0.87390000000000001013
6,18.75,0.98580000000000000959,0.98580000000000000959
7,18.75,0.90749999999999997335,0.90749999999999997335
8,18.75,0.651699999999999946,0.651699999999999946
9,18.75,0.62460000000000004405,0.62460000000000004405
10,18.75,0.76129999999999997673,0.76129999999999997673
11,18.75,0.66759999999999997122,0.66759999999999997122
12,18.75,0.51510000000000000231,0.51510000000000000231
13,18.75,0.31919999999999998375,0.31919999999999998375
14,18.75,0.33539999999999997593,0.33539999999999997593
15,18.75,0.33469999999999999751,0.33469999999999999751
16,18.75,0.28970000000000001306,0.28970000000000001306
17,18.75,0.27460000000000001075,0.27460000000000001075
18,18.75,0.01760000000000000106,0.01760000000000000106
19,18.75,0.0047999999999999995795,0.0047999999999999995795
20,18.75,0.028199999999999999373,0.028199999999999999373
21,18.75,0.12360000000000000153,0.12360000000000000153
22,18.75,0.7168999999999999817,0.7168999999999999817
23,18.75,0.81320000000000003393,0.81320000000000003393
24,18.75,0.92239999999999999769,0.92239999999999999769
25,18.75,0.99180000000000001492,0.99180000000000001492
26,18.75,0.84770000000000000906,0.84770000000000000906
27,18.75,0.3820999999999999952,0.3820999999999999952
28,18.75,0.096699999999999994293,0.096699999999999994293
29,18.75,0.032099999999999996592,0.032099999999999996592
30,18.75,0.055300000000000001932,0.055300000000000001932
31,18.75,0.64390000000000002789,0.64390000000000002789
32,18.75,0.81820000000000003837,0.81820000000000003837
33,18.75,0.42990000000000000435,0.42990000000000000435
34,18.75,0.20389999999999999791,0.20389999999999999791
35,18.75,0.18720000000000000528,0.18720000000000000528
36,18.75,0.19530000000000000138,0.19530000000000000138
37,18.75,0.15640000000000001124,0.15640000000000001124
38,18.75,0.070999999999999993672,0.070999999999999993672
39,18.75,0.13320000000000001283,0.13320000000000001283
40,18.75,0.59279999999999999361,0.59279999999999999361
41,18.75,0.84399999999999997247,0.84399999999999997247
42,18.75,0.73419999999999996376,0.73419999999999996376
43,18.75,0.66349999999999997868,0.66349999999999997868
44,18.75,0.51890000000000002789,0.51890000000000002789
45,18.75,0.25050000000000000044,0.25050000000000000044
46,18.75,0.13580000000000000404,0.13580000000000000404
47,18.75,0.14810000000000000941,0.14810000000000000941
48,18.75,0.1759000000000000008,0.1759000000000000008
49,18.75,0.29989999999999999991,0.29989999999999999991
50,18.75,0.56810000000000004938,0.56810000000000004938
51,18.75,0.56189999999999995506,0.56189999999999995506
52,18.75,0.30759999999999998455,0.30759999999999998455
53,18.75,0.18920000000000000706,0.18920000000000000706
54,18.75,0.12489999999999999714,0.12489999999999999714
55,18.75,0.085099999999999995093,0.085099999999999995093
56,18.75,0.16009999999999999232,0.16009999999999999232
57,18.75,0.23449999999999998623,0.23449999999999998623
58,18.75,0.64519999999999999574,0.64519999999999999574
59,18.75,0.99990000000000001101,0.99990000000000001101
60,18.75,0.83320000000000005169,0.83320000000000005169
61,18.75,0.56479999999999996874,0.56479999999999996874
62,18.75,0.79669999999999996376,0.79669999999999996376
63,18.75,0.71699999999999997069,0.71699999999999997069
64,18.75,0.87070000000000002949,0.87070000000000002949
65,18.75,0.98750000000000004441,0.98750000000000004441
66,18.75,0.99119999999999996998,0.99119999999999996998
67,18.75,0.91510000000000002451,0.91510000000000002451
68,18.75,0.78410000000000001918,0.78410000000000001918
69,18.75,0.85019999999999995577,0.85019999999999995577
70,18.75,0.63149999999999995026,0.63149999999999995026
-69,20,0.8295000000000000151,0.8295000000000000151
-68,20,0.95709999999999995079,0.95709999999999995079
-67,20,0.96950000000000002842,0.96950000000000002842
-66,20,0.89329999999999998295,0.89329999999999998295
-65,20,0.8465000000000000302,0.8465000000000000302
-64,20,0.53700000000000003286,0.53700000000000003286
-63,20,0.39479999999999998428,0.39479999999999998428
-62,20,0.60999999999999998668,0.60999999999999998668
-61,20,0.68240000000000000657,0.68240000000000000657
-60,20,0.81140000000000001013,0.81140000000000001013
-59,20,0.93030000000000001581,0.93030000000000001581
-58,20,0.59809999999999996501,0.59809999999999996501
-57,20,0.4088999999999999857,0.4088999999999999857
-56,20,0.46510000000000001341,0.46510000000000001341
-55,20,0.49709999999999998632,0.49709999999999998632
-54,20,0.72340000000000004299,0.72340000000000004299
-53,20,0.8499999999999999778,0.8499999999999999778
-52,20,0.87350000000000005418,0.87350000000000005418
-51,20,0.74880000000000002114,0.74880000000000002114
-50,20,0.56259999999999998899,0.56259999999999998899
-49,20,0.61060000000000003162,0.61060000000000003162
-48,20,0.30899999999999999689,0.30899999999999999689
-47,20,0.30940000000000000835,0.30940000000000000835
-46,20,0.50649999999999995026,0.50649999999999995026
-45,20,0.92879999999999995897,0.92879999999999995897
-44,20,0.98519999999999996465,0.98519999999999996465
-43,20,0.98280000000000000693,0.98280000000000000693
-42,20,0.67610000000000003428,0.67610000000000003428
-41,20,0.705400000000000027,0.705400000000000027
-40,20,0.76770000000000004903,0.76770000000000004903
-39,20,0.70699999999999996181,0.70699999999999996181
-38,20,0.87219999999999997531,0.87219999999999997531
-37,20,0.89059999999999994724,0.89059999999999994724
-36,20,0.97489999999999998881,0.97489999999999998881
-35,20,0.91369999999999995666,0.91369999999999995666
-34,20,0.79520000000000001794,0.79520000000000001794
-33,20,0.72840000000000004743,0.72840000000000004743
-32,20,0.53010000000000001563,0.53010000000000001563
-31,20,0.29789999999999999813,0.29789999999999999813
-30,20,0.10929999999999999438,0.10929999999999999438
-29,20,0.42690000000000000169,0.42690000000000000169
-28,20,0.94310000000000004938,0.94310000000000004938
-27,20,0.8849000000000000199,0.8849000000000000199
-26,20,0.48230000000000000648,0.48230000000000000648
-25,20,0.1749999999999999889,0.1749999999999999889
-24,20,0.12879999999999999782,0.12879999999999999782
-23,20,0.11060000000000000386,0.11060000000000000386
-22,20,0.18190000000000000613,0.18190000000000000613
-21,20,0.19750000000000000888,0.19750000000000000888
-20,20,0.13020000000000001017,0.13020000000000001017
-19,20,0.18759999999999998899,0.18759999999999998899
-18,20,0.14339999999999999969,0.14339999999999999969
-17,20,0.15499999999999999889,0.15499999999999999889
-16,20,0.30959999999999998632,0.30959999999999998632
-15,20,0.59309999999999996056,0.59309999999999996056
-14,20,0.23649999999999998801,0.23649999999999998801
-13,20,0.41060000000000002052,0.41060000000000002052
-12,20,0.95879999999999998561,0.95879999999999998561
-11,20,0.28220000000000000639,0.28220000000000000639
-10,20,0.26989999999999997327,0.26989999999999997327
-9,20,0.2036000000000000032,0.2036000000000000032
-8,20,0.38069999999999998286,0.38069999999999998286
-7,20,0.53600000000000003197,0.53600000000000003197
-6,20,0.86319999999999996732,0.86319999999999996732
-5,20,0.55559999999999998277,0.55559999999999998277
-4,20,0.69510000000000005116,0.69510000000000005116
-3,20,0.98980000000000001315,0.98980000000000001315
-2,20,0.46200000000000002176,0.46200000000000002176
-1,20,0.055100000000000003142,0.055100000000000003142
0,20,0.015400000000000000494,0.015400000000000000494
1,20,0.0085000000000000006106,0.0085000000000000006106
2,20,0.0032000000000000001533,0.0032000000000000001533
3,20,0.0326999999999999999,0.0326999999999999999
4,20,0.25779999999999997362,0.25779999999999997362
5,20,0.73060000000000002718,0.73060000000000002718
6,20,0.8858000000000000318,0.8858000000000000318
7,20,0.74219999999999997087,0.74219999999999997087
8,20,0.75600000000000000533,0.75600000000000000533
9,20,0.90710000000000001741,0.90710000000000001741
10,20,0.76019999999999998685,0.76019999999999998685
11,20,0.49730000000000001981,0.49730000000000001981
12,20,0.62609999999999998987,0.62609999999999998987
13,20,0.31950000000000000622,0.31950000000000000622
14,20,0.40110000000000001208,0.40110000000000001208
15,20,0.31259999999999998899,0.31259999999999998899
16,20,0.19620000000000001328,0.19620000000000001328
17,20,0.49240000000000000435,0.49240000000000000435
18,20,0.21720000000000000417,0.21720000000000000417
19,20,0.0035000000000000000729,0.0035000000000000000729
20,20,0.0063000000000000000444,0.0063000000000000000444
21,20,0.067199999999999995848,0.067199999999999995848
22,20,0.31030000000000002025,0.31030000000000002025
23,20,0.33169999999999999485,0.33169999999999999485
24,20,0.9829999999999999849,0.9829999999999999849
25,20,0.42999999999999999334,0.42999999999999999334
26,20,0.85260000000000002451,0.85260000000000002451
27,20,0.32069999999999998508,0.32069999999999998508
28,20,0.01760000000000000106,0.01760000000000000106
29,20,0.027900000000000001188,0.027900000000000001188
30,20,0.31450000000000000178,0.31450000000000000178
31,20,0.94350000000000000533,0.94350000000000000533
32,20,0.714199999999999946,0.714199999999999946
33,20,0.35880000000000000782,0.35880000000000000782
34,20,0.19880000000000000449,0.19880000000000000449
35,20,0.16000000000000000333,0.16000000000000000333
36,20,0.24540000000000000702,0.24540000000000000702
37,20,0.20510000000000000453,0.20510000000000000453
38,20,0.16739999999999999325,0.16739999999999999325
39,20,0.67400000000000004352,0.67400000000000004352
40,20,0.75209999999999999076,0.75209999999999999076
41,20,0.7277000000000000135,0.7277000000000000135
42,20,0.70140000000000002345,0.70140000000000002345
43,20,0.61380000000000001226,0.61380000000000001226
44,20,0.61080000000000000959,0.61080000000000000959
45,20,0.10829999999999999349,0.10829999999999999349
46,20,0.11709999999999999576,0.11709999999999999576
47,20,0.15079999999999998961,0.15079999999999998961
48,20,0.21579999999999999183,0.21579999999999999183
49,20,0.4152000000000000135,0.4152000000000000135
50,20,0.61699999999999999289,0.61699999999999999289
51,20,0.67920000000000002593,0.67920000000000002593
52,20,0.26860000000000000542,0.26860000000000000542
53,20,0.1221000000000000002,0.1221000000000000002
54,20,0.1221000000000000002,0.1221000000000000002
55,20,0.09829999999999999849,0.09829999999999999849
56,20,0.14280000000000001026,0.14280000000000001026
57,20,0.30440000000000000391,0.30440000000000000391
58,20,0.63460000000000005294,0.63460000000000005294
59,20,0.97460000000000002185,0.97460000000000002185
60,20,0.85280000000000000249,0.85280000000000000249
61,20,0.43540000000000000924,0.43540000000000000924
62,20,0.64510000000000000675,0.64510000000000000675
63,20,0.8552999999999999492,0.8552999999999999492
64,20,0.91279999999999994476,0.91279999999999994476
65,20,0.95089999999999996749,0.95089999999999996749
66,20,0.96270000000000000018,0.96270000000000000018
67,20,0.91600000000000003642,0.91600000000000003642
68,20,0.63609999999999999876,0.63609999999999999876
69,20,0.90039999999999997815,0.90039999999999997815
70,20,0.76859999999999994991,0.76859999999999994991
-69,21.25,0.84630000000000005222,0.84630000000000005222
-68,21.25,0.93149999999999999467,0.93149999999999999467
-67,21.25,0.98939999999999994618,0.98939999999999994618
-66,21.25,0.86860000000000003872,0.86860000000000003872
-65,21.25,0.77470000000000005524,0.77470000000000005524
-64,21.25,0.47810000000000002496,0.47810000000000002496
-63,21.25,0.38390000000000001901,0.38390000000000001901
-62,21.25,0.56489999999999995772,0.56489999999999995772
-61,21.25,0.63529999999999997584,0.63529999999999997584
-60,21.25,0.73089999999999999414,0.73089999999999999414
-59,21.25,0.95669999999999999485,0.95669999999999999485
-58,21.25,0.63009999999999999343,0.63009999999999999343
-57,21.25,0.35659999999999997256,0.35659999999999997256
-56,21.25,0.44280000000000002691,0.44280000000000002691
-55,21.25,0.51949999999999996181,0.51949999999999996181
-54,21.25,0.76870000000000004992,0.76870000000000004992
-53,21.25,0.91739999999999999325,0.91739999999999999325
-52,21.25,0.88360000000000005205,0.88360000000000005205
-51,21.25,0.50629999999999997229,0.50629999999999997229
-50,21.25,0.30390000000000000346,0.30390000000000000346
-49,21.25,0.40400000000000002576,0.40400000000000002576
-48,21.25,0.31919999999999998375,0.31919999999999998375
-47,21.25,0.33200000000000001732,0.33200000000000001732
-46,21.25,0.57440000000000002167,0.57440000000000002167
-45,21.25,0.74150000000000004796,0.74150000000000004796
-44,21.25,0.5463999999999999968,0.5463999999999999968
-43,21.25,0.64159999999999994813,0.64159999999999994813
-42,21.25,0.60989999999999999769,0.60989999999999999769
-41,21.25,0.75809999999999999609,0.75809999999999999609
-40,21.25,0.50490000000000001545,0.50490000000000001545
-39,21.25,0.69320000000000003837,0.69320000000000003837
-38,21.25,0.9706000000000000183,0.9706000000000000183
-37,21.25,0.91200000000000003286,0.91200000000000003286
-36,21.25,0.54700000000000004174,0.54700000000000004174
-35,21.25,0.67859999999999998099,0.67859999999999998099
-34,21.25,0.86639999999999994795,0.86639999999999994795
-33,21.25,0.32729999999999997984,0.32729999999999997984
-32,21.25,0.57140000000000001901,0.57140000000000001901
-31,21.25,0.41999999999999998446,0.41999999999999998446
-30,21.25,0.5974000000000000421,0.5974000000000000421
-29,21.25,0.82740000000000002434,0.82740000000000002434
-28,21.25,0.66749999999999998224,0.66749999999999998224
-27,21.25,0.75629999999999997229,0.75629999999999997229
-26,21.25,0.3054000000000000048,0.3054000000000000048
-25,21.25,0.33129999999999998339,0.33129999999999998339
-24,21.25,0.20640000000000000013,0.20640000000000000013
-23,21.25,0.14130000000000000893,0.14130000000000000893
-22,21.25,0.26860000000000000542,0.26860000000000000542
-21,21.25,0.24129999999999998672,0.24129999999999998672
-20,21.25,0.19489999999999998992,0.19489999999999998992
-19,21.25,0.21169999999999999929,0.21169999999999999929
-18,21.25,0.19989999999999999436,0.19989999999999999436
-17,21.25,0.1317000000000000115,0.1317000000000000115
-16,21.25,0.17189999999999999725,0.17189999999999999725
-15,21.25,0.17430000000000001048,0.17430000000000001048
-14,21.25,0.22250000000000000333,0.22250000000000000333
-13,21.25,0.97370000000000000995,0.97370000000000000995
-12,21.25,0.27539999999999997815,0.27539999999999997815
-11,21.25,0.18049999999999999378,0.18049999999999999378
-10,21.25,0.18049999999999999378,0.18049999999999999378
-9,21.25,0.2713999999999999746,0.2713999999999999746
-8,21.25,0.27910000000000001474,0.27910000000000001474
-7,21.25,0.26140000000000002123,0.26140000000000002123
-6,21.25,0.544599999999999973,0.544599999999999973
-5,21.25,0.48689999999999999947,0.48689999999999999947
-4,21.25,0.8527000000000000135,0.8527000000000000135
-3,21.25,0.93720000000000003304,0.93720000000000003304
-2,21.25,0.90790000000000004032,0.90790000000000004032
-1,21.25,0.21240000000000000546,0.21240000000000000546
0,21.25,0.00899999999999999932,0.00899999999999999932
1,21.25,0.0053000000000000000236,0.0053000000000000000236
2,21.25,0.0065999999999999999639,0.0065999999999999999639
3,21.25,0.098000000000000003775,0.098000000000000003775
4,21.25,0.30620000000000002771,0.30620000000000002771
5,21.25,0.75949999999999995293,0.75949999999999995293
6,21.25,0.73189999999999999503,0.73189999999999999503
7,21.25,0.81359999999999998987,0.81359999999999998987
8,21.25,0.89370000000000004992,0.89370000000000004992
9,21.25,0.91600000000000003642,0.91600000000000003642
10,21.25,0.69230000000000002647,0.69230000000000002647
11,21.25,0.62080000000000001847,0.62080000000000001847
12,21.25,0.72719999999999995755,0.72719999999999995755
13,21.25,0.29070000000000001394,0.29070000000000001394
14,21.25,0.28739999999999998881,0.28739999999999998881
15,21.25,0.36590000000000000302,0.36590000000000000302
16,21.25,0.26379999999999997895,0.26379999999999997895
17,21.25,0.15599999999999999978,0.15599999999999999978
18,21.25,0.033399999999999999134,0.033399999999999999134
19,21.25,0.0020000000000000000416,0.0020000000000000000416
20,21.25,0.0041000000000000003456,0.0041000000000000003456
21,21.25,0.041099999999999997646,0.041099999999999997646
22,21.25,0.23980000000000001315,0.23980000000000001315
23,21.25,0.038399999999999996636,0.038399999999999996636
24,21.25,0.92659999999999997922,0.92659999999999997922
25,21.25,0.26090000000000002078,0.26090000000000002078
26,21.25,0.23810000000000000608,0.23810000000000000608
27,21.25,0.18010000000000001008,0.18010000000000001008
28,21.25,0.37700000000000000178,0.37700000000000000178
29,21.25,0.24429999999999998939,0.24429999999999998939
30,21.25,0.57669999999999999041,0.57669999999999999041
31,21.25,0.80859999999999998543,0.80859999999999998543
32,21.25,0.40489999999999998215,0.40489999999999998215
33,21.25,0.1875,0.1875
34,21.25,0.27700000000000002398,0.27700000000000002398
35,21.25,0.29360000000000002762,0.29360000000000002762
36,21.25,0.42089999999999999636,0.42089999999999999636
37,21.25,0.82299999999999995381,0.82299999999999995381
38,21.25,0.8715000000000000524,0.8715000000000000524
39,21.25,0.67349999999999998757,0.67349999999999998757
40,21.25,0.8552999999999999492,0.8552999999999999492
41,21.25,0.87009999999999998455,0.87009999999999998455
42,21.25,0.80420000000000002593,0.80420000000000002593
43,21.25,0.70409999999999994813,0.70409999999999994813
44,21.25,0.30149999999999999023,0.30149999999999999023
45,21.25,0.094899999999999998246,0.094899999999999998246
46,21.25,0.070900000000000004685,0.070900000000000004685
47,21.25,0.10380000000000000338,0.10380000000000000338
48,21.25,0.16229999999999999982,0.16229999999999999982
49,21.25,0.41799999999999998268,0.41799999999999998268
50,21.25,0.54079999999999994742,0.54079999999999994742
51,21.25,0.88000000000000000444,0.88000000000000000444
52,21.25,0.41909999999999997256,0.41909999999999997256
53,21.25,0.19139999999999998681,0.19139999999999998681
54,21.25,0.19670000000000001372,0.19670000000000001372
55,21.25,0.30320000000000002505,0.30320000000000002505
56,21.25,0.24179999999999998717,0.24179999999999998717
57,21.25,0.39989999999999997771,0.39989999999999997771
58,21.25,0.57630000000000003446,0.57630000000000003446
59,21.25,0.95069999999999998952,0.95069999999999998952
60,21.25,0.88980000000000003535,0.88980000000000003535
61,21.25,0.56640000000000001457,0.56640000000000001457
62,21.25,0.53849999999999997868,0.53849999999999997868
63,21.25,0.8626000000000000334,0.8626000000000000334
64,21.25,0.82550000000000001155,0.82550000000000001155
65,21.25,0.79420000000000001705,0.79420000000000001705
66,21.25,0.8768000000000000238,0.8768000000000000238
67,21.25,0.82069999999999998508,0.82069999999999998508
68,21.25,0.69859999999999999876,0.69859999999999999876
69,21.25,0.6222999999999999643,0.6222999999999999643
70,21.25,0.92010000000000002895,0.92010000000000002895
-69,22.5,0.86609999999999998099,0.86609999999999998099
-68,22.5,0.91359999999999996767,0.91359999999999996767
-67,22.5,0.99609999999999998543,0.99609999999999998543
-66,22.5,0.83599999999999996536,0.83599999999999996536
-65,22.5,0.69499999999999995115,0.69499999999999995115
-64,22.5,0.44250000000000000444,0.44250000000000000444
-63,22.5,0.4758999999999999897,0.4758999999999999897
-62,22.5,0.51039999999999996483,0.51039999999999996483
-61,22.5,0.55530000000000001581,0.55530000000000001581
-60,22.5,0.63619999999999998774,0.63619999999999998774
-59,22.5,0.85060000000000002274,0.85060000000000002274
-58,22.5,0.55300000000000004707,0.55300000000000004707
-57,22.5,0.36109999999999997655,0.36109999999999997655
-56,22.5,0.37059999999999998499,0.37059999999999998499
-55,22.5,0.65310000000000001386,0.65310000000000001386
-54,22.5,0.80830000000000001847,0.80830000000000001847
-53,22.5,0.92900000000000004796,0.92900000000000004796
-52,22.5,0.81799999999999994937,0.81799999999999994937
-51,22.5,0.32719999999999999085,0.32719999999999999085
-50,22.5,0.21390000000000000679,0.21390000000000000679
-49,22.5,0.34379999999999999449,0.34379999999999999449
-48,22.5,0.37959999999999999298,0.37959999999999999298
-47,22.5,0.42899999999999999245,0.42899999999999999245
-46,22.5,0.70340000000000002522,0.70340000000000002522
-45,22.5,0.49580000000000001847,0.49580000000000001847
-44,22.5,0.35649999999999998357,0.35649999999999998357
-43,22.5,0.58069999999999999396,0.58069999999999999396
-42,22.5,0.74329999999999996074,0.74329999999999996074
-41,22.5,0.58999999999999996891,0.58999999999999996891
-40,22.5,0.31090000000000000968,0.31090000000000000968
-39,22.5,0.65929999999999999716,0.65929999999999999716
-38,22.5,0.95840000000000002967,0.95840000000000002967
-37,22.5,0.90239999999999997993,0.90239999999999997993
-36,22.5,0.42990000000000000435,0.42990000000000000435
-35,22.5,0.3965000000000000191,0.3965000000000000191
-34,22.5,0.45479999999999998206,0.45479999999999998206
-33,22.5,0.44629999999999997451,0.44629999999999997451
-32,22.5,0.71060000000000000941,0.71060000000000000941
-31,22.5,0.80389999999999994795,0.80389999999999994795
-30,22.5,0.87199999999999999734,0.87199999999999999734
-29,22.5,0.84730000000000005311,0.84730000000000005311
-28,22.5,0.63309999999999999609,0.63309999999999999609
-27,22.5,0.89219999999999999307,0.89219999999999999307
-26,22.5,0.48949999999999999067,0.48949999999999999067
-25,22.5,0.49969999999999997753,0.49969999999999997753
-24,22.5,0.25519999999999998241,0.25519999999999998241
-23,22.5,0.26819999999999999396,0.26819999999999999396
-22,22.5,0.31769999999999998241,0.31769999999999998241
-21,22.5,0.15329999999999999183,0.15329999999999999183
-20,22.5,0.26279999999999997806,0.26279999999999997806
-19,22.5,0.28179999999999999494,0.28179999999999999494
-18,22.5,0.37380000000000002114,0.37380000000000002114
-17,22.5,0.29720000000000001972,0.29720000000000001972
-16,22.5,0.18370000000000000218,0.18370000000000000218
-15,22.5,0.14760000000000000897,0.14760000000000000897
-14,22.5,0.24410000000000001141,0.24410000000000001141
-13,22.5,0.32029999999999997362,0.32029999999999997362
-12,22.5,0.48199999999999998401,0.48199999999999998401
-11,22.5,0.18029999999999998805,0.18029999999999998805
-10,22.5,0.2963999999999999968,0.2963999999999999968
-9,22.5,0.33369999999999999662,0.33369999999999999662
-8,22.5,0.32490000000000002212,0.32490000000000002212
-7,22.5,0.325900000000000023,0.325900000000000023
-6,22.5,0.26150000000000001021,0.26150000000000001021
-5,22.5,0.3018000000000000127,0.3018000000000000127
-4,22.5,0.7391999999999999682,0.7391999999999999682
-3,22.5,0.78710000000000002185,0.78710000000000002185
-2,22.5,0.88480000000000003091,0.88480000000000003091
-1,22.5,0.5454999999999999849,0.5454999999999999849
0,22.5,0.039100000000000002809,0.039100000000000002809
1,22.5,0.03230000000000000232,0.03230000000000000232
2,22.5,0.071499999999999994116,0.071499999999999994116
3,22.5,0.375,0.375
4,22.5,0.34310000000000001608,0.34310000000000001608
5,22.5,0.48439999999999999725,0.48439999999999999725
6,22.5,0.785800000000000054,0.785800000000000054
7,22.5,0.88790000000000002256,0.88790000000000002256
8,22.5,0.60140000000000004565,0.60140000000000004565
9,22.5,0.56840000000000001634,0.56840000000000001634
10,22.5,0.58840000000000003411,0.58840000000000003411
11,22.5,0.52959999999999995968,0.52959999999999995968
12,22.5,0.76200000000000001066,0.76200000000000001066
13,22.5,0.40849999999999997424,0.40849999999999997424
14,22.5,0.38919999999999999041,0.38919999999999999041
15,22.5,0.46910000000000001696,0.46910000000000001696
16,22.5,0.36189999999999999947,0.36189999999999999947
17,22.5,0.15479999999999999316,0.15479999999999999316
18,22.5,0.017100000000000000616,0.017100000000000000616
19,22.5,0.003899999999999999821,0.003899999999999999821
20,22.5,0.0067999999999999996211,0.0067999999999999996211
21,22.5,0.096399999999999999578,0.096399999999999999578
22,22.5,0.17749999999999999112,0.17749999999999999112
23,22.5,0.013499999999999999847,0.013499999999999999847
24,22.5,0.15029999999999998916,0.15029999999999998916
25,22.5,0.15299999999999999711,0.15299999999999999711
26,22.5,0.0085000000000000006106,0.0085000000000000006106
27,22.5,0.090899999999999994693,0.090899999999999994693
28,22.5,0.22179999999999999716,0.22179999999999999716
29,22.5,0.60519999999999996021,0.60519999999999996021
30,22.5,0.70279999999999998028,0.70279999999999998028
31,22.5,0.57989999999999997105,0.57989999999999997105
32,22.5,0.16309999999999999498,0.16309999999999999498
33,22.5,0.15700000000000000067,0.15700000000000000067
34,22.5,0.30680000000000001714,0.30680000000000001714
35,22.5,0.34210000000000001519,0.34210000000000001519
36,22.5,0.49990000000000001101,0.49990000000000001101
37,22.5,0.54800000000000004263,0.54800000000000004263
38,22.5,0.56679999999999997051,0.56679999999999997051
39,22.5,0.85589999999999999414,0.85589999999999999414
40,22.5,0.82579999999999997851,0.82579999999999997851
41,22.5,0.72030000000000005134,0.72030000000000005134
42,22.5,0.72419999999999995488,0.72419999999999995488
43,22.5,0.7927999999999999492,0.7927999999999999492
44,22.5,0.39210000000000000409,0.39210000000000000409
45,22.5,0.21110000000000000986,0.21110000000000000986
46,22.5,0.077399999999999996581,0.077399999999999996581
47,22.5,0.1163000000000000006,0.1163000000000000006
48,22.5,0.29320000000000001616,0.29320000000000001616
49,22.5,0.27360000000000000986,0.27360000000000000986
50,22.5,0.36640000000000000346,0.36640000000000000346
51,22.5,0.80889999999999995239,0.80889999999999995239
52,22.5,0.51290000000000002256,0.51290000000000002256
53,22.5,0.24949999999999999956,0.24949999999999999956
54,22.5,0.21460000000000001297,0.21460000000000001297
55,22.5,0.38059999999999999387,0.38059999999999999387
56,22.5,0.22170000000000000817,0.22170000000000000817
57,22.5,0.37959999999999999298,0.37959999999999999298
58,22.5,0.61470000000000002416,0.61470000000000002416
59,22.5,0.98780000000000001137,0.98780000000000001137
60,22.5,0.84399999999999997247,0.84399999999999997247
61,22.5,0.68679999999999996607,0.68679999999999996607
62,22.5,0.65610000000000001652,0.65610000000000001652
63,22.5,0.79820000000000002061,0.79820000000000002061
64,22.5,0.65049999999999996714,0.65049999999999996714
65,22.5,0.55530000000000001581,0.55530000000000001581
66,22.5,0.63039999999999996039,0.63039999999999996039
67,22.5,0.63039999999999996039,0.63039999999999996039
68,22.5,0.58789999999999997815,0.58789999999999997815
69,22.5,0.45300000000000001377,0.45300000000000001377
70,22.5,0.94730000000000003091,0.94730000000000003091
-69,23.75,0.87339999999999995417,0.87339999999999995417
-68,23.75,0.92290000000000005365,0.92290000000000005365
-67,23.75,0.97970000000000001528,0.97970000000000001528
-66,23.75,0.85370000000000001439,0.85370000000000001439
-65,23.75,0.66839999999999999414,0.66839999999999999414
-64,23.75,0.49509999999999998455,0.49509999999999998455
-63,23.75,0.60080000000000000071,0.60080000000000000071
-62,23.75,0.56240000000000001101,0.56240000000000001101
-61,23.75,0.40329999999999999183,0.40329999999999999183
-60,23.75,0.40929999999999999716,0.40929999999999999716
-59,23.75,0.71169999999999999929,0.71169999999999999929
-58,23.75,0.46789999999999998259,0.46789999999999998259
-57,23.75,0.34949999999999997735,0.34949999999999997735
-56,23.75,0.4204999999999999849,0.4204999999999999849
-55,23.75,0.74850000000000005418,0.74850000000000005418
-54,23.75,0.82210000000000005294,0.82210000000000005294
-53,23.75,0.92159999999999997478,0.92159999999999997478
-52,23.75,0.66749999999999998224,0.66749999999999998224
-51,23.75,0.33300000000000001821,0.33300000000000001821
-50,23.75,0.26660000000000000364,0.26660000000000000364
-49,23.75,0.35149999999999997913,0.35149999999999997913
-48,23.75,0.37530000000000002247,0.37530000000000002247
-47,23.75,0.63049999999999994937,0.63049999999999994937
-46,23.75,0.75119999999999997886,0.75119999999999997886
-45,23.75,0.41989999999999999547,0.41989999999999999547
-44,23.75,0.46079999999999998739,0.46079999999999998739
-43,23.75,0.74050000000000004707,0.74050000000000004707
-42,23.75,0.83409999999999995257,0.83409999999999995257
-41,23.75,0.57550000000000001155,0.57550000000000001155
-40,23.75,0.57199999999999995293,0.57199999999999995293
-39,23.75,0.85129999999999994564,0.85129999999999994564
-38,23.75,0.96240000000000003322,0.96240000000000003322
-37,23.75,0.95669999999999999485,0.95669999999999999485
-36,23.75,0.57499999999999995559,0.57499999999999995559
-35,23.75,0.4561999999999999944,0.4561999999999999944
-34,23.75,0.52480000000000004423,0.52480000000000004423
-33,23.75,0.57499999999999995559,0.57499999999999995559
-32,23.75,0.79610000000000002984,0.79610000000000002984
-31,23.75,0.81969999999999998419,0.81969999999999998419
-30,23.75,0.79259999999999997122,0.79259999999999997122
-29,23.75,0.40089999999999997859,0.40089999999999997859
-28,23.75,0.64249999999999996003,0.64249999999999996003
-27,23.75,0.88319999999999998508,0.88319999999999998508
-26,23.75,0.55459999999999998188,0.55459999999999998188
-25,23.75,0.23940000000000000169,0.23940000000000000169
-24,23.75,0.44979999999999997762,0.44979999999999997762
-23,23.75,0.47730000000000000204,0.47730000000000000204
-22,23.75,0.30570000000000002727,0.30570000000000002727
-21,23.75,0.23160000000000000031,0.23160000000000000031
-20,23.75,0.31359999999999998987,0.31359999999999998987
-19,23.75,0.28610000000000002096,0.28610000000000002096
-18,23.75,0.39779999999999998694,0.39779999999999998694
-17,23.75,0.51029999999999997584,0.51029999999999997584
-16,23.75,0.40579999999999999405,0.40579999999999999405
-15,23.75,0.46460000000000001297,0.46460000000000001297
-14,23.75,0.7036000000000000032,0.7036000000000000032
-13,23.75,0.8626000000000000334,0.8626000000000000334
-12,23.75,0.54310000000000002718,0.54310000000000002718
-11,23.75,0.41260000000000002229,0.41260000000000002229
-10,23.75,0.67520000000000002238,0.67520000000000002238
-9,23.75,0.41530000000000000249,0.41530000000000000249
-8,23.75,0.21370000000000000107,0.21370000000000000107
-7,23.75,0.085300000000000000822,0.085300000000000000822
-6,23.75,0.2106999999999999984,0.2106999999999999984
-5,23.75,0.22759999999999999676,0.22759999999999999676
-4,23.75,0.2406000000000000083,0.2406000000000000083
-3,23.75,0.61119999999999996554,0.61119999999999996554
-2,23.75,0.82520000000000004459,0.82520000000000004459
-1,23.75,0.67659999999999997922,0.67659999999999997922
0,23.75,0.056099999999999997091,0.056099999999999997091
1,23.75,0.055300000000000001932,0.055300000000000001932
2,23.75,0.27560000000000001164,0.27560000000000001164
3,23.75,0.31769999999999998241,0.31769999999999998241
4,23.75,0.25109999999999998987,0.25109999999999998987
5,23.75,0.51439999999999996838,0.51439999999999996838
6,23.75,0.9177999999999999492,0.9177999999999999492
7,23.75,0.88249999999999995115,0.88249999999999995115
8,23.75,0.49370000000000002771,0.49370000000000002771
9,23.75,0.48570000000000002061,0.48570000000000002061
10,23.75,0.33560000000000000941,0.33560000000000000941
11,23.75,0.30409999999999998144,0.30409999999999998144
12,23.75,0.56110000000000004317,0.56110000000000004317
13,23.75,0.3927999999999999825,0.3927999999999999825
14,23.75,0.35539999999999999369,0.35539999999999999369
15,23.75,0.30480000000000001537,0.30480000000000001537
16,23.75,0.25330000000000002514,0.25330000000000002514
17,23.75,0.08010000000000000453,0.08010000000000000453
18,23.75,0.034200000000000001232,0.034200000000000001232
19,23.75,0.017700000000000000455,0.017700000000000000455
20,23.75,0.010699999999999999442,0.010699999999999999442
21,23.75,0.032099999999999996592,0.032099999999999996592
22,23.75,0.10190000000000000446,0.10190000000000000446
23,23.75,0.47630000000000000115,0.47630000000000000115
24,23.75,0.78810000000000002274,0.78810000000000002274
25,23.75,0.14760000000000000897,0.14760000000000000897
26,23.75,0.015499999999999999889,0.015499999999999999889
27,23.75,0.20110000000000000098,0.20110000000000000098
28,23.75,0.22909999999999999809,0.22909999999999999809
29,23.75,0.65549999999999997158,0.65549999999999997158
30,23.75,0.65849999999999997424,0.65849999999999997424
31,23.75,0.35520000000000001572,0.35520000000000001572
32,23.75,0.082100000000000006306,0.082100000000000006306
33,23.75,0.12470000000000000528,0.12470000000000000528
34,23.75,0.19389999999999998903,0.19389999999999998903
35,23.75,0.3347999999999999865,0.3347999999999999865
36,23.75,0.40350000000000002531,0.40350000000000002531
37,23.75,0.61870000000000002771,0.61870000000000002771
38,23.75,0.55830000000000001847,0.55830000000000001847
39,23.75,0.91290000000000004476,0.91290000000000004476
40,23.75,0.8991000000000000103,0.8991000000000000103
41,23.75,0.55379999999999995897,0.55379999999999995897
42,23.75,0.56630000000000002558,0.56630000000000002558
43,23.75,0.46450000000000002398,0.46450000000000002398
44,23.75,0.517900000000000027,0.517900000000000027
45,23.75,0.39439999999999997282,0.39439999999999997282
46,23.75,0.18790000000000001146,0.18790000000000001146
47,23.75,0.30290000000000000258,0.30290000000000000258
48,23.75,0.29199999999999998179,0.29199999999999998179
49,23.75,0.13600000000000000977,0.13600000000000000977
50,23.75,0.12220000000000000306,0.12220000000000000306
51,23.75,0.51410000000000000142,0.51410000000000000142
52,23.75,0.69089999999999995861,0.69089999999999995861
53,23.75,0.45700000000000001732,0.45700000000000001732
54,23.75,0.36030000000000000915,0.36030000000000000915
55,23.75,0.40770000000000000684,0.40770000000000000684
56,23.75,0.38159999999999999476,0.38159999999999999476
57,23.75,0.62490000000000001101,0.62490000000000001101
58,23.75,0.73729999999999995541,0.73729999999999995541
59,23.75,0.99860000000000004317,0.99860000000000004317
60,23.75,0.82159999999999999698,0.82159999999999999698
61,23.75,0.78080000000000004956,0.78080000000000004956
62,23.75,0.72609999999999996767,0.72609999999999996767
63,23.75,0.65710000000000001741,0.65710000000000001741
64,23.75,0.4713999999999999857,0.4713999999999999857
65,23.75,0.26209999999999999964,0.26209999999999999964
66,23.75,0.31419999999999997931,0.31419999999999997931
67,23.75,0.3740999999999999881,0.3740999999999999881
68,23.75,0.48599999999999998757,0.48599999999999998757
69,23.75,0.59760000000000002007,0.59760000000000002007
70,23.75,0.9489999999999999547,0.9489999999999999547
-69,25,0.89339999999999997193,0.89339999999999997193
-68,25,0.93789999999999995595,0.93789999999999995595
-67,25,0.98009999999999997122,0.98009999999999997122
-66,25,0.86539999999999994706,0.86539999999999994706
-65,25,0.66759999999999997122,0.66759999999999997122
-64,25,0.56979999999999997318,0.56979999999999997318
-63,25,0.73150000000000003908,0.73150000000000003908
-62,25,0.66239999999999998881,0.66239999999999998881
-61,25,0.38600000000000000977,0.38600000000000000977
-60,25,0.34360000000000001652,0.34360000000000001652
-59,25,0.66049999999999997602,0.66049999999999997602
-58,25,0.55449999999999999289,0.55449999999999999289
-57,25,0.4356999999999999762,0.4356999999999999762
-56,25,0.69840000000000002078,0.69840000000000002078
-55,25,0.910800000000000054,0.910800000000000054
-54,25,0.95789999999999997371,0.95789999999999997371
-53,25,0.69169999999999998153,0.69169999999999998153
-52,25,0.55110000000000003428,0.55110000000000003428
-51,25,0.36470000000000002416,0.36470000000000002416
-50,25,0.35480000000000000426,0.35480000000000000426
-49,25,0.23860000000000000653,0.23860000000000000653
-48,25,0.35859999999999997433,0.35859999999999997433
-47,25,0.56969999999999998419,0.56969999999999998419
-46,25,0.58230000000000003979,0.58230000000000003979
-45,25,0.49969999999999997753,0.49969999999999997753
-44,25,0.66129999999999999893,0.66129999999999999893
-43,25,0.74319999999999997176,0.74319999999999997176
-42,25,0.69799999999999995381,0.69799999999999995381
-41,25,0.7893000000000000016,0.7893000000000000016
-40,25,0.88019999999999998241,0.88019999999999998241
-39,25,0.89959999999999995524,0.89959999999999995524
-38,25,0.93740000000000001101,0.93740000000000001101
-37,25,0.90529999999999999361,0.90529999999999999361
-36,25,0.67949999999999999289,0.67949999999999999289
-35,25,0.52820000000000000284,0.52820000000000000284
-34,25,0.64680000000000004157,0.64680000000000004157
-33,25,0.71979999999999999538,0.71979999999999999538
-32,25,0.72719999999999995755,0.72719999999999995755
-31,25,0.7614999999999999547,0.7614999999999999547
-30,25,0.91369999999999995666,0.91369999999999995666
-29,25,0.66359999999999996767,0.66359999999999996767
-28,25,0.59540000000000004032,0.59540000000000004032
-27,25,0.95530000000000003801,0.95530000000000003801
-26,25,0.68440000000000000835,0.68440000000000000835
-25,25,0.28870000000000001217,0.28870000000000001217
-24,25,0.28689999999999998836,0.28689999999999998836
-23,25,0.26369999999999998996,0.26369999999999998996
-22,25,0.1691999999999999893,0.1691999999999999893
-21,25,0.2554000000000000159,0.2554000000000000159
-20,25,0.26469999999999999085,0.26469999999999999085
-19,25,0.33460000000000000853,0.33460000000000000853
-18,25,0.37659999999999999032,0.37659999999999999032
-17,25,0.34970000000000001084,0.34970000000000001084
-16,25,0.33829999999999998961,0.33829999999999998961
-15,25,0.31230000000000002203,0.31230000000000002203
-14,25,0.6856999999999999762,0.6856999999999999762
-13,25,0.98460000000000003073,0.98460000000000003073
-12,25,0.73109999999999997211,0.73109999999999997211
-11,25,0.67869999999999996998,0.67869999999999996998
-10,25,0.26290000000000002256,0.26290000000000002256
-9,25,0.090899999999999994693,0.090899999999999994693
-8,25,0.14210000000000000409,0.14210000000000000409
-7,25,0.077399999999999996581,0.077399999999999996581
-6,25,0.13430000000000000271,0.13430000000000000271
-5,25,0.26469999999999999085,0.26469999999999999085
-4,25,0.28880000000000000115,0.28880000000000000115
-3,25,0.66939999999999999503,0.66939999999999999503
-2,25,0.70940000000000003055,0.70940000000000003055
-1,25,0.98229999999999995097,0.98229999999999995097
0,25,0.57869999999999999218,0.57869999999999999218
1,25,0.60540000000000004921,0.60540000000000004921
2,25,0.28560000000000002052,0.28560000000000002052
3,25,0.18090000000000000524,0.18090000000000000524
4,25,0.26000000000000000888,0.26000000000000000888
5,25,0.60040000000000004476,0.60040000000000004476
6,25,0.90669999999999995044,0.90669999999999995044
7,25,0.55949999999999999734,0.55949999999999999734
8,25,0.41660000000000002585,0.41660000000000002585
9,25,0.21510000000000001341,0.21510000000000001341
10,25,0.16939999999999999503,0.16939999999999999503
11,25,0.22600000000000000644,0.22600000000000000644
12,25,0.32200000000000000844,0.32200000000000000844
13,25,0.36940000000000000613,0.36940000000000000613
14,25,0.58189999999999997282,0.58189999999999997282
15,25,0.52820000000000000284,0.52820000000000000284
16,25,0.41410000000000002363,0.41410000000000002363
17,25,0.3508999999999999897,0.3508999999999999897
18,25,0.18340000000000000746,0.18340000000000000746
19,25,0.051400000000000001243,0.051400000000000001243
20,25,0.06579999999999999738,0.06579999999999999738
21,25,0.1643000000000000016,0.1643000000000000016
22,25,0.070800000000000001821,0.070800000000000001821
23,25,0.2947000000000000175,0.2947000000000000175
24,25,0.80130000000000001226,0.80130000000000001226
25,25,0.36930000000000001714,0.36930000000000001714
26,25,0.090599999999999999978,0.090599999999999999978
27,25,0.54939999999999999947,0.54939999999999999947
28,25,0.4304000000000000048,0.4304000000000000048
29,25,0.68789999999999995595,0.68789999999999995595
30,25,0.61390000000000000124,0.61390000000000000124
31,25,0.40639999999999998348,0.40639999999999998348
32,25,0.11730000000000000149,0.11730000000000000149
33,25,0.16719999999999998752,0.16719999999999998752
34,25,0.22379999999999999893,0.22379999999999999893
35,25,0.2290000000000000091,0.2290000000000000091
36,25,0.52259999999999995346,0.52259999999999995346
37,25,0.67910000000000003695,0.67910000000000003695
38,25,0.61209999999999997744,0.61209999999999997744
39,25,0.85229999999999994653,0.85229999999999994653
40,25,0.87709999999999999076,0.87709999999999999076
41,25,0.63129999999999997229,0.63129999999999997229
42,25,0.30980000000000001981,0.30980000000000001981
43,25,0.26419999999999999041,0.26419999999999999041
44,25,0.45369999999999999218,0.45369999999999999218
45,25,0.69359999999999999432,0.69359999999999999432
46,25,0.43900000000000000133,0.43900000000000000133
47,25,0.41510000000000002451,0.41510000000000002451
48,25,0.13270000000000001239,0.13270000000000001239
49,25,0.080899999999999999689,0.080899999999999999689
50,25,0.12679999999999999605,0.12679999999999999605
51,25,0.43530000000000002025,0.43530000000000002025
52,25,0.64319999999999999396,0.64319999999999999396
53,25,0.79159999999999997033,0.79159999999999997033
54,25,0.63980000000000003535,0.63980000000000003535
55,25,0.4786000000000000254,0.4786000000000000254
56,25,0.5739999999999999547,0.5739999999999999547
57,25,0.86180000000000001048,0.86180000000000001048
58,25,0.85209999999999996856,0.85209999999999996856
59,25,0.97940000000000004832,0.97940000000000004832
60,25,0.92520000000000002238,0.92520000000000002238
61,25,0.81620000000000003659,0.81620000000000003659
62,25,0.72370000000000000995,0.72370000000000000995
63,25,0.46400000000000002354,0.46400000000000002354
64,25,0.24729999999999999205,0.24729999999999999205
65,25,0.16530000000000000249,0.16530000000000000249
66,25,0.16550000000000000822,0.16550000000000000822
67,25,0.19889999999999999347,0.19889999999999999347
68,25,0.26140000000000002123,0.26140000000000002123
69,25,0.76380000000000003446,0.76380000000000003446
70,25,0.87399999999999999911,0.87399999999999999911
-69,26.25,0.9474000000000000199,0.9474000000000000199
-68,26.25,0.9257999999999999563,0.9257999999999999563
-67,26.25,0.98860000000000003428,0.98860000000000003428
-66,26.25,0.86560000000000003606,0.86560000000000003606
-65,26.25,0.64229999999999998206,0.64229999999999998206
-64,26.25,0.57450000000000001066,0.57450000000000001066
-63,26.25,0.76459999999999994635,0.76459999999999994635
-62,26.25,0.68359999999999998543,0.68359999999999998543
-61,26.25,0.40660000000000001696,0.40660000000000001696
-60,26.25,0.43769999999999997797,0.43769999999999997797
-59,26.25,0.83989999999999997993,0.83989999999999997993
-58,26.25,0.56930000000000002824,0.56930000000000002824
-57,26.25,0.63009999999999999343,0.63009999999999999343
-56,26.25,0.95109999999999994547,0.95109999999999994547
-55,26.25,0.97199999999999997513,0.97199999999999997513
-54,26.25,0.90239999999999997993,0.90239999999999997993
-53,26.25,0.432999999999999996,0.432999999999999996
-52,26.25,0.43559999999999998721,0.43559999999999998721
-51,26.25,0.28239999999999998437,0.28239999999999998437
-50,26.25,0.26019999999999998685,0.26019999999999998685
-49,26.25,0.14810000000000000941,0.14810000000000000941
-48,26.25,0.18699999999999999956,0.18699999999999999956
-47,26.25,0.24319999999999999951,0.24319999999999999951
-46,26.25,0.64659999999999995257,0.64659999999999995257
-45,26.25,0.75049999999999994493,0.75049999999999994493
-44,26.25,0.81910000000000005027,0.81910000000000005027
-43,26.25,0.7106999999999999984,0.7106999999999999984
-42,26.25,0.52180000000000004157,0.52180000000000004157
-41,26.25,0.72570000000000001172,0.72570000000000001172
-40,26.25,0.84150000000000002576,0.84150000000000002576
-39,26.25,0.73890000000000000124,0.73890000000000000124
-38,26.25,0.8598000000000000087,0.8598000000000000087
-37,26.25,0.86470000000000002416,0.86470000000000002416
-36,26.25,0.73440000000000005276,0.73440000000000005276
-35,26.25,0.67710000000000003517,0.67710000000000003517
-34,26.25,0.61999999999999999556,0.61999999999999999556
-33,26.25,0.82760000000000000231,0.82760000000000000231
-32,26.25,0.51490000000000002434,0.51490000000000002434
-31,26.25,0.45919999999999999707,0.45919999999999999707
-30,26.25,0.83150000000000001688,0.83150000000000001688
-29,26.25,0.85489999999999999325,0.85489999999999999325
-28,26.25,0.86460000000000003517,0.86460000000000003517
-27,26.25,0.98499999999999998668,0.98499999999999998668
-26,26.25,0.77210000000000000853,0.77210000000000000853
-25,26.25,0.45850000000000001865,0.45850000000000001865
-24,26.25,0.27060000000000000719,0.27060000000000000719
-23,26.25,0.16509999999999999676,0.16509999999999999676
-22,26.25,0.13919999999999999041,0.13919999999999999041
-21,26.25,0.16050000000000000377,0.16050000000000000377
-20,26.25,0.21679999999999999272,0.21679999999999999272
-19,26.25,0.19439999999999998948,0.19439999999999998948
-18,26.25,0.28470000000000000862,0.28470000000000000862
-17,26.25,0.26000000000000000888,0.26000000000000000888
-16,26.25,0.1317000000000000115,0.1317000000000000115
-15,26.25,0.15579999999999999405,0.15579999999999999405
-14,26.25,0.20369999999999999218,0.20369999999999999218
-13,26.25,0.94130000000000002558,0.94130000000000002558
-12,26.25,0.67430000000000001048,0.67430000000000001048
-11,26.25,0.5903000000000000469,0.5903000000000000469
-10,26.25,0.32979999999999998206,0.32979999999999998206
-9,26.25,0.10059999999999999498,0.10059999999999999498
-8,26.25,0.059700000000000003064,0.059700000000000003064
-7,26.25,0.0355999999999999997,0.0355999999999999997
-6,26.25,0.18360000000000001319,0.18360000000000001319
-5,26.25,0.60609999999999997211,0.60609999999999997211
-4,26.25,0.6804000000000000048,0.6804000000000000048
-3,26.25,0.76590000000000002522,0.76590000000000002522
-2,26.25,0.65039999999999997815,0.65039999999999997815
-1,26.25,0.79030000000000000249,0.79030000000000000249
0,26.25,0.98489999999999999769,0.98489999999999999769
1,26.25,0.76470000000000004636,0.76470000000000004636
2,26.25,0.48790000000000000036,0.48790000000000000036
3,26.25,0.50809999999999999609,0.50809999999999999609
4,26.25,0.69520000000000004015,0.69520000000000004015
5,26.25,0.78369999999999995222,0.78369999999999995222
6,26.25,0.74639999999999995239,0.74639999999999995239
7,26.25,0.63339999999999996305,0.63339999999999996305
8,26.25,0.50849999999999995204,0.50849999999999995204
9,26.25,0.53549999999999997602,0.53549999999999997602
10,26.25,0.12570000000000000617,0.12570000000000000617
11,26.25,0.16989999999999999547,0.16989999999999999547
12,26.25,0.28789999999999998925,0.28789999999999998925
13,26.25,0.24699999999999999734,0.24699999999999999734
14,26.25,0.37890000000000001457,0.37890000000000001457
15,26.25,0.63449999999999995293,0.63449999999999995293
16,26.25,0.22800000000000000822,0.22800000000000000822
17,26.25,0.20899999999999999134,0.20899999999999999134
18,26.25,0.29339999999999999414,0.29339999999999999414
19,26.25,0.17769999999999999685,0.17769999999999999685
20,26.25,0.33179999999999998384,0.33179999999999998384
21,26.25,0.98980000000000001315,0.98980000000000001315
22,26.25,0.58830000000000004512,0.58830000000000004512
23,26.25,0.14649999999999999134,0.14649999999999999134
24,26.25,0.37609999999999998987,0.37609999999999998987
25,26.25,0.7088999999999999746,0.7088999999999999746
26,26.25,0.39760000000000000897,0.39760000000000000897
27,26.25,0.81120000000000003215,0.81120000000000003215
28,26.25,0.73399999999999998579,0.73399999999999998579
29,26.25,0.68830000000000002292,0.68830000000000002292
30,26.25,0.63380000000000003002,0.63380000000000003002
31,26.25,0.6936999999999999833,0.6936999999999999833
32,26.25,0.17849999999999999201,0.17849999999999999201
33,26.25,0.24620000000000000218,0.24620000000000000218
34,26.25,0.40220000000000000195,0.40220000000000000195
35,26.25,0.26929999999999998384,0.26929999999999998384
36,26.25,0.62980000000000002647,0.62980000000000002647
37,26.25,0.85440000000000004832,0.85440000000000004832
38,26.25,0.90229999999999999094,0.90229999999999999094
39,26.25,0.88519999999999998685,0.88519999999999998685
40,26.25,0.77270000000000005347,0.77270000000000005347
41,26.25,0.89459999999999995079,0.89459999999999995079
42,26.25,0.42849999999999999201,0.42849999999999999201
43,26.25,0.27169999999999999707,0.27169999999999999707
44,26.25,0.56569999999999998064,0.56569999999999998064
45,26.25,0.66739999999999999325,0.66739999999999999325
46,26.25,0.31659999999999999254,0.31659999999999999254
47,26.25,0.13869999999999998996,0.13869999999999998996
48,26.25,0.10320000000000000007,0.10320000000000000007
49,26.25,0.13100000000000000533,0.13100000000000000533
50,26.25,0.2570999999999999952,0.2570999999999999952
51,26.25,0.53890000000000004565,0.53890000000000004565
52,26.25,0.63090000000000001634,0.63090000000000001634
53,26.25,0.80910000000000004139,0.80910000000000004139
54,26.25,0.75919999999999998597,0.75919999999999998597
55,26.25,0.44080000000000002514,0.44080000000000002514
56,26.25,0.47099999999999997424,0.47099999999999997424
57,26.25,0.85019999999999995577,0.85019999999999995577
58,26.25,0.87970000000000003748,0.87970000000000003748
59,26.25,0.96340000000000003411,0.96340000000000003411
60,26.25,0.9882999999999999563,0.9882999999999999563
61,26.25,0.86629999999999995897,0.86629999999999995897
62,26.25,0.71630000000000004778,0.71630000000000004778
63,26.25,0.30769999999999997353,0.30769999999999997353
64,26.25,0.10849999999999999922,0.10849999999999999922
65,26.25,0.12020000000000000129,0.12020000000000000129
66,26.25,0.14160000000000000364,0.14160000000000000364
67,26.25,0.16480000000000000204,0.16480000000000000204
68,26.25,0.16009999999999999232,0.16009999999999999232
69,26.25,0.58099999999999996092,0.58099999999999996092
70,26.25,0.8007999999999999563,0.8007999999999999563
-69,27.5,0.99070000000000002505,0.99070000000000002505
-68,27.5,0.93679999999999996607,0.93679999999999996607
-67,27.5,0.96309999999999995612,0.96309999999999995612
-66,27.5,0.82650000000000001243,0.82650000000000001243
-65,27.5,0.58279999999999998472,0.58279999999999998472
-64,27.5,0.50900000000000000799,0.50900000000000000799
-63,27.5,0.72419999999999995488,0.72419999999999995488
-62,27.5,0.62439999999999995506,0.62439999999999995506
-61,27.5,0.40610000000000001652,0.40610000000000001652
-60,27.5,0.53810000000000002274,0.53810000000000002274
-59,27.5,0.84779999999999999805,0.84779999999999999805
-58,27.5,0.50929999999999997495,0.50929999999999997495
-57,27.5,0.75570000000000003837,0.75570000000000003837
-56,27.5,0.98729999999999995541,0.98729999999999995541
-55,27.5,0.99639999999999995239,0.99639999999999995239
-54,27.5,0.84840000000000004299,0.84840000000000004299
-53,27.5,0.3286000000000000032,0.3286000000000000032
-52,27.5,0.25929999999999997495,0.25929999999999997495
-51,27.5,0.17940000000000000391,0.17940000000000000391
-50,27.5,0.17799999999999999156,0.17799999999999999156
-49,27.5,0.13220000000000001195,0.13220000000000001195
-48,27.5,0.15260000000000001341,0.15260000000000001341
-47,27.5,0.28239999999999998437,0.28239999999999998437
-46,27.5,0.66630000000000000338,0.66630000000000000338
-45,27.5,0.9257999999999999563,0.9257999999999999563
-44,27.5,0.81530000000000002469,0.81530000000000002469
-43,27.5,0.49880000000000002114,0.49880000000000002114
-42,27.5,0.77270000000000005347,0.77270000000000005347
-41,27.5,0.54759999999999997566,0.54759999999999997566
-40,27.5,0.90269999999999994689,0.90269999999999994689
-39,27.5,0.5507999999999999563,0.5507999999999999563
-38,27.5,0.3508999999999999897,0.3508999999999999897
-37,27.5,0.65539999999999998259,0.65539999999999998259
-36,27.5,0.74970000000000003304,0.74970000000000003304
-35,27.5,0.58260000000000000675,0.58260000000000000675
-34,27.5,0.6775999999999999801,0.6775999999999999801
-33,27.5,0.79339999999999999414,0.79339999999999999414
-32,27.5,0.73160000000000002807,0.73160000000000002807
-31,27.5,0.33069999999999999396,0.33069999999999999396
-30,27.5,0.39340000000000002744,0.39340000000000002744
-29,27.5,0.71770000000000000462,0.71770000000000000462
-28,27.5,0.76310000000000000053,0.76310000000000000053
-27,27.5,0.94320000000000003837,0.94320000000000003837
-26,27.5,0.99229999999999995985,0.99229999999999995985
-25,27.5,0.67849999999999999201,0.67849999999999999201
-24,27.5,0.16659999999999999809,0.16659999999999999809
-23,27.5,0.10829999999999999349,0.10829999999999999349
-22,27.5,0.21379999999999999005,0.21379999999999999005
-21,27.5,0.17510000000000000564,0.17510000000000000564
-20,27.5,0.1978000000000000036,0.1978000000000000036
-19,27.5,0.28260000000000001785,0.28260000000000001785
-18,27.5,0.13039999999999998814,0.13039999999999998814
-17,27.5,0.088700000000000001066,0.088700000000000001066
-16,27.5,0.044499999999999997891,0.044499999999999997891
-15,27.5,0.031600000000000003086,0.031600000000000003086
-14,27.5,0.14310000000000000497,0.14310000000000000497
-13,27.5,0.73719999999999996643,0.73719999999999996643
-12,27.5,0.89339999999999997193,0.89339999999999997193
-11,27.5,0.65939999999999998614,0.65939999999999998614
-10,27.5,0.96189999999999997726,0.96189999999999997726
-9,27.5,0.40929999999999999716,0.40929999999999999716
-8,27.5,0.11239999999999999991,0.11239999999999999991
-7,27.5,0.1259000000000000119,0.1259000000000000119
-6,27.5,0.33160000000000000586,0.33160000000000000586
-5,27.5,0.535800000000000054,0.535800000000000054
-4,27.5,0.71489999999999997993,0.71489999999999997993
-3,27.5,0.50839999999999996305,0.50839999999999996305
-2,27.5,0.28960000000000002407,0.28960000000000002407
-1,27.5,0.53500000000000003109,0.53500000000000003109
0,27.5,0.96319999999999994511,0.96319999999999994511
1,27.5,0.5909999999999999698,0.5909999999999999698
2,27.5,0.72789999999999999147,0.72789999999999999147
3,27.5,0.78620000000000000995,0.78620000000000000995
4,27.5,0.7376000000000000334,0.7376000000000000334
5,27.5,0.97270000000000000906,0.97270000000000000906
6,27.5,0.99319999999999997176,0.99319999999999997176
7,27.5,0.9375,0.9375
8,27.5,0.74419999999999997264,0.74419999999999997264
9,27.5,0.80840000000000000746,0.80840000000000000746
10,27.5,0.38169999999999998375,0.38169999999999998375
11,27.5,0.33019999999999999352,0.33019999999999999352
12,27.5,0.37059999999999998499,0.37059999999999998499
13,27.5,0.17439999999999999947,0.17439999999999999947
14,27.5,0.19709999999999999742,0.19709999999999999742
15,27.5,0.16619999999999998663,0.16619999999999998663
16,27.5,0.0384999999999999995,0.0384999999999999995
17,27.5,0.22530000000000000027,0.22530000000000000027
18,27.5,0.47830000000000000293,0.47830000000000000293
19,27.5,0.0711999999999999994,0.0711999999999999994
20,27.5,0.24099999999999999201,0.24099999999999999201
21,27.5,0.45710000000000000631,0.45710000000000000631
22,27.5,0.96840000000000003855,0.96840000000000003855
23,27.5,0.60109999999999996767,0.60109999999999996767
24,27.5,0.61539999999999994706,0.61539999999999994706
25,27.5,0.9876000000000000334,0.9876000000000000334
26,27.5,0.92710000000000003517,0.92710000000000003517
27,27.5,0.87370000000000003215,0.87370000000000003215
28,27.5,0.80949999999999999734,0.80949999999999999734
29,27.5,0.32069999999999998508,0.32069999999999998508
30,27.5,0.12650000000000000133,0.12650000000000000133
31,27.5,0.096000000000000001998,0.096000000000000001998
32,27.5,0.34810000000000002052,0.34810000000000002052
33,27.5,0.47179999999999999716,0.47179999999999999716
34,27.5,0.60080000000000000071,0.60080000000000000071
35,27.5,0.5668999999999999595,0.5668999999999999595
36,27.5,0.78939999999999999059,0.78939999999999999059
37,27.5,0.96379999999999999005,0.96379999999999999005
38,27.5,0.97030000000000005134,0.97030000000000005134
39,27.5,0.96179999999999998828,0.96179999999999998828
40,27.5,0.87470000000000003304,0.87470000000000003304
41,27.5,0.84379999999999999449,0.84379999999999999449
42,27.5,0.79500000000000003997,0.79500000000000003997
43,27.5,0.63180000000000002824,0.63180000000000002824
44,27.5,0.73380000000000000782,0.73380000000000000782
45,27.5,0.82199999999999995293,0.82199999999999995293
46,27.5,0.30580000000000001625,0.30580000000000001625
47,27.5,0.16059999999999999276,0.16059999999999999276
48,27.5,0.18310000000000001275,0.18310000000000001275
49,27.5,0.31409999999999999032,0.31409999999999999032
50,27.5,0.49599999999999999645,0.49599999999999999645
51,27.5,0.76990000000000002878,0.76990000000000002878
52,27.5,0.76449999999999995737,0.76449999999999995737
53,27.5,0.65639999999999998348,0.65639999999999998348
54,27.5,0.59550000000000002931,0.59550000000000002931
55,27.5,0.48159999999999997256,0.48159999999999997256
56,27.5,0.41909999999999997256,0.41909999999999997256
57,27.5,0.78520000000000000906,0.78520000000000000906
58,27.5,0.92220000000000001972,0.92220000000000001972
59,27.5,0.96730000000000004867,0.96730000000000004867
60,27.5,0.97519999999999995577,0.97519999999999995577
61,27.5,0.91190000000000004388,0.91190000000000004388
62,27.5,0.62739999999999995772,0.62739999999999995772
63,27.5,0.22070000000000000728,0.22070000000000000728
64,27.5,0.084500000000000005662,0.084500000000000005662
65,27.5,0.10190000000000000446,0.10190000000000000446
66,27.5,0.095200000000000006839,0.095200000000000006839
67,27.5,0.20499999999999998779,0.20499999999999998779
68,27.5,0.11940000000000000613,0.11940000000000000613
69,27.5,0.39739999999999997549,0.39739999999999997549
70,27.5,0.72599999999999997868,0.72599999999999997868
-69,28.75,0.96579999999999999183,0.96579999999999999183
-68,28.75,0.98350000000000004086,0.98350000000000004086
-67,28.75,0.95840000000000002967,0.95840000000000002967
-66,28.75,0.80230000000000001315,0.80230000000000001315
-65,28.75,0.55120000000000002327,0.55120000000000002327
-64,28.75,0.52300000000000002043,0.52300000000000002043
-63,28.75,0.60389999999999999236,0.60389999999999999236
-62,28.75,0.62109999999999998543,0.62109999999999998543
-61,28.75,0.49449999999999999512,0.49449999999999999512
-60,28.75,0.68799999999999994493,0.68799999999999994493
-59,28.75,0.66180000000000005489,0.66180000000000005489
-58,28.75,0.55620000000000002771,0.55620000000000002771
-57,28.75,0.85240000000000004654,0.85240000000000004654
-56,28.75,0.99770000000000003126,0.99770000000000003126
-55,28.75,0.99599999999999999645,0.99599999999999999645
-54,28.75,0.91400000000000003464,0.91400000000000003464
-53,28.75,0.3688000000000000167,0.3688000000000000167
-52,28.75,0.17089999999999999636,0.17089999999999999636
-51,28.75,0.15440000000000000946,0.15440000000000000946
-50,28.75,0.16669999999999998708,0.16669999999999998708
-49,28.75,0.094500000000000000666,0.094500000000000000666
-48,28.75,0.13819999999999998952,0.13819999999999998952
-47,28.75,0.33079999999999998295,0.33079999999999998295
-46,28.75,0.52480000000000004423,0.52480000000000004423
-45,28.75,0.94130000000000002558,0.94130000000000002558
-44,28.75,0.71169999999999999929,0.71169999999999999929
-43,28.75,0.51729999999999998206,0.51729999999999998206
-42,28.75,0.7778000000000000469,0.7778000000000000469
-41,28.75,0.6643000000000000016,0.6643000000000000016
-40,28.75,0.87749999999999994671,0.87749999999999994671
-39,28.75,0.50080000000000002292,0.50080000000000002292
-38,28.75,0.40139999999999997904,0.40139999999999997904
-37,28.75,0.40470000000000000417,0.40470000000000000417
-36,28.75,0.68969999999999997975,0.68969999999999997975
-35,28.75,0.80920000000000003038,0.80920000000000003038
-34,28.75,0.85309999999999996945,0.85309999999999996945
-33,28.75,0.8010000000000000453,0.8010000000000000453
-32,28.75,0.80410000000000003695,0.80410000000000003695
-31,28.75,0.58989999999999997993,0.58989999999999997993
-30,28.75,0.15420000000000000373,0.15420000000000000373
-29,28.75,0.67569999999999996732,0.67569999999999996732
-28,28.75,0.94179999999999997051,0.94179999999999997051
-27,28.75,0.96770000000000000462,0.96770000000000000462
-26,28.75,0.99680000000000001936,0.99680000000000001936
-25,28.75,0.49859999999999998765,0.49859999999999998765
-24,28.75,0.36799999999999999378,0.36799999999999999378
-23,28.75,0.16659999999999999809,0.16659999999999999809
-22,28.75,0.22830000000000000293,0.22830000000000000293
-21,28.75,0.24179999999999998717,0.24179999999999998717
-20,28.75,0.13559999999999999831,0.13559999999999999831
-19,28.75,0.037100000000000001033,0.037100000000000001033
-18,28.75,0.045499999999999998779,0.045499999999999998779
-17,28.75,0.042900000000000000633,0.042900000000000000633
-16,28.75,0.010999999999999999362,0.010999999999999999362
-15,28.75,0.0082000000000000006911,0.0082000000000000006911
-14,28.75,0.090899999999999994693,0.090899999999999994693
-13,28.75,0.29199999999999998179,0.29199999999999998179
-12,28.75,0.9143000000000000016,0.9143000000000000016
-11,28.75,0.8688000000000000167,0.8688000000000000167
-10,28.75,0.97160000000000001918,0.97160000000000001918
-9,28.75,0.70220000000000004636,0.70220000000000004636
-8,28.75,0.24129999999999998672,0.24129999999999998672
-7,28.75,0.10739999999999999547,0.10739999999999999547
-6,28.75,0.59950000000000003286,0.59950000000000003286
-5,28.75,0.74950000000000005507,0.74950000000000005507
-4,28.75,0.23039999999999999369,0.23039999999999999369
-3,28.75,0.08920000000000000151,0.08920000000000000151
-2,28.75,0.042099999999999998535,0.042099999999999998535
-1,28.75,0.052999999999999998501,0.052999999999999998501
0,28.75,0.12729999999999999649,0.12729999999999999649
1,28.75,0.025100000000000000783,0.025100000000000000783
2,28.75,0.17260000000000000342,0.17260000000000000342
3,28.75,0.40679999999999999494,0.40679999999999999494
4,28.75,0.67279999999999995364,0.67279999999999995364
5,28.75,0.90159999999999995701,0.90159999999999995701
6,28.75,0.87099999999999999645,0.87099999999999999645
7,28.75,0.80120000000000002327,0.80120000000000002327
8,28.75,0.65149999999999996803,0.65149999999999996803
9,28.75,0.43440000000000000835,0.43440000000000000835
10,28.75,0.54820000000000002061,0.54820000000000002061
11,28.75,0.41689999999999999281,0.41689999999999999281
12,28.75,0.29620000000000001883,0.29620000000000001883
13,28.75,0.17560000000000000608,0.17560000000000000608
14,28.75,0.10059999999999999498,0.10059999999999999498
15,28.75,0.094399999999999997802,0.094399999999999997802
16,28.75,0.0625,0.0625
17,28.75,0.19809999999999999831,0.19809999999999999831
18,28.75,0.38729999999999997762,0.38729999999999997762
19,28.75,0.22309999999999999276,0.22309999999999999276
20,28.75,0.31690000000000001501,0.31690000000000001501
21,28.75,0.40929999999999999716,0.40929999999999999716
22,28.75,0.77000000000000001776,0.77000000000000001776
23,28.75,0.65400000000000002576,0.65400000000000002576
24,28.75,0.61199999999999998845,0.61199999999999998845
25,28.75,0.24299999999999999378,0.24299999999999999378
26,28.75,0.77769999999999994689,0.77769999999999994689
27,28.75,0.65569999999999994955,0.65569999999999994955
28,28.75,0.71109999999999995435,0.71109999999999995435
29,28.75,0.16039999999999998703,0.16039999999999998703
30,28.75,0.0030000000000000000625,0.0030000000000000000625
31,28.75,0.023099999999999999006,0.023099999999999999006
32,28.75,0.54839999999999999858,0.54839999999999999858
33,28.75,0.50400000000000000355,0.50400000000000000355
34,28.75,0.5,0.5
35,28.75,0.62390000000000001013,0.62390000000000001013
36,28.75,0.79500000000000003997,0.79500000000000003997
37,28.75,0.96060000000000000941,0.96060000000000000941
38,28.75,0.98470000000000001972,0.98470000000000001972
39,28.75,0.94120000000000003659,0.94120000000000003659
40,28.75,0.99480000000000001759,0.99480000000000001759
41,28.75,0.81030000000000002025,0.81030000000000002025
42,28.75,0.79410000000000002807,0.79410000000000002807
43,28.75,0.86670000000000002593,0.86670000000000002593
44,28.75,0.74809999999999998721,0.74809999999999998721
45,28.75,0.91159999999999996589,0.91159999999999996589
46,28.75,0.34360000000000001652,0.34360000000000001652
47,28.75,0.23250000000000001221,0.23250000000000001221
48,28.75,0.32190000000000001945,0.32190000000000001945
49,28.75,0.36659999999999998144,0.36659999999999998144
50,28.75,0.66930000000000000604,0.66930000000000000604
51,28.75,0.92749999999999999112,0.92749999999999999112
52,28.75,0.85499999999999998224,0.85499999999999998224
53,28.75,0.64770000000000005347,0.64770000000000005347
54,28.75,0.52580000000000004512,0.52580000000000004512
55,28.75,0.64329999999999998295,0.64329999999999998295
56,28.75,0.70599999999999996092,0.70599999999999996092
57,28.75,0.85460000000000002629,0.85460000000000002629
58,28.75,0.87980000000000002647,0.87980000000000002647
59,28.75,0.94910000000000005471,0.94910000000000005471
60,28.75,0.9498999999999999666,0.9498999999999999666
61,28.75,0.89800000000000002043,0.89800000000000002043
62,28.75,0.63759999999999994458,0.63759999999999994458
63,28.75,0.27870000000000000329,0.27870000000000000329
64,28.75,0.098900000000000001799,0.098900000000000001799
65,28.75,0.081799999999999997713,0.081799999999999997713
66,28.75,0.084900000000000003242,0.084900000000000003242
67,28.75,0.31440000000000001279,0.31440000000000001279
68,28.75,0.12959999999999999298,0.12959999999999999298
69,28.75,0.27529999999999998916,0.27529999999999998916
70,28.75,0.58330000000000004068,0.58330000000000004068
-69,30,0.7936999999999999611,0.7936999999999999611
-68,30,0.98909999999999997922,0.98909999999999997922
-67,30,0.98839999999999994529,0.98839999999999994529
-66,30,0.83789999999999997815,0.83789999999999997815
-65,30,0.62460000000000004405,0.62460000000000004405
-64,30,0.69320000000000003837,0.69320000000000003837
-63,30,0.6590000000000000302,0.6590000000000000302
-62,30,0.65220000000000000195,0.65220000000000000195
-61,30,0.72299999999999997602,0.72299999999999997602
-60,30,0.74499999999999999556,0.74499999999999999556
-59,30,0.54379999999999995008,0.54379999999999995008
-58,30,0.70809999999999995168,0.70809999999999995168
-57,30,0.87309999999999998721,0.87309999999999998721
-56,30,0.99929999999999996607,0.99929999999999996607
-55,30,0.99329999999999996074,0.99329999999999996074
-54,30,0.92720000000000002416,0.92720000000000002416
-53,30,0.44629999999999997451,0.44629999999999997451
-52,30,0.25790000000000001812,0.25790000000000001812
-51,30,0.26529999999999998028,0.26529999999999998028
-50,30,0.068900000000000002909,0.068900000000000002909
-49,30,0.038999999999999999944,0.038999999999999999944
-48,30,0.094000000000000000222,0.094000000000000000222
-47,30,0.28339999999999998526,0.28339999999999998526
-46,30,0.46999999999999997335,0.46999999999999997335
-45,30,0.56079999999999996518,0.56079999999999996518
-44,30,0.51529999999999998028,0.51529999999999998028
-43,30,0.42740000000000000213,0.42740000000000000213
-42,30,0.84699999999999997513,0.84699999999999997513
-41,30,0.86819999999999997176,0.86819999999999997176
-40,30,0.94599999999999995204,0.94599999999999995204
-39,30,0.41649999999999998135,0.41649999999999998135
-38,30,0.53849999999999997868,0.53849999999999997868
-37,30,0.45590000000000002744,0.45590000000000002744
-36,30,0.75029999999999996696,0.75029999999999996696
-35,30,0.85580000000000000515,0.85580000000000000515
-34,30,0.84540000000000004032,0.84540000000000004032
-33,30,0.31290000000000001146,0.31290000000000001146
-32,30,0.32159999999999999698,0.32159999999999999698
-31,30,0.35849999999999998535,0.35849999999999998535
-30,30,0.42220000000000001972,0.42220000000000001972
-29,30,0.86439999999999994618,0.86439999999999994618
-28,30,0.39829999999999998739,0.39829999999999998739
-27,30,0.30919999999999997486,0.30919999999999997486
-26,30,0.28980000000000000204,0.28980000000000000204
-25,30,0.31640000000000001457,0.31640000000000001457
-24,30,0.17819999999999999729,0.17819999999999999729
-23,30,0.12679999999999999605,0.12679999999999999605
-22,30,0.16020000000000000906,0.16020000000000000906
-21,30,0.28270000000000000684,0.28270000000000000684
-20,30,0.15049999999999999489,0.15049999999999999489
-19,30,0.021600000000000001144,0.021600000000000001144
-18,30,0.010699999999999999442,0.010699999999999999442
-17,30,0.013499999999999999847,0.013499999999999999847
-16,30,0.0030000000000000000625,0.0030000000000000000625
-15,30,0.00040000000000000001917,0.00040000000000000001917
-14,30,0.003899999999999999821,0.003899999999999999821
-13,30,0.09170000000000000373,0.09170000000000000373
-12,30,0.70779999999999998472,0.70779999999999998472
-11,30,0.31809999999999999387,0.31809999999999999387
-10,30,0.75339999999999995861,0.75339999999999995861
-9,30,0.89610000000000000764,0.89610000000000000764
-8,30,0.66800000000000003819,0.66800000000000003819
-7,30,0.28849999999999997868,0.28849999999999997868
-6,30,0.55240000000000000213,0.55240000000000000213
-5,30,0.74580000000000001847,0.74580000000000001847
-4,30,0.28729999999999999982,0.28729999999999999982
-3,30,0.076700000000000004285,0.076700000000000004285
-2,30,0.016000000000000000333,0.016000000000000000333
-1,30,0.024600000000000000339,0.024600000000000000339
0,30,0.060900000000000002742,0.060900000000000002742
1,30,0.043200000000000002287,0.043200000000000002287
2,30,0.031399999999999997358,0.031399999999999997358
3,30,0.070400000000000004241,0.070400000000000004241
4,30,0.53969999999999995755,0.53969999999999995755
5,30,0.43580000000000002069,0.43580000000000002069
6,30,0.32900000000000001465,0.32900000000000001465
7,30,0.25879999999999997451,0.25879999999999997451
8,30,0.1285999999999999921,0.1285999999999999921
9,30,0.12389999999999999625,0.12389999999999999625
10,30,0.6052999999999999492,0.6052999999999999492
11,30,0.63190000000000001723,0.63190000000000001723
12,30,0.5275999999999999579,0.5275999999999999579
13,30,0.19339999999999998859,0.19339999999999998859
14,30,0.09210000000000000131,0.09210000000000000131
15,30,0.14490000000000000102,0.14490000000000000102
16,30,0.16600000000000000866,0.16600000000000000866
17,30,0.44209999999999999298,0.44209999999999999298
18,30,0.52559999999999995612,0.52559999999999995612
19,30,0.32560000000000000053,0.32560000000000000053
20,30,0.65390000000000003677,0.65390000000000003677
21,30,0.73150000000000003908,0.73150000000000003908
22,30,0.88639999999999996572,0.88639999999999996572
23,30,0.5117000000000000437,0.5117000000000000437
24,30,0.60770000000000001794,0.60770000000000001794
25,30,0.17080000000000000737,0.17080000000000000737
26,30,0.65739999999999998437,0.65739999999999998437
27,30,0.5346999999999999531,0.5346999999999999531
28,30,0.38810000000000000053,0.38810000000000000053
29,30,0.28949999999999997957,0.28949999999999997957
30,30,0.012699999999999999484,0.012699999999999999484
31,30,0.17489999999999999991,0.17489999999999999991
32,30,0.70660000000000000586,0.70660000000000000586
33,30,0.65500000000000002665,0.65500000000000002665
34,30,0.6998999999999999666,0.6998999999999999666
35,30,0.79430000000000000604,0.79430000000000000604
36,30,0.89959999999999995524,0.89959999999999995524
37,30,0.96899999999999997247,0.96899999999999997247
38,30,0.99190000000000000391,0.99190000000000000391
39,30,0.9418999999999999595,0.9418999999999999595
40,30,0.96489999999999997993,0.96489999999999997993
41,30,0.93899999999999994582,0.93899999999999994582
42,30,0.71940000000000003944,0.71940000000000003944
43,30,0.91949999999999998401,0.91949999999999998401
44,30,0.7704999999999999627,0.7704999999999999627
45,30,0.68710000000000004405,0.68710000000000004405
46,30,0.50290000000000001368,0.50290000000000001368
47,30,0.39419999999999999485,0.39419999999999999485
48,30,0.63560000000000005382,0.63560000000000005382
49,30,0.57040000000000001812,0.57040000000000001812
50,30,0.81469999999999997975,0.81469999999999997975
51,30,0.91559999999999996945,0.91559999999999996945
52,30,0.86839999999999994973,0.86839999999999994973
53,30,0.62519999999999997797,0.62519999999999997797
54,30,0.65220000000000000195,0.65220000000000000195
55,30,0.96309999999999995612,0.96309999999999995612
56,30,0.96389999999999997904,0.96389999999999997904
57,30,0.94120000000000003659,0.94120000000000003659
58,30,0.66379999999999994564,0.66379999999999994564
59,30,0.86860000000000003872,0.86860000000000003872
60,30,0.99690000000000000835,0.99690000000000000835
61,30,0.82030000000000002913,0.82030000000000002913
62,30,0.92179999999999995275,0.92179999999999995275
63,30,0.5501000000000000334,0.5501000000000000334
64,30,0.14289999999999999925,0.14289999999999999925
65,30,0.11000000000000000056,0.11000000000000000056
66,30,0.10789999999999999591,0.10789999999999999591
67,30,0.36440000000000000169,0.36440000000000000169
68,30,0.25150000000000000133,0.25150000000000000133
69,30,0.23330000000000000737,0.23330000000000000737
70,30,0.52790000000000003588,0.52790000000000003588
-69,31.25,0.61719999999999997087,0.61719999999999997087
-68,31.25,0.95050000000000001155,0.95050000000000001155
-67,31.25,0.99799999999999999822,0.99799999999999999822
-66,31.25,0.92130000000000000782,0.92130000000000000782
-65,31.25,0.78410000000000001918,0.78410000000000001918
-64,31.25,0.87890000000000001457,0.87890000000000001457
-63,31.25,0.85780000000000000693,0.85780000000000000693
-62,31.25,0.77559999999999995612,0.77559999999999995612
-61,31.25,0.87660000000000004583,0.87660000000000004583
-60,31.25,0.51819999999999999396,0.51819999999999999396
-59,31.25,0.56049999999999999822,0.56049999999999999822
-58,31.25,0.78420000000000000817,0.78420000000000000817
-57,31.25,0.89700000000000001954,0.89700000000000001954
-56,31.25,0.99770000000000003126,0.99770000000000003126
-55,31.25,0.95460000000000000409,0.95460000000000000409
-54,31.25,0.73160000000000002807,0.73160000000000002807
-53,31.25,0.39850000000000002087,0.39850000000000002087
-52,31.25,0.34610000000000001874,0.34610000000000001874
-51,31.25,0.27829999999999999183,0.27829999999999999183
-50,31.25,0.054399999999999996969,0.054399999999999996969
-49,31.25,0.052499999999999998057,0.052499999999999998057
-48,31.25,0.11680000000000000104,0.11680000000000000104
-47,31.25,0.39000000000000001332,0.39000000000000001332
-46,31.25,0.39779999999999998694,0.39779999999999998694
-45,31.25,0.76070000000000004281,0.76070000000000004281
-44,31.25,0.71209999999999995524,0.71209999999999995524
-43,31.25,0.66479999999999994653,0.66479999999999994653
-42,31.25,0.90269999999999994689,0.90269999999999994689
-41,31.25,0.90639999999999998348,0.90639999999999998348
-40,31.25,0.45479999999999998206,0.45479999999999998206
-39,31.25,0.38950000000000001288,0.38950000000000001288
-38,31.25,0.57279999999999997584,0.57279999999999997584
-37,31.25,0.94169999999999998153,0.94169999999999998153
-36,31.25,0.89410000000000000586,0.89410000000000000586
-35,31.25,0.64300000000000001599,0.64300000000000001599
-34,31.25,0.79239999999999999325,0.79239999999999999325
-33,31.25,0.46300000000000002265,0.46300000000000002265
-32,31.25,0.55659999999999998366,0.55659999999999998366
-31,31.25,0.16809999999999999942,0.16809999999999999942
-30,31.25,0.32190000000000001945,0.32190000000000001945
-29,31.25,0.63619999999999998774,0.63619999999999998774
-28,31.25,0.37959999999999999298,0.37959999999999999298
-27,31.25,0.17110000000000000209,0.17110000000000000209
-26,31.25,0.26550000000000001377,0.26550000000000001377
-25,31.25,0.36049999999999998712,0.36049999999999998712
-24,31.25,0.21699999999999999845,0.21699999999999999845
-23,31.25,0.098799999999999998934,0.098799999999999998934
-22,31.25,0.095100000000000003975,0.095100000000000003975
-21,31.25,0.2094000000000000028,0.2094000000000000028
-20,31.25,0.12230000000000000593,0.12230000000000000593
-19,31.25,0.013100000000000000533,0.013100000000000000533
-18,31.25,0.0032000000000000001533,0.0032000000000000001533
-17,31.25,0.0013999999999999999858,0.0013999999999999999858
-16,31.25,0.00080000000000000003834,0.00080000000000000003834
-15,31.25,0.00020000000000000000958,0.00020000000000000000958
-14,31.25,0.00020000000000000000958,0.00020000000000000000958
-13,31.25,0.07449999999999999678,0.07449999999999999678
-12,31.25,0.10190000000000000446,0.10190000000000000446
-11,31.25,0.27079999999999998517,0.27079999999999998517
-10,31.25,0.20519999999999999352,0.20519999999999999352
-9,31.25,0.72609999999999996767,0.72609999999999996767
-8,31.25,0.52710000000000001297,0.52710000000000001297
-7,31.25,0.2750000000000000222,0.2750000000000000222
-6,31.25,0.50139999999999995683,0.50139999999999995683
-5,31.25,0.7697000000000000508,0.7697000000000000508
-4,31.25,0.33439999999999997504,0.33439999999999997504
-3,31.25,0.12750000000000000222,0.12750000000000000222
-2,31.25,0.22450000000000000511,0.22450000000000000511
-1,31.25,0.12640000000000001235,0.12640000000000001235
0,31.25,0.037600000000000001477,0.037600000000000001477
1,31.25,0.014399999999999999606,0.014399999999999999606
2,31.25,0.0092999999999999992395,0.0092999999999999992395
3,31.25,0.05940000000000000141,0.05940000000000000141
4,31.25,0.18570000000000000395,0.18570000000000000395
5,31.25,0.41139999999999998792,0.41139999999999998792
6,31.25,0.32660000000000000142,0.32660000000000000142
7,31.25,0.16780000000000000471,0.16780000000000000471
8,31.25,0.32009999999999999565,0.32009999999999999565
9,31.25,0.28820000000000001172,0.28820000000000001172
10,31.25,0.34949999999999997735,0.34949999999999997735
11,31.25,0.3598000000000000087,0.3598000000000000087
12,31.25,0.46350000000000002309,0.46350000000000002309
13,31.25,0.44790000000000002034,0.44790000000000002034
14,31.25,0.42970000000000002638,0.42970000000000002638
15,31.25,0.23469999999999999196,0.23469999999999999196
16,31.25,0.17019999999999999019,0.17019999999999999019
17,31.25,0.3482000000000000095,0.3482000000000000095
18,31.25,0.65139999999999997904,0.65139999999999997904
19,31.25,0.5615999999999999881,0.5615999999999999881
20,31.25,0.56969999999999998419,0.56969999999999998419
21,31.25,0.1597999999999999976,0.1597999999999999976
22,31.25,0.60580000000000000515,0.60580000000000000515
23,31.25,0.75909999999999999698,0.75909999999999999698
24,31.25,0.63109999999999999432,0.63109999999999999432
25,31.25,0.72270000000000000906,0.72270000000000000906
26,31.25,0.89959999999999995524,0.89959999999999995524
27,31.25,0.75949999999999995293,0.75949999999999995293
28,31.25,0.13070000000000001061,0.13070000000000001061
29,31.25,0.19809999999999999831,0.19809999999999999831
30,31.25,0.016500000000000000777,0.016500000000000000777
31,31.25,0.36330000000000001181,0.36330000000000001181
32,31.25,0.49340000000000000524,0.49340000000000000524
33,31.25,0.18110000000000001097,0.18110000000000001097
34,31.25,0.55049999999999998934,0.55049999999999998934
35,31.25,0.5974000000000000421,0.5974000000000000421
36,31.25,0.91269999999999995577,0.91269999999999995577
37,31.25,0.8722999999999999643,0.8722999999999999643
38,31.25,0.82999999999999996003,0.82999999999999996003
39,31.25,0.99350000000000004974,0.99350000000000004974
40,31.25,0.9409999999999999476,0.9409999999999999476
41,31.25,0.98060000000000002718,0.98060000000000002718
42,31.25,0.70750000000000001776,0.70750000000000001776
43,31.25,0.91190000000000004388,0.91190000000000004388
44,31.25,0.80040000000000000036,0.80040000000000000036
45,31.25,0.88959999999999994635,0.88959999999999994635
46,31.25,0.68769999999999997797,0.68769999999999997797
47,31.25,0.79820000000000002061,0.79820000000000002061
48,31.25,0.74229999999999995985,0.74229999999999995985
49,31.25,0.72809999999999996945,0.72809999999999996945
50,31.25,0.8375000000000000222,0.8375000000000000222
51,31.25,0.90190000000000003499,0.90190000000000003499
52,31.25,0.85289999999999999147,0.85289999999999999147
53,31.25,0.71989999999999998437,0.71989999999999998437
54,31.25,0.65490000000000003766,0.65490000000000003766
55,31.25,0.95750000000000001776,0.95750000000000001776
56,31.25,0.99229999999999995985,0.99229999999999995985
57,31.25,0.99319999999999997176,0.99319999999999997176
58,31.25,0.80040000000000000036,0.80040000000000000036
59,31.25,0.93410000000000004139,0.93410000000000004139
60,31.25,0.99699999999999999734,0.99699999999999999734
61,31.25,0.89600000000000001865,0.89600000000000001865
62,31.25,0.99919999999999997708,0.99919999999999997708
63,31.25,0.94520000000000004015,0.94520000000000004015
64,31.25,0.2174000000000000099,0.2174000000000000099
65,31.25,0.1469000000000000028,0.1469000000000000028
66,31.25,0.14580000000000001292,0.14580000000000001292
67,31.25,0.33200000000000001732,0.33200000000000001732
68,31.25,0.4249999999999999889,0.4249999999999999889
69,31.25,0.28100000000000002753,0.28100000000000002753
70,31.25,0.65249999999999996891,0.65249999999999996891
-69,32.5,0.61570000000000002505,0.61570000000000002505
-68,32.5,0.92490000000000005542,0.92490000000000005542
-67,32.5,0.99199999999999999289,0.99199999999999999289
-66,32.5,0.97629999999999994564,0.97629999999999994564
-65,32.5,0.90710000000000001741,0.90710000000000001741
-64,32.5,0.9152000000000000135,0.9152000000000000135
-63,32.5,0.89580000000000004068,0.89580000000000004068
-62,32.5,0.80949999999999999734,0.80949999999999999734
-61,32.5,0.82140000000000001901,0.82140000000000001901
-60,32.5,0.45240000000000002434,0.45240000000000002434
-59,32.5,0.60580000000000000515,0.60580000000000000515
-58,32.5,0.78410000000000001918,0.78410000000000001918
-57,32.5,0.95230000000000003535,0.95230000000000003535
-56,32.5,0.99039999999999994706,0.99039999999999994706
-55,32.5,0.8991000000000000103,0.8991000000000000103
-54,32.5,0.69840000000000002078,0.69840000000000002078
-53,32.5,0.37309999999999998721,0.37309999999999998721
-52,32.5,0.34789999999999998703,0.34789999999999998703
-51,32.5,0.211999999999999994,0.211999999999999994
-50,32.5,0.071099999999999996536,0.071099999999999996536
-49,32.5,0.11590000000000000302,0.11590000000000000302
-48,32.5,0.2338999999999999968,0.2338999999999999968
-47,32.5,0.50480000000000002647,0.50480000000000002647
-46,32.5,0.58269999999999999574,0.58269999999999999574
-45,32.5,0.9900999999999999801,0.9900999999999999801
-44,32.5,0.82359999999999999876,0.82359999999999999876
-43,32.5,0.97750000000000003553,0.97750000000000003553
-42,32.5,0.76980000000000003979,0.76980000000000003979
-41,32.5,0.55179999999999995719,0.55179999999999995719
-40,32.5,0.46370000000000000107,0.46370000000000000107
-39,32.5,0.49849999999999999867,0.49849999999999999867
-38,32.5,0.76129999999999997673,0.76129999999999997673
-37,32.5,0.71399999999999996803,0.71399999999999996803
-36,32.5,0.67589999999999994529,0.67589999999999994529
-35,32.5,0.53810000000000002274,0.53810000000000002274
-34,32.5,0.41870000000000001661,0.41870000000000001661
-33,32.5,0.71279999999999998916,0.71279999999999998916
-32,32.5,0.66490000000000004654,0.66490000000000004654
-31,32.5,0.18220000000000000084,0.18220000000000000084
-30,32.5,0.13359999999999999654,0.13359999999999999654
-29,32.5,0.41039999999999998703,0.41039999999999998703
-28,32.5,0.27219999999999999751,0.27219999999999999751
-27,32.5,0.10730000000000000648,0.10730000000000000648
-26,32.5,0.26740000000000002656,0.26740000000000002656
-25,32.5,0.37169999999999997486,0.37169999999999997486
-24,32.5,0.3027000000000000246,0.3027000000000000246
-23,32.5,0.16350000000000000644,0.16350000000000000644
-22,32.5,0.14099999999999998646,0.14099999999999998646
-21,32.5,0.12900000000000000355,0.12900000000000000355
-20,32.5,0.01490000000000000005,0.01490000000000000005
-19,32.5,0.0027999999999999999716,0.0027999999999999999716
-18,32.5,0.00080000000000000003834,0.00080000000000000003834
-17,32.5,0.00069999999999999999289,0.00069999999999999999289
-16,32.5,0.00010000000000000000479,0.00010000000000000000479
-15,32.5,0,0
-14,32.5,0.0011999999999999998949,0.0011999999999999998949
-13,32.5,0.065500000000000002665,0.065500000000000002665
-12,32.5,0.22580000000000000071,0.22580000000000000071
-11,32.5,0.31099999999999999867,0.31099999999999999867
-10,32.5,0.28629999999999999893,0.28629999999999999893
-9,32.5,0.53779999999999994476,0.53779999999999994476
-8,32.5,0.046600000000000002531,0.046600000000000002531
-7,32.5,0.028000000000000000583,0.028000000000000000583
-6,32.5,0.098100000000000006639,0.098100000000000006639
-5,32.5,0.52370000000000005436,0.52370000000000005436
-4,32.5,0.36030000000000000915,0.36030000000000000915
-3,32.5,0.36120000000000002105,0.36120000000000002105
-2,32.5,0.68340000000000000746,0.68340000000000000746
-1,32.5,0.24890000000000001013,0.24890000000000001013
0,32.5,0.0041999999999999997405,0.0041999999999999997405
1,32.5,0.0050000000000000001041,0.0050000000000000001041
2,32.5,0.065100000000000005085,0.065100000000000005085
3,32.5,0.29809999999999997611,0.29809999999999997611
4,32.5,0.16159999999999999365,0.16159999999999999365
5,32.5,0.27800000000000002487,0.27800000000000002487
6,32.5,0.40600000000000002753,0.40600000000000002753
7,32.5,0.35310000000000002496,0.35310000000000002496
8,32.5,0.59340000000000003855,0.59340000000000003855
9,32.5,0.42149999999999998579,0.42149999999999998579
10,32.5,0.38200000000000000622,0.38200000000000000622
11,32.5,0.41029999999999999805,0.41029999999999999805
12,32.5,0.50309999999999999165,0.50309999999999999165
13,32.5,0.39810000000000000941,0.39810000000000000941
14,32.5,0.52710000000000001297,0.52710000000000001297
15,32.5,0.35439999999999999281,0.35439999999999999281
16,32.5,0.27789999999999998037,0.27789999999999998037
17,32.5,0.26350000000000001199,0.26350000000000001199
18,32.5,0.8090000000000000524,0.8090000000000000524
19,32.5,0.65920000000000000817,0.65920000000000000817
20,32.5,0.80769999999999997353,0.80769999999999997353
21,32.5,0.182999999999999996,0.182999999999999996
22,32.5,0.56930000000000002824,0.56930000000000002824
23,32.5,0.84760000000000002007,0.84760000000000002007
24,32.5,0.72760000000000002451,0.72760000000000002451
25,32.5,0.86760000000000003784,0.86760000000000003784
26,32.5,0.88170000000000003926,0.88170000000000003926
27,32.5,0.34370000000000000551,0.34370000000000000551
28,32.5,0.58909999999999995701,0.58909999999999995701
29,32.5,0.60429999999999994831,0.60429999999999994831
30,32.5,0.099000000000000004663,0.099000000000000004663
31,32.5,0.017100000000000000616,0.017100000000000000616
32,32.5,0.12700000000000000178,0.12700000000000000178
33,32.5,0.39689999999999997504,0.39689999999999997504
34,32.5,0.61670000000000002593,0.61670000000000002593
35,32.5,0.67190000000000005276,0.67190000000000005276
36,32.5,0.79890000000000005453,0.79890000000000005453
37,32.5,0.63539999999999996483,0.63539999999999996483
38,32.5,0.82410000000000005471,0.82410000000000005471
39,32.5,0.95940000000000003055,0.95940000000000003055
40,32.5,0.99690000000000000835,0.99690000000000000835
41,32.5,0.97399999999999997691,0.97399999999999997691
42,32.5,0.88929999999999997939,0.88929999999999997939
43,32.5,0.95330000000000003624,0.95330000000000003624
44,32.5,0.76160000000000005471,0.76160000000000005471
45,32.5,0.76729999999999998206,0.76729999999999998206
46,32.5,0.57579999999999997851,0.57579999999999997851
47,32.5,0.70069999999999998952,0.70069999999999998952
48,32.5,0.6590000000000000302,0.6590000000000000302
49,32.5,0.48899999999999999023,0.48899999999999999023
50,32.5,0.83079999999999998295,0.83079999999999998295
51,32.5,0.91330000000000000071,0.91330000000000000071
52,32.5,0.68820000000000003393,0.68820000000000003393
53,32.5,0.56899999999999995026,0.56899999999999995026
54,32.5,0.57130000000000003002,0.57130000000000003002
55,32.5,0.76890000000000002789,0.76890000000000002789
56,32.5,0.9152000000000000135,0.9152000000000000135
57,32.5,0.88570000000000004281,0.88570000000000004281
58,32.5,0.83320000000000005169,0.83320000000000005169
59,32.5,0.99360000000000003872,0.99360000000000003872
60,32.5,0.9545000000000000151,0.9545000000000000151
61,32.5,0.99250000000000004885,0.99250000000000004885
62,32.5,0.99870000000000003215,0.99870000000000003215
63,32.5,0.99539999999999995151,0.99539999999999995151
64,32.5,0.25440000000000001501,0.25440000000000001501
65,32.5,0.18909999999999999032,0.18909999999999999032
66,32.5,0.25769999999999998463,0.25769999999999998463
67,32.5,0.41439999999999999059,0.41439999999999999059
68,32.5,0.55369999999999996998,0.55369999999999996998
69,32.5,0.4616000000000000103,0.4616000000000000103
70,32.5,0.75839999999999996305,0.75839999999999996305
-69,33.75,0.79120000000000001439,0.79120000000000001439
-68,33.75,0.91110000000000002096,0.91110000000000002096
-67,33.75,0.9492000000000000437,0.9492000000000000437
-66,33.75,0.99519999999999997353,0.99519999999999997353
-65,33.75,0.9900999999999999801,0.9900999999999999801
-64,33.75,0.93679999999999996607,0.93679999999999996607
-63,33.75,0.8864999999999999547,0.8864999999999999547
-62,33.75,0.64100000000000001421,0.64100000000000001421
-61,33.75,0.78429999999999999716,0.78429999999999999716
-60,33.75,0.45789999999999997371,0.45789999999999997371
-59,33.75,0.56269999999999997797,0.56269999999999997797
-58,33.75,0.76770000000000004903,0.76770000000000004903
-57,33.75,0.89970000000000005524,0.89970000000000005524
-56,33.75,0.99939999999999995506,0.99939999999999995506
-55,33.75,0.87039999999999995151,0.87039999999999995151
-54,33.75,0.70369999999999999218,0.70369999999999999218
-53,33.75,0.51539999999999996927,0.51539999999999996927
-52,33.75,0.40839999999999998526,0.40839999999999998526
-51,33.75,0.17649999999999999023,0.17649999999999999023
-50,33.75,0.12399999999999999911,0.12399999999999999911
-49,33.75,0.17239999999999999769,0.17239999999999999769
-48,33.75,0.35520000000000001572,0.35520000000000001572
-47,33.75,0.51219999999999998863,0.51219999999999998863
-46,33.75,0.86699999999999999289,0.86699999999999999289
-45,33.75,0.98880000000000001226,0.98880000000000001226
-44,33.75,0.88849999999999995648,0.88849999999999995648
-43,33.75,0.81389999999999995683,0.81389999999999995683
-42,33.75,0.59609999999999996323,0.59609999999999996323
-41,33.75,0.53259999999999996234,0.53259999999999996234
-40,33.75,0.37790000000000001368,0.37790000000000001368
-39,33.75,0.35020000000000001128,0.35020000000000001128
-38,33.75,0.64339999999999997193,0.64339999999999997193
-37,33.75,0.63990000000000002434,0.63990000000000002434
-36,33.75,0.56279999999999996696,0.56279999999999996696
-35,33.75,0.45769999999999999574,0.45769999999999999574
-34,33.75,0.4786000000000000254,0.4786000000000000254
-33,33.75,0.86240000000000005542,0.86240000000000005542
-32,33.75,0.91690000000000004832,0.91690000000000004832
-31,33.75,0.53220000000000000639,0.53220000000000000639
-30,33.75,0.16539999999999999147,0.16539999999999999147
-29,33.75,0.28910000000000002363,0.28910000000000002363
-28,33.75,0.17089999999999999636,0.17089999999999999636
-27,33.75,0.1233999999999999958,0.1233999999999999958
-26,33.75,0.30190000000000000169,0.30190000000000000169
-25,33.75,0.32719999999999999085,0.32719999999999999085
-24,33.75,0.29670000000000001927,0.29670000000000001927
-23,33.75,0.17749999999999999112,0.17749999999999999112
-22,33.75,0.081299999999999997269,0.081299999999999997269
-21,33.75,0.040700000000000000067,0.040700000000000000067
-20,33.75,0.022499999999999999167,0.022499999999999999167
-19,33.75,0.0022000000000000001325,0.0022000000000000001325
-18,33.75,0.00029999999999999997372,0.00029999999999999997372
-17,33.75,0.00010000000000000000479,0.00010000000000000000479
-16,33.75,0.00010000000000000000479,0.00010000000000000000479
-15,33.75,0,0
-14,33.75,0.00059999999999999994744,0.00059999999999999994744
-13,33.75,0.053300000000000000155,0.053300000000000000155
-12,33.75,0.2606999999999999873,0.2606999999999999873
-11,33.75,0.91139999999999998792,0.91139999999999998792
-10,33.75,0.90980000000000005311,0.90980000000000005311
-9,33.75,0.15240000000000000768,0.15240000000000000768
-8,33.75,0.19630000000000000226,0.19630000000000000226
-7,33.75,0.19559999999999999609,0.19559999999999999609
-6,33.75,0.23109999999999999987,0.23109999999999999987
-5,33.75,0.20680000000000001159,0.20680000000000001159
-4,33.75,0.22040000000000001257,0.22040000000000001257
-3,33.75,0.22450000000000000511,0.22450000000000000511
-2,33.75,0.27629999999999999005,0.27629999999999999005
-1,33.75,0.028500000000000001027,0.028500000000000001027
0,33.75,0.017700000000000000455,0.017700000000000000455
1,33.75,0.043599999999999999867,0.043599999999999999867
2,33.75,0.16050000000000000377,0.16050000000000000377
3,33.75,0.1146999999999999964,0.1146999999999999964
4,33.75,0.076100000000000000977,0.076100000000000000977
5,33.75,0.14519999999999999574,0.14519999999999999574
6,33.75,0.43830000000000002292,0.43830000000000002292
7,33.75,0.41589999999999999192,0.41589999999999999192
8,33.75,0.34210000000000001519,0.34210000000000001519
9,33.75,0.32029999999999997362,0.32029999999999997362
10,33.75,0.60070000000000001172,0.60070000000000001172
11,33.75,0.67779999999999995808,0.67779999999999995808
12,33.75,0.60309999999999996945,0.60309999999999996945
13,33.75,0.43230000000000001759,0.43230000000000001759
14,33.75,0.40039999999999997815,0.40039999999999997815
15,33.75,0.22539999999999998925,0.22539999999999998925
16,33.75,0.24349999999999999423,0.24349999999999999423
17,33.75,0.25380000000000002558,0.25380000000000002558
18,33.75,0.57540000000000002256,0.57540000000000002256
19,33.75,0.72699999999999997957,0.72699999999999997957
20,33.75,0.69159999999999999254,0.69159999999999999254
21,33.75,0.54069999999999995843,0.54069999999999995843
22,33.75,0.68689999999999995506,0.68689999999999995506
23,33.75,0.95940000000000003055,0.95940000000000003055
24,33.75,0.90820000000000000728,0.90820000000000000728
25,33.75,0.93330000000000001847,0.93330000000000001847
26,33.75,0.95309999999999994724,0.95309999999999994724
27,33.75,0.94699999999999995293,0.94699999999999995293
28,33.75,0.22150000000000000244,0.22150000000000000244
29,33.75,0.892900000000000027,0.892900000000000027
30,33.75,0.16969999999999998974,0.16969999999999998974
31,33.75,0.0015000000000000000312,0.0015000000000000000312
32,33.75,0.045199999999999997125,0.045199999999999997125
33,33.75,0.37819999999999998064,0.37819999999999998064
34,33.75,0.63919999999999999041,0.63919999999999999041
35,33.75,0.67649999999999999023,0.67649999999999999023
36,33.75,0.71240000000000003322,0.71240000000000003322
37,33.75,0.96579999999999999183,0.96579999999999999183
38,33.75,0.9572000000000000508,0.9572000000000000508
39,33.75,0.99850000000000005418,0.99850000000000005418
40,33.75,0.95869999999999999662,0.95869999999999999662
41,33.75,0.98309999999999997389,0.98309999999999997389
42,33.75,0.90920000000000000817,0.90920000000000000817
43,33.75,0.74439999999999995062,0.74439999999999995062
44,33.75,0.75419999999999998153,0.75419999999999998153
45,33.75,0.88639999999999996572,0.88639999999999996572
46,33.75,0.495499999999999996,0.495499999999999996
47,33.75,0.35830000000000000737,0.35830000000000000737
48,33.75,0.52839999999999998082,0.52839999999999998082
49,33.75,0.35580000000000000515,0.35580000000000000515
50,33.75,0.68940000000000001279,0.68940000000000001279
51,33.75,0.83950000000000002398,0.83950000000000002398
52,33.75,0.61450000000000004619,0.61450000000000004619
53,33.75,0.49190000000000000391,0.49190000000000000391
54,33.75,0.49780000000000002025,0.49780000000000002025
55,33.75,0.57269999999999998685,0.57269999999999998685
56,33.75,0.7215000000000000302,0.7215000000000000302
57,33.75,0.60609999999999997211,0.60609999999999997211
58,33.75,0.71679999999999999272,0.71679999999999999272
59,33.75,0.99670000000000003038,0.99670000000000003038
60,33.75,0.96389999999999997904,0.96389999999999997904
61,33.75,0.95789999999999997371,0.95789999999999997371
62,33.75,0.9947000000000000286,0.9947000000000000286
63,33.75,0.89219999999999999307,0.89219999999999999307
64,33.75,0.30059999999999997833,0.30059999999999997833
65,33.75,0.25859999999999999654,0.25859999999999999654
66,33.75,0.45719999999999999529,0.45719999999999999529
67,33.75,0.55549999999999999378,0.55549999999999999378
68,33.75,0.6686999999999999611,0.6686999999999999611
69,33.75,0.67830000000000001403,0.67830000000000001403
70,33.75,0.68820000000000003393,0.68820000000000003393
-69,35,0.84970000000000001084,0.84970000000000001084
-68,35,0.8465000000000000302,0.8465000000000000302
-67,35,0.89449999999999996181,0.89449999999999996181
-66,35,0.99619999999999997442,0.99619999999999997442
-65,35,0.97899999999999998135,0.97899999999999998135
-64,35,0.96189999999999997726,0.96189999999999997726
-63,35,0.83240000000000002878,0.83240000000000002878
-62,35,0.62690000000000001279,0.62690000000000001279
-61,35,0.78510000000000002007,0.78510000000000002007
-60,35,0.46529999999999999138,0.46529999999999999138
-59,35,0.4964000000000000079,0.4964000000000000079
-58,35,0.75970000000000004192,0.75970000000000004192
-57,35,0.92249999999999998668,0.92249999999999998668
-56,35,0.99860000000000004317,0.99860000000000004317
-55,35,0.74170000000000002593,0.74170000000000002593
-54,35,0.6633999999999999897,0.6633999999999999897
-53,35,0.5974000000000000421,0.5974000000000000421
-52,35,0.44230000000000002647,0.44230000000000002647
-51,35,0.26350000000000001199,0.26350000000000001199
-50,35,0.14010000000000000231,0.14010000000000000231
-49,35,0.17540000000000000036,0.17540000000000000036
-48,35,0.31600000000000000311,0.31600000000000000311
-47,35,0.52090000000000002967,0.52090000000000002967
-46,35,0.96679999999999999272,0.96679999999999999272
-45,35,0.97619999999999995666,0.97619999999999995666
-44,35,0.96930000000000005045,0.96930000000000005045
-43,35,0.51119999999999998774,0.51119999999999998774
-42,35,0.47789999999999999147,0.47789999999999999147
-41,35,0.4786000000000000254,0.4786000000000000254
-40,35,0.44659999999999999698,0.44659999999999999698
-39,35,0.29210000000000002629,0.29210000000000002629
-38,35,0.76000000000000000888,0.76000000000000000888
-37,35,0.71409999999999995701,0.71409999999999995701
-36,35,0.66549999999999998046,0.66549999999999998046
-35,35,0.58720000000000005524,0.58720000000000005524
-34,35,0.86960000000000003961,0.86960000000000003961
-33,35,0.91069999999999995399,0.91069999999999995399
-32,35,0.5525999999999999801,0.5525999999999999801
-31,35,0.28770000000000001128,0.28770000000000001128
-30,35,0.18590000000000000968,0.18590000000000000968
-29,35,0.13939999999999999614,0.13939999999999999614
-28,35,0.040399999999999998412,0.040399999999999998412
-27,35,0.049599999999999998257,0.049599999999999998257
-26,35,0.099400000000000002243,0.099400000000000002243
-25,35,0.17410000000000000475,0.17410000000000000475
-24,35,0.11110000000000000431,0.11110000000000000431
-23,35,0.047399999999999997691,0.047399999999999997691
-22,35,0.010600000000000000047,0.010600000000000000047
-21,35,0.014500000000000000736,0.014500000000000000736
-20,35,0.007799999999999999642,0.007799999999999999642
-19,35,0.00069999999999999999289,0.00069999999999999999289
-18,35,0.00010000000000000000479,0.00010000000000000000479
-17,35,0.00029999999999999997372,0.00029999999999999997372
-16,35,0.00029999999999999997372,0.00029999999999999997372
-15,35,0.00020000000000000000958,0.00020000000000000000958
-14,35,0.0013999999999999999858,0.0013999999999999999858
-13,35,0.4320999999999999841,0.4320999999999999841
-12,35,0.63470000000000004192,0.63470000000000004192
-11,35,0.9900999999999999801,0.9900999999999999801
-10,35,0.68069999999999997176,0.68069999999999997176
-9,35,0.55240000000000000213,0.55240000000000000213
-8,35,0.26009999999999999787,0.26009999999999999787
-7,35,0.23999999999999999112,0.23999999999999999112
-6,35,0.25929999999999997495,0.25929999999999997495
-5,35,0.12070000000000000173,0.12070000000000000173
-4,35,0.379500000000000004,0.379500000000000004
-3,35,0.13730000000000000537,0.13730000000000000537
-2,35,0.0092999999999999992395,0.0092999999999999992395
-1,35,0.026100000000000001671,0.026100000000000001671
0,35,0.085000000000000006106,0.085000000000000006106
1,35,0.13519999999999998685,0.13519999999999998685
2,35,0.099500000000000005107,0.099500000000000005107
3,35,0.012800000000000000613,0.012800000000000000613
4,35,0.014399999999999999606,0.014399999999999999606
5,35,0.03599999999999999728,0.03599999999999999728
6,35,0.040099999999999996758,0.040099999999999996758
7,35,0.030999999999999999778,0.030999999999999999778
8,35,0.044799999999999999545,0.044799999999999999545
9,35,0.27579999999999998961,0.27579999999999998961
10,35,0.87639999999999995683,0.87639999999999995683
11,35,0.96819999999999994955,0.96819999999999994955
12,35,0.85909999999999997478,0.85909999999999997478
13,35,0.65759999999999996234,0.65759999999999996234
14,35,0.39250000000000001554,0.39250000000000001554
15,35,0.28880000000000000115,0.28880000000000000115
16,35,0.2200999999999999901,0.2200999999999999901
17,35,0.37240000000000000879,0.37240000000000000879
18,35,0.38140000000000001679,0.38140000000000001679
19,35,0.99099999999999999201,0.99099999999999999201
20,35,0.8338999999999999746,0.8338999999999999746
21,35,0.42609999999999997877,0.42609999999999997877
22,35,0.83289999999999997371,0.83289999999999997371
23,35,0.82609999999999994547,0.82609999999999994547
24,35,0.97689999999999999059,0.97689999999999999059
25,35,0.99719999999999997531,0.99719999999999997531
26,35,0.87909999999999999254,0.87909999999999999254
27,35,0.82199999999999995293,0.82199999999999995293
28,35,0.65859999999999996323,0.65859999999999996323
29,35,0.11730000000000000149,0.11730000000000000149
30,35,0.098900000000000001799,0.098900000000000001799
31,35,0.010300000000000000128,0.010300000000000000128
32,35,0.074800000000000005373,0.074800000000000005373
33,35,0.89300000000000001599,0.89300000000000001599
34,35,0.59179999999999999272,0.59179999999999999272
35,35,0.79700000000000004174,0.79700000000000004174
36,35,0.95779999999999998472,0.95779999999999998472
37,35,0.98040000000000004921,0.98040000000000004921
38,35,0.69340000000000001634,0.69340000000000001634
39,35,0.79539999999999999591,0.79539999999999999591
40,35,0.78200000000000002842,0.78200000000000002842
41,35,0.95760000000000000675,0.95760000000000000675
42,35,0.96260000000000001119,0.96260000000000001119
43,35,0.6206000000000000405,0.6206000000000000405
44,35,0.25809999999999999609,0.25809999999999999609
45,35,0.46770000000000000462,0.46770000000000000462
46,35,0.60080000000000000071,0.60080000000000000071
47,35,0.31390000000000001235,0.31390000000000001235
48,35,0.38050000000000000488,0.38050000000000000488
49,35,0.41739999999999999325,0.41739999999999999325
50,35,0.78949999999999997957,0.78949999999999997957
51,35,0.83609999999999995435,0.83609999999999995435
52,35,0.70740000000000002878,0.70740000000000002878
53,35,0.56489999999999995772,0.56489999999999995772
54,35,0.53859999999999996767,0.53859999999999996767
55,35,0.56969999999999998419,0.56969999999999998419
56,35,0.70130000000000003446,0.70130000000000003446
57,35,0.5581000000000000405,0.5581000000000000405
58,35,0.65739999999999998437,0.65739999999999998437
59,35,0.97529999999999994476,0.97529999999999994476
60,35,0.97319999999999995399,0.97319999999999995399
61,35,0.83499999999999996447,0.83499999999999996447
62,35,0.98129999999999995008,0.98129999999999995008
63,35,0.71950000000000002842,0.71950000000000002842
64,35,0.29759999999999997566,0.29759999999999997566
65,35,0.34899999999999997691,0.34899999999999997691
66,35,0.49220000000000002638,0.49220000000000002638
67,35,0.77569999999999994511,0.77569999999999994511
68,35,0.65320000000000000284,0.65320000000000000284
69,35,0.59909999999999996589,0.59909999999999996589
70,35,0.55130000000000001226,0.55130000000000001226
-69,36.25,0.80449999999999999289,0.80449999999999999289
-68,36.25,0.81730000000000002647,0.81730000000000002647
-67,36.25,0.89119999999999999218,0.89119999999999999218
-66,36.25,0.93289999999999995151,0.93289999999999995151
-65,36.25,0.86550000000000004707,0.86550000000000004707
-64,36.25,0.97460000000000002185,0.97460000000000002185
-63,36.25,0.73260000000000002895,0.73260000000000002895
-62,36.25,0.72709999999999996856,0.72709999999999996856
-61,36.25,0.73160000000000002807,0.73160000000000002807
-60,36.25,0.4526999999999999913,0.4526999999999999913
-59,36.25,0.3679000000000000048,0.3679000000000000048
-58,36.25,0.65520000000000000462,0.65520000000000000462
-57,36.25,0.89800000000000002043,0.89800000000000002043
-56,36.25,0.93669999999999997708,0.93669999999999997708
-55,36.25,0.70989999999999997549,0.70989999999999997549
-54,36.25,0.74390000000000000568,0.74390000000000000568
-53,36.25,0.78290000000000004032,0.78290000000000004032
-52,36.25,0.62339999999999995417,0.62339999999999995417
-51,36.25,0.24759999999999998677,0.24759999999999998677
-50,36.25,0.054199999999999998179,0.054199999999999998179
-49,36.25,0.15199999999999999623,0.15199999999999999623
-48,36.25,0.32669999999999999041,0.32669999999999999041
-47,36.25,0.62890000000000001457,0.62890000000000001457
-46,36.25,0.92279999999999995364,0.92279999999999995364
-45,36.25,0.99680000000000001936,0.99680000000000001936
-44,36.25,0.65749999999999997335,0.65749999999999997335
-43,36.25,0.53200000000000002842,0.53200000000000002842
-42,36.25,0.36659999999999998144,0.36659999999999998144
-41,36.25,0.35560000000000002718,0.35560000000000002718
-40,36.25,0.46679999999999999272,0.46679999999999999272
-39,36.25,0.33360000000000000764,0.33360000000000000764
-38,36.25,0.77510000000000001119,0.77510000000000001119
-37,36.25,0.82089999999999996305,0.82089999999999996305
-36,36.25,0.78900000000000003464,0.78900000000000003464
-35,36.25,0.65680000000000005045,0.65680000000000005045
-34,36.25,0.76349999999999995648,0.76349999999999995648
-33,36.25,0.96789999999999998259,0.96789999999999998259
-32,36.25,0.44280000000000002691,0.44280000000000002691
-31,36.25,0.14080000000000000848,0.14080000000000000848
-30,36.25,0.13100000000000000533,0.13100000000000000533
-29,36.25,0.040899999999999998856,0.040899999999999998856
-28,36.25,0.022300000000000000377,0.022300000000000000377
-27,36.25,0.016099999999999999728,0.016099999999999999728
-26,36.25,0.035000000000000003331,0.035000000000000003331
-25,36.25,0.064100000000000004197,0.064100000000000004197
-24,36.25,0.030599999999999998729,0.030599999999999998729
-23,36.25,0.016400000000000001382,0.016400000000000001382
-22,36.25,0.0061999999999999997821,0.0061999999999999997821
-21,36.25,0.0079000000000000007716,0.0079000000000000007716
-20,36.25,0.0044000000000000002651,0.0044000000000000002651
-19,36.25,0.00899999999999999932,0.00899999999999999932
-18,36.25,0.0011999999999999998949,0.0011999999999999998949
-17,36.25,0.00029999999999999997372,0.00029999999999999997372
-16,36.25,0,0
-15,36.25,0.00059999999999999994744,0.00059999999999999994744
-14,36.25,0.05920000000000000262,0.05920000000000000262
-13,36.25,0.94779999999999997584,0.94779999999999997584
-12,36.25,0.99539999999999995151,0.99539999999999995151
-11,36.25,0.86609999999999998099,0.86609999999999998099
-10,36.25,0.39460000000000000631,0.39460000000000000631
-9,36.25,0.44959999999999999964,0.44959999999999999964
-8,36.25,0.56930000000000002824,0.56930000000000002824
-7,36.25,0.71450000000000002398,0.71450000000000002398
-6,36.25,0.60460000000000002629,0.60460000000000002629
-5,36.25,0.45839999999999997415,0.45839999999999997415
-4,36.25,0.52180000000000004157,0.52180000000000004157
-3,36.25,0.12939999999999998725,0.12939999999999998725
-2,36.25,0.008300000000000000086,0.008300000000000000086
-1,36.25,0.019800000000000001626,0.019800000000000001626
0,36.25,0.05050000000000000322,0.05050000000000000322
1,36.25,0.058200000000000001732,0.058200000000000001732
2,36.25,0.0091000000000000004496,0.0091000000000000004496
3,36.25,0.0099000000000000008132,0.0099000000000000008132
4,36.25,0.0079000000000000007716,0.0079000000000000007716
5,36.25,0.0326999999999999999,0.0326999999999999999
6,36.25,0.00010000000000000000479,0.00010000000000000000479
7,36.25,0.0013999999999999999858,0.0013999999999999999858
8,36.25,0.012699999999999999484,0.012699999999999999484
9,36.25,0.16600000000000000866,0.16600000000000000866
10,36.25,0.74929999999999996607,0.74929999999999996607
11,36.25,0.83530000000000004245,0.83530000000000004245
12,36.25,0.89610000000000000764,0.89610000000000000764
13,36.25,0.71960000000000001741,0.71960000000000001741
14,36.25,0.26540000000000002478,0.26540000000000002478
15,36.25,0.1710000000000000131,0.1710000000000000131
16,36.25,0.24140000000000000346,0.24140000000000000346
17,36.25,0.23219999999999998974,0.23219999999999998974
18,36.25,0.14719999999999999751,0.14719999999999999751
19,36.25,0.27310000000000000941,0.27310000000000000941
20,36.25,0.96850000000000002753,0.96850000000000002753
21,36.25,0.23699999999999998845,0.23699999999999998845
22,36.25,0.33160000000000000586,0.33160000000000000586
23,36.25,0.20430000000000000937,0.20430000000000000937
24,36.25,0.096199999999999993849,0.096199999999999993849
25,36.25,0.25380000000000002558,0.25380000000000002558
26,36.25,0.62199999999999999734,0.62199999999999999734
27,36.25,0.38629999999999997673,0.38629999999999997673
28,36.25,0.2570999999999999952,0.2570999999999999952
29,36.25,0.11669999999999999818,0.11669999999999999818
30,36.25,0.4474000000000000199,0.4474000000000000199
31,36.25,0.19750000000000000888,0.19750000000000000888
32,36.25,0.059900000000000001854,0.059900000000000001854
33,36.25,0.65339999999999998082,0.65339999999999998082
34,36.25,0.44779999999999997584,0.44779999999999997584
35,36.25,0.78729999999999999982,0.78729999999999999982
36,36.25,0.90620000000000000551,0.90620000000000000551
37,36.25,0.98929999999999995719,0.98929999999999995719
38,36.25,0.89419999999999999485,0.89419999999999999485
39,36.25,0.59270000000000000462,0.59270000000000000462
40,36.25,0.56420000000000003482,0.56420000000000003482
41,36.25,0.73219999999999996199,0.73219999999999996199
42,36.25,0.98950000000000004619,0.98950000000000004619
43,36.25,0.59209999999999995968,0.59209999999999995968
44,36.25,0.22209999999999999187,0.22209999999999999187
45,36.25,0.16029999999999999805,0.16029999999999999805
46,36.25,0.60629999999999995008,0.60629999999999995008
47,36.25,0.38590000000000002078,0.38590000000000002078
48,36.25,0.29389999999999999458,0.29389999999999999458
49,36.25,0.41399999999999997913,0.41399999999999997913
50,36.25,0.76510000000000000231,0.76510000000000000231
51,36.25,0.78949999999999997957,0.78949999999999997957
52,36.25,0.86399999999999999023,0.86399999999999999023
53,36.25,0.714199999999999946,0.714199999999999946
54,36.25,0.56859999999999999432,0.56859999999999999432
55,36.25,0.705400000000000027,0.705400000000000027
56,36.25,0.74870000000000003215,0.74870000000000003215
57,36.25,0.5838999999999999746,0.5838999999999999746
58,36.25,0.48320000000000001839,0.48320000000000001839
59,36.25,0.74299999999999999378,0.74299999999999999378
60,36.25,0.98999999999999999112,0.98999999999999999112
61,36.25,0.95140000000000002345,0.95140000000000002345
62,36.25,0.93679999999999996607,0.93679999999999996607
63,36.25,0.71199999999999996625,0.71199999999999996625
64,36.25,0.25369999999999998108,0.25369999999999998108
65,36.25,0.42880000000000001448,0.42880000000000001448
66,36.25,0.48180000000000000604,0.48180000000000000604
67,36.25,0.83720000000000005524,0.83720000000000005524
68,36.25,0.63019999999999998241,0.63019999999999998241
69,36.25,0.53139999999999998348,0.53139999999999998348
70,36.25,0.40039999999999997815,0.40039999999999997815
-69,37.5,0.70869999999999999662,0.70869999999999999662
-68,37.5,0.79130000000000000338,0.79130000000000000338
-67,37.5,0.9474000000000000199,0.9474000000000000199
-66,37.5,0.84909999999999996589,0.84909999999999996589
-65,37.5,0.69130000000000002558,0.69130000000000002558
-64,37.5,0.99619999999999997442,0.99619999999999997442
-63,37.5,0.70389999999999997016,0.70389999999999997016
-62,37.5,0.83069999999999999396,0.83069999999999999396
-61,37.5,0.84130000000000004778,0.84130000000000004778
-60,37.5,0.5043999999999999595,0.5043999999999999595
-59,37.5,0.2857000000000000095,0.2857000000000000095
-58,37.5,0.37640000000000001235,0.37640000000000001235
-57,37.5,0.75829999999999997407,0.75829999999999997407
-56,37.5,0.88629999999999997673,0.88629999999999997673
-55,37.5,0.79359999999999997211,0.79359999999999997211
-54,37.5,0.91579999999999994742,0.91579999999999994742
-53,37.5,0.90180000000000004601,0.90180000000000004601
-52,37.5,0.69350000000000000533,0.69350000000000000533
-51,37.5,0.1804000000000000048,0.1804000000000000048
-50,37.5,0.036400000000000001799,0.036400000000000001799
-49,37.5,0.11529999999999999971,0.11529999999999999971
-48,37.5,0.3179000000000000159,0.3179000000000000159
-47,37.5,0.6661000000000000254,0.6661000000000000254
-46,37.5,0.97289999999999998703,0.97289999999999998703
-45,37.5,0.93279999999999996252,0.93279999999999996252
-44,37.5,0.53349999999999997424,0.53349999999999997424
-43,37.5,0.66049999999999997602,0.66049999999999997602
-42,37.5,0.3936999999999999944,0.3936999999999999944
-41,37.5,0.37269999999999997575,0.37269999999999997575
-40,37.5,0.26460000000000000187,0.26460000000000000187
-39,37.5,0.56950000000000000622,0.56950000000000000622
-38,37.5,0.86719999999999997087,0.86719999999999997087
-37,37.5,0.81289999999999995595,0.81289999999999995595
-36,37.5,0.86590000000000000302,0.86590000000000000302
-35,37.5,0.47610000000000002318,0.47610000000000002318
-34,37.5,0.67779999999999995808,0.67779999999999995808
-33,37.5,0.67689999999999994618,0.67689999999999994618
-32,37.5,0.47830000000000000293,0.47830000000000000293
-31,37.5,0.26579999999999998073,0.26579999999999998073
-30,37.5,0.092700000000000004619,0.092700000000000004619
-29,37.5,0.04159999999999999809,0.04159999999999999809
-28,37.5,0.01460000000000000013,0.01460000000000000013
-27,37.5,0.012600000000000000089,0.012600000000000000089
-26,37.5,0.022100000000000001588,0.022100000000000001588
-25,37.5,0.011100000000000000491,0.011100000000000000491
-24,37.5,0.011900000000000000855,0.011900000000000000855
-23,37.5,0.0060000000000000001249,0.0060000000000000001249
-22,37.5,0.0047999999999999995795,0.0047999999999999995795
-21,37.5,0.0016000000000000000767,0.0016000000000000000767
-20,37.5,0.0047000000000000001846,0.0047000000000000001846
-19,37.5,0.0057999999999999996003,0.0057999999999999996003
-18,37.5,0.0017999999999999999507,0.0017999999999999999507
-17,37.5,0.0067000000000000002262,0.0067000000000000002262
-16,37.5,0.011499999999999999806,0.011499999999999999806
-15,37.5,0.12460000000000000242,0.12460000000000000242
-14,37.5,0.82899999999999995914,0.82899999999999995914
-13,37.5,0.61829999999999996074,0.61829999999999996074
-12,37.5,0.73509999999999997566,0.73509999999999997566
-11,37.5,0.61829999999999996074,0.61829999999999996074
-10,37.5,0.48280000000000000693,0.48280000000000000693
-9,37.5,0.49809999999999998721,0.49809999999999998721
-8,37.5,0.66830000000000000515,0.66830000000000000515
-7,37.5,0.94230000000000002647,0.94230000000000002647
-6,37.5,0.8849000000000000199,0.8849000000000000199
-5,37.5,0.78059999999999996056,0.78059999999999996056
-4,37.5,0.45019999999999998908,0.45019999999999998908
-3,37.5,0.48949999999999999067,0.48949999999999999067
-2,37.5,0.12299999999999999822,0.12299999999999999822
-1,37.5,0.045400000000000002853,0.045400000000000002853
0,37.5,0.0067999999999999996211,0.0067999999999999996211
1,37.5,0.0016000000000000000767,0.0016000000000000000767
2,37.5,0.016699999999999999567,0.016699999999999999567
3,37.5,0.051499999999999997169,0.051499999999999997169
4,37.5,0.052600000000000000921,0.052600000000000000921
5,37.5,0.058000000000000002942,0.058000000000000002942
6,37.5,0.0044000000000000002651,0.0044000000000000002651
7,37.5,0.0027999999999999999716,0.0027999999999999999716
8,37.5,0.027400000000000000744,0.027400000000000000744
9,37.5,0.12089999999999999358,0.12089999999999999358
10,37.5,0.7072000000000000508,0.7072000000000000508
11,37.5,0.52010000000000000675,0.52010000000000000675
12,37.5,0.40689999999999998392,0.40689999999999998392
13,37.5,0.56030000000000002025,0.56030000000000002025
14,37.5,0.62829999999999996962,0.62829999999999996962
15,37.5,0.37630000000000002336,0.37630000000000002336
16,37.5,0.216499999999999998,0.216499999999999998
17,37.5,0.10639999999999999458,0.10639999999999999458
18,37.5,0.12600000000000000089,0.12600000000000000089
19,37.5,0.55159999999999997922,0.55159999999999997922
20,37.5,0.58340000000000002967,0.58340000000000002967
21,37.5,0.35130000000000000115,0.35130000000000000115
22,37.5,0.035900000000000001354,0.035900000000000001354
23,37.5,0.010500000000000000652,0.010500000000000000652
24,37.5,0.0051999999999999997613,0.0051999999999999997613
25,37.5,0.065699999999999994515,0.065699999999999994515
26,37.5,0.10380000000000000338,0.10380000000000000338
27,37.5,0.31990000000000001767,0.31990000000000001767
28,37.5,0.34379999999999999449,0.34379999999999999449
29,37.5,0.22609999999999999543,0.22609999999999999543
30,37.5,0.28830000000000000071,0.28830000000000000071
31,37.5,0.24979999999999999427,0.24979999999999999427
32,37.5,0.12320000000000000395,0.12320000000000000395
33,37.5,0.4268000000000000127,0.4268000000000000127
34,37.5,0.46550000000000002487,0.46550000000000002487
35,37.5,0.75839999999999996305,0.75839999999999996305
36,37.5,0.69889999999999996572,0.69889999999999996572
37,37.5,0.71660000000000001474,0.71660000000000001474
38,37.5,0.75970000000000004192,0.75970000000000004192
39,37.5,0.46039999999999997593,0.46039999999999997593
40,37.5,0.45419999999999999263,0.45419999999999999263
41,37.5,0.50539999999999996039,0.50539999999999996039
42,37.5,0.86629999999999995897,0.86629999999999995897
43,37.5,0.89149999999999995914,0.89149999999999995914
44,37.5,0.34589999999999998526,0.34589999999999998526
45,37.5,0.2003999999999999948,0.2003999999999999948
46,37.5,0.67989999999999994884,0.67989999999999994884
47,37.5,0.46089999999999997637,0.46089999999999997637
48,37.5,0.46270000000000000018,0.46270000000000000018
49,37.5,0.53329999999999999627,0.53329999999999999627
50,37.5,0.8063000000000000167,0.8063000000000000167
51,37.5,0.6822000000000000286,0.6822000000000000286
52,37.5,0.77790000000000003588,0.77790000000000003588
53,37.5,0.73640000000000005453,0.73640000000000005453
54,37.5,0.54900000000000004352,0.54900000000000004352
55,37.5,0.74409999999999998366,0.74409999999999998366
56,37.5,0.76680000000000003713,0.76680000000000003713
57,37.5,0.60640000000000005009,0.60640000000000005009
58,37.5,0.51959999999999995079,0.51959999999999995079
59,37.5,0.74539999999999995151,0.74539999999999995151
60,37.5,0.97479999999999999982,0.97479999999999999982
61,37.5,0.96519999999999994689,0.96519999999999994689
62,37.5,0.91180000000000005489,0.91180000000000005489
63,37.5,0.73819999999999996732,0.73819999999999996732
64,37.5,0.28780000000000000027,0.28780000000000000027
65,37.5,0.52859999999999995879,0.52859999999999995879
66,37.5,0.56100000000000005418,0.56100000000000005418
67,37.5,0.83550000000000002043,0.83550000000000002043
68,37.5,0.72099999999999997424,0.72099999999999997424
69,37.5,0.49090000000000000302,0.49090000000000000302
70,37.5,0.40020000000000000018,0.40020000000000000018
-69,38.75,0.61929999999999996163,0.61929999999999996163
-68,38.75,0.72799999999999998046,0.72799999999999998046
-67,38.75,0.96519999999999994689,0.96519999999999994689
-66,38.75,0.8295000000000000151,0.8295000000000000151
-65,38.75,0.60150000000000003464,0.60150000000000003464
-64,38.75,0.90820000000000000728,0.90820000000000000728
-63,38.75,0.85699999999999998401,0.85699999999999998401
-62,38.75,0.87519999999999997797,0.87519999999999997797
-61,38.75,0.95399999999999995914,0.95399999999999995914
-60,38.75,0.62990000000000001545,0.62990000000000001545
-59,38.75,0.26419999999999999041,0.26419999999999999041
-58,38.75,0.21360000000000001208,0.21360000000000001208
-57,38.75,0.51449999999999995737,0.51449999999999995737
-56,38.75,0.89939999999999997726,0.89939999999999997726
-55,38.75,0.86490000000000000213,0.86490000000000000213
-54,38.75,0.9526999999999999913,0.9526999999999999913
-53,38.75,0.83209999999999995079,0.83209999999999995079
-52,38.75,0.46650000000000002576,0.46650000000000002576
-51,38.75,0.14680000000000001381,0.14680000000000001381
-50,38.75,0.035099999999999999256,0.035099999999999999256
-49,38.75,0.11419999999999999596,0.11419999999999999596
-48,38.75,0.39660000000000000808,0.39660000000000000808
-47,38.75,0.95860000000000000764,0.95860000000000000764
-46,38.75,0.98839999999999994529,0.98839999999999994529
-45,38.75,0.74839999999999995417,0.74839999999999995417
-44,38.75,0.4704999999999999738,0.4704999999999999738
-43,38.75,0.5278000000000000469,0.5278000000000000469
-42,38.75,0.61990000000000000657,0.61990000000000000657
-41,38.75,0.36149999999999998801,0.36149999999999998801
-40,38.75,0.14199999999999998734,0.14199999999999998734
-39,38.75,0.82459999999999999964,0.82459999999999999964
-38,38.75,0.85860000000000002984,0.85860000000000002984
-37,38.75,0.78439999999999998614,0.78439999999999998614
-36,38.75,0.58830000000000004512,0.58830000000000004512
-35,38.75,0.43990000000000001323,0.43990000000000001323
-34,38.75,0.69710000000000005294,0.69710000000000005294
-33,38.75,0.52170000000000005258,0.52170000000000005258
-32,38.75,0.6847999999999999643,0.6847999999999999643
-31,38.75,0.4036000000000000143,0.4036000000000000143
-30,38.75,0.058299999999999997657,0.058299999999999997657
-29,38.75,0.063200000000000006173,0.063200000000000006173
-28,38.75,0.031199999999999998568,0.031199999999999998568
-27,38.75,0.038999999999999999944,0.038999999999999999944
-26,38.75,0.028500000000000001027,0.028500000000000001027
-25,38.75,0.0097000000000000002887,0.0097000000000000002887
-24,38.75,0.018399999999999999689,0.018399999999999999689
-23,38.75,0.0035000000000000000729,0.0035000000000000000729
-22,38.75,0.00080000000000000003834,0.00080000000000000003834
-21,38.75,0.0011999999999999998949,0.0011999999999999998949
-20,38.75,0.0020999999999999998702,0.0020999999999999998702
-19,38.75,0.0057999999999999996003,0.0057999999999999996003
-18,38.75,0.0054000000000000002859,0.0054000000000000002859
-17,38.75,0.037299999999999999822,0.037299999999999999822
-16,38.75,0.26690000000000002611,0.26690000000000002611
-15,38.75,0.72079999999999999627,0.72079999999999999627
-14,38.75,0.67220000000000001972,0.67220000000000001972
-13,38.75,0.89400000000000001688,0.89400000000000001688
-12,38.75,0.88409999999999999698,0.88409999999999999698
-11,38.75,0.66679999999999994831,0.66679999999999994831
-10,38.75,0.64180000000000003713,0.64180000000000003713
-9,38.75,0.78569999999999995399,0.78569999999999995399
-8,38.75,0.91630000000000000338,0.91630000000000000338
-7,38.75,0.66879999999999995008,0.66879999999999995008
-6,38.75,0.83109999999999994991,0.83109999999999994991
-5,38.75,0.78190000000000003944,0.78190000000000003944
-4,38.75,0.79800000000000004263,0.79800000000000004263
-3,38.75,0.56630000000000002558,0.56630000000000002558
-2,38.75,0.30849999999999999645,0.30849999999999999645
-1,38.75,0.097000000000000002887,0.097000000000000002887
0,38.75,0.024600000000000000339,0.024600000000000000339
1,38.75,0.040300000000000002487,0.040300000000000002487
2,38.75,0.17530000000000001137,0.17530000000000001137
3,38.75,0.221000000000000002,0.221000000000000002
4,38.75,0.20189999999999999614,0.20189999999999999614
5,38.75,0.16229999999999999982,0.16229999999999999982
6,38.75,0.067100000000000006861,0.067100000000000006861
7,38.75,0.035700000000000002565,0.035700000000000002565
8,38.75,0.031300000000000001432,0.031300000000000001432
9,38.75,0.10570000000000000229,0.10570000000000000229
10,38.75,0.28170000000000000595,0.28170000000000000595
11,38.75,0.31640000000000001457,0.31640000000000001457
12,38.75,0.46400000000000002354,0.46400000000000002354
13,38.75,0.61019999999999996465,0.61019999999999996465
14,38.75,0.54379999999999995008,0.54379999999999995008
15,38.75,0.089800000000000004818,0.089800000000000004818
16,38.75,0.068099999999999993872,0.068099999999999993872
17,38.75,0.025999999999999998807,0.025999999999999998807
18,38.75,0.043900000000000001521,0.043900000000000001521
19,38.75,0.2222999999999999976,0.2222999999999999976
20,38.75,0.21979999999999999538,0.21979999999999999538
21,38.75,0.17369999999999999329,0.17369999999999999329
22,38.75,0.1865999999999999881,0.1865999999999999881
23,38.75,0.13559999999999999831,0.13559999999999999831
24,38.75,0.069500000000000006217,0.069500000000000006217
25,38.75,0.15620000000000000551,0.15620000000000000551
26,38.75,0.036400000000000001799,0.036400000000000001799
27,38.75,0.074099999999999999201,0.074099999999999999201
28,38.75,0.18149999999999999467,0.18149999999999999467
29,38.75,0.30580000000000001625,0.30580000000000001625
30,38.75,0.12410000000000000198,0.12410000000000000198
31,38.75,0.12939999999999998725,0.12939999999999998725
32,38.75,0.10030000000000000027,0.10030000000000000027
33,38.75,0.29049999999999998046,0.29049999999999998046
34,38.75,0.57050000000000000711,0.57050000000000000711
35,38.75,0.7775999999999999579,0.7775999999999999579
36,38.75,0.82650000000000001243,0.82650000000000001243
37,38.75,0.92789999999999994706,0.92789999999999994706
38,38.75,0.78900000000000003464,0.78900000000000003464
39,38.75,0.34860000000000002096,0.34860000000000002096
40,38.75,0.32419999999999998819,0.32419999999999998819
41,38.75,0.51639999999999997016,0.51639999999999997016
42,38.75,0.54210000000000002629,0.54210000000000002629
43,38.75,0.94289999999999996039,0.94289999999999996039
44,38.75,0.53559999999999996501,0.53559999999999996501
45,38.75,0.43399999999999999689,0.43399999999999999689
46,38.75,0.71109999999999995435,0.71109999999999995435
47,38.75,0.45989999999999997549,0.45989999999999997549
48,38.75,0.44190000000000001501,0.44190000000000001501
49,38.75,0.80369999999999996998,0.80369999999999996998
50,38.75,0.83189999999999997282,0.83189999999999997282
51,38.75,0.66120000000000000995,0.66120000000000000995
52,38.75,0.80120000000000002327,0.80120000000000002327
53,38.75,0.66269999999999995577,0.66269999999999995577
54,38.75,0.45969999999999999751,0.45969999999999999751
55,38.75,0.64739999999999997549,0.64739999999999997549
56,38.75,0.76200000000000001066,0.76200000000000001066
57,38.75,0.74070000000000002505,0.74070000000000002505
58,38.75,0.73619999999999996554,0.73619999999999996554
59,38.75,0.79010000000000002451,0.79010000000000002451
60,38.75,0.88690000000000002167,0.88690000000000002167
61,38.75,0.83809999999999995612,0.83809999999999995612
62,38.75,0.80820000000000002949,0.80820000000000002949
63,38.75,0.63680000000000003268,0.63680000000000003268
64,38.75,0.40629999999999999449,0.40629999999999999449
65,38.75,0.63719999999999998863,0.63719999999999998863
66,38.75,0.79879999999999995453,0.79879999999999995453
67,38.75,0.87909999999999999254,0.87909999999999999254
68,38.75,0.76800000000000001599,0.76800000000000001599
69,38.75,0.57689999999999996838,0.57689999999999996838
70,38.75,0.50509999999999999343,0.50509999999999999343
-69,40,0.4768000000000000016,0.4768000000000000016
-68,40,0.62419999999999997708,0.62419999999999997708
-67,40,0.93249999999999999556,0.93249999999999999556
-66,40,0.89749999999999996447,0.89749999999999996447
-65,40,0.6373999999999999666,0.6373999999999999666
-64,40,0.7963999999999999968,0.7963999999999999968
-63,40,0.95940000000000003055,0.95940000000000003055
-62,40,0.94559999999999999609,0.94559999999999999609
-61,40,0.98509999999999997566,0.98509999999999997566
-60,40,0.72179999999999999716,0.72179999999999999716
-59,40,0.2677999999999999825,0.2677999999999999825
-58,40,0.20990000000000000324,0.20990000000000000324
-57,40,0.40150000000000002354,0.40150000000000002354
-56,40,0.67649999999999999023,0.67649999999999999023
-55,40,0.84989999999999998881,0.84989999999999998881
-54,40,0.89539999999999997371,0.89539999999999997371
-53,40,0.6126000000000000334,0.6126000000000000334
-52,40,0.41170000000000001039,0.41170000000000001039
-51,40,0.1259000000000000119,0.1259000000000000119
-50,40,0.04159999999999999809,0.04159999999999999809
-49,40,0.099599999999999994094,0.099599999999999994094
-48,40,0.60209999999999996856,0.60209999999999996856
-47,40,0.99699999999999999734,0.99699999999999999734
-46,40,0.98140000000000005009,0.98140000000000005009
-45,40,0.61729999999999995985,0.61729999999999995985
-44,40,0.48790000000000000036,0.48790000000000000036
-43,40,0.53610000000000002096,0.53610000000000002096
-42,40,0.5151999999999999913,0.5151999999999999913
-41,40,0.22150000000000000244,0.22150000000000000244
-40,40,0.10449999999999999567,0.10449999999999999567
-39,40,0.57040000000000001812,0.57040000000000001812
-38,40,0.63970000000000004636,0.63970000000000004636
-37,40,0.8635000000000000453,0.8635000000000000453
-36,40,0.50260000000000004672,0.50260000000000004672
-35,40,0.67149999999999998579,0.67149999999999998579
-34,40,0.61460000000000003517,0.61460000000000003517
-33,40,0.37709999999999999076,0.37709999999999999076
-32,40,0.58960000000000001297,0.58960000000000001297
-31,40,0.20050000000000001155,0.20050000000000001155
-30,40,0.070499999999999993228,0.070499999999999993228
-29,40,0.072200000000000000289,0.072200000000000000289
-28,40,0.051600000000000000033,0.051600000000000000033
-27,40,0.1088999999999999968,0.1088999999999999968
-26,40,0.050200000000000001565,0.050200000000000001565
-25,40,0.038100000000000001921,0.038100000000000001921
-24,40,0.022300000000000000377,0.022300000000000000377
-23,40,0.0030999999999999998911,0.0030999999999999998911
-22,40,0.0025999999999999998807,0.0025999999999999998807
-21,40,0.0058999999999999998626,0.0058999999999999998626
-20,40,0.0079000000000000007716,0.0079000000000000007716
-19,40,0.008300000000000000086,0.008300000000000000086
-18,40,0.0091999999999999998446,0.0091999999999999998446
-17,40,0.030900000000000000383,0.030900000000000000383
-16,40,0.71179999999999998828,0.71179999999999998828
-15,40,0.81320000000000003393,0.81320000000000003393
-14,40,0.83620000000000005436,0.83620000000000005436
-13,40,0.9356999999999999762,0.9356999999999999762
-12,40,0.94510000000000005116,0.94510000000000005116
-11,40,0.88460000000000005294,0.88460000000000005294
-10,40,0.95340000000000002522,0.95340000000000002522
-9,40,0.34279999999999999361,0.34279999999999999361
-8,40,0.19709999999999999742,0.19709999999999999742
-7,40,0.20899999999999999134,0.20899999999999999134
-6,40,0.42909999999999998144,0.42909999999999998144
-5,40,0.7385000000000000453,0.7385000000000000453
-4,40,0.43900000000000000133,0.43900000000000000133
-3,40,0.19919999999999998819,0.19919999999999998819
-2,40,0.1414999999999999869,0.1414999999999999869
-1,40,0.085099999999999995093,0.085099999999999995093
0,40,0.0625,0.0625
1,40,0.2094000000000000028,0.2094000000000000028
2,40,0.19589999999999999081,0.19589999999999999081
3,40,0.11940000000000000613,0.11940000000000000613
4,40,0.20200000000000001288,0.20200000000000001288
5,40,0.14030000000000000804,0.14030000000000000804
6,40,0.088499999999999995337,0.088499999999999995337
7,40,0.012399999999999999564,0.012399999999999999564
8,40,0.010200000000000000733,0.010200000000000000733
9,40,0.026800000000000000905,0.026800000000000000905
10,40,0.034900000000000000466,0.034900000000000000466
11,40,0.066699999999999995404,0.066699999999999995404
12,40,0.17519999999999999463,0.17519999999999999463
13,40,0.13020000000000001017,0.13020000000000001017
14,40,0.15279999999999999138,0.15279999999999999138
15,40,0.076700000000000004285,0.076700000000000004285
16,40,0.044299999999999999101,0.044299999999999999101
17,40,0.061199999999999997458,0.061199999999999997458
18,40,0.057900000000000000078,0.057900000000000000078
19,40,0.066000000000000003109,0.066000000000000003109
20,40,0.033300000000000003209,0.033300000000000003209
21,40,0.056000000000000001166,0.056000000000000001166
22,40,0.020199999999999999206,0.020199999999999999206
23,40,0.2036000000000000032,0.2036000000000000032
24,40,0.31950000000000000622,0.31950000000000000622
25,40,0.26129999999999997673,0.26129999999999997673
26,40,0.1945999999999999952,0.1945999999999999952
27,40,0.13230000000000000093,0.13230000000000000093
28,40,0.13800000000000001155,0.13800000000000001155
29,40,0.27700000000000002398,0.27700000000000002398
30,40,0.26900000000000001688,0.26900000000000001688
31,40,0.081400000000000000133,0.081400000000000000133
32,40,0.05360000000000000181,0.05360000000000000181
33,40,0.28070000000000000506,0.28070000000000000506
34,40,0.40939999999999998614,0.40939999999999998614
35,40,0.51780000000000003801,0.51780000000000003801
36,40,0.20089999999999999525,0.20089999999999999525
37,40,0.38740000000000002212,0.38740000000000002212
38,40,0.6581000000000000183,0.6581000000000000183
39,40,0.14879999999999998783,0.14879999999999998783
40,40,0.32690000000000002389,0.32690000000000002389
41,40,0.82909999999999994813,0.82909999999999994813
42,40,0.4536000000000000032,0.4536000000000000032
43,40,0.6670000000000000373,0.6670000000000000373
44,40,0.75629999999999997229,0.75629999999999997229
45,40,0.8465000000000000302,0.8465000000000000302
46,40,0.75539999999999996039,0.75539999999999996039
47,40,0.57010000000000005116,0.57010000000000005116
48,40,0.39850000000000002087,0.39850000000000002087
49,40,0.88660000000000005471,0.88660000000000005471
50,40,0.90500000000000002665,0.90500000000000002665
51,40,0.79790000000000005365,0.79790000000000005365
52,40,0.91000000000000003109,0.91000000000000003109
53,40,0.8518000000000000016,0.8518000000000000016
54,40,0.42349999999999998757,0.42349999999999998757
55,40,0.42740000000000000213,0.42740000000000000213
56,40,0.57199999999999995293,0.57199999999999995293
57,40,0.72960000000000002629,0.72960000000000002629
58,40,0.84509999999999996234,0.84509999999999996234
59,40,0.8777000000000000357,0.8777000000000000357
60,40,0.82450000000000001066,0.82450000000000001066
61,40,0.68379999999999996341,0.68379999999999996341
62,40,0.830400000000000027,0.830400000000000027
63,40,0.81789999999999996039,0.81789999999999996039
64,40,0.63800000000000001155,0.63800000000000001155
65,40,0.6856999999999999762,0.6856999999999999762
66,40,0.94640000000000001901,0.94640000000000001901
67,40,0.94669999999999998597,0.94669999999999998597
68,40,0.78090000000000003855,0.78090000000000003855
69,40,0.78459999999999996412,0.78459999999999996412
70,40,0.73370000000000001883,0.73370000000000001883
-69,41.25,0.38080000000000002736,0.38080000000000002736
-68,41.25,0.54849999999999998757,0.54849999999999998757
-67,41.25,0.87450000000000005507,0.87450000000000005507
-66,41.25,0.94359999999999999432,0.94359999999999999432
-65,41.25,0.80469999999999997087,0.80469999999999997087
-64,41.25,0.84550000000000002931,0.84550000000000002931
-63,41.25,0.99180000000000001492,0.99180000000000001492
-62,41.25,0.96379999999999999005,0.96379999999999999005
-61,41.25,0.98619999999999996554,0.98619999999999996554
-60,41.25,0.75060000000000004494,0.75060000000000004494
-59,41.25,0.33910000000000001252,0.33910000000000001252
-58,41.25,0.22090000000000001301,0.22090000000000001301
-57,41.25,0.38529999999999997584,0.38529999999999997584
-56,41.25,0.68789999999999995595,0.68789999999999995595
-55,41.25,0.83309999999999995168,0.83309999999999995168
-54,41.25,0.84850000000000003197,0.84850000000000003197
-53,41.25,0.58020000000000004903,0.58020000000000004903
-52,41.25,0.37569999999999997842,0.37569999999999997842
-51,41.25,0.08300000000000000433,0.08300000000000000433
-50,41.25,0.036400000000000001799,0.036400000000000001799
-49,41.25,0.061300000000000000322,0.061300000000000000322
-48,41.25,0.54090000000000004743,0.54090000000000004743
-47,41.25,0.89180000000000003713,0.89180000000000003713
-46,41.25,0.90539999999999998259,0.90539999999999998259
-45,41.25,0.72709999999999996856,0.72709999999999996856
-44,41.25,0.7268000000000000016,0.7268000000000000016
-43,41.25,0.34379999999999999449,0.34379999999999999449
-42,41.25,0.32990000000000002656,0.32990000000000002656
-41,41.25,0.26079999999999997629,0.26079999999999997629
-40,41.25,0.26919999999999999485,0.26919999999999999485
-39,41.25,0.52280000000000004245,0.52280000000000004245
-38,41.25,0.46410000000000001252,0.46410000000000001252
-37,41.25,0.80920000000000003038,0.80920000000000003038
-36,41.25,0.78059999999999996056,0.78059999999999996056
-35,41.25,0.73109999999999997211,0.73109999999999997211
-34,41.25,0.60729999999999995097,0.60729999999999995097
-33,41.25,0.36270000000000002238,0.36270000000000002238
-32,41.25,0.29589999999999999636,0.29589999999999999636
-31,41.25,0.14280000000000001026,0.14280000000000001026
-30,41.25,0.087199999999999999734,0.087199999999999999734
-29,41.25,0.061699999999999997902,0.061699999999999997902
-28,41.25,0.076700000000000004285,0.076700000000000004285
-27,41.25,0.089999999999999996669,0.089999999999999996669
-26,41.25,0.070499999999999993228,0.070499999999999993228
-25,41.25,0.098799999999999998934,0.098799999999999998934
-24,41.25,0.039600000000000003253,0.039600000000000003253
-23,41.25,0.012300000000000000169,0.012300000000000000169
-22,41.25,0.0097000000000000002887,0.0097000000000000002887
-21,41.25,0.0092999999999999992395,0.0092999999999999992395
-20,41.25,0.0035000000000000000729,0.0035000000000000000729
-19,41.25,0.0064999999999999997016,0.0064999999999999997016
-18,41.25,0.0073000000000000000652,0.0073000000000000000652
-17,41.25,0.032000000000000000666,0.032000000000000000666
-16,41.25,0.22909999999999999809,0.22909999999999999809
-15,41.25,0.60419999999999995932,0.60419999999999995932
-14,41.25,0.96150000000000002132,0.96150000000000002132
-13,41.25,0.93459999999999998632,0.93459999999999998632
-12,41.25,0.84130000000000004778,0.84130000000000004778
-11,41.25,0.88539999999999996483,0.88539999999999996483
-10,41.25,0.38169999999999998375,0.38169999999999998375
-9,41.25,0.050099999999999998701,0.050099999999999998701
-8,41.25,0.071400000000000005129,0.071400000000000005129
-7,41.25,0.10489999999999999325,0.10489999999999999325
-6,41.25,0.35210000000000002407,0.35210000000000002407
-5,41.25,0.60189999999999999059,0.60189999999999999059
-4,41.25,0.19509999999999999565,0.19509999999999999565
-3,41.25,0.063799999999999995604,0.063799999999999995604
-2,41.25,0.049599999999999998257,0.049599999999999998257
-1,41.25,0.050000000000000002776,0.050000000000000002776
0,41.25,0.048099999999999996925,0.048099999999999996925
1,41.25,0.10330000000000000293,0.10330000000000000293
2,41.25,0.089099999999999998646,0.089099999999999998646
3,41.25,0.031699999999999999012,0.031699999999999999012
4,41.25,0.032000000000000000666,0.032000000000000000666
5,41.25,0.090800000000000005707,0.090800000000000005707
6,41.25,0.14410000000000000586,0.14410000000000000586
7,41.25,0.02089999999999999844,0.02089999999999999844
8,41.25,0.011299999999999999281,0.011299999999999999281
9,41.25,0.038800000000000001155,0.038800000000000001155
10,41.25,0.041000000000000001721,0.041000000000000001721
11,41.25,0.030499999999999999334,0.030499999999999999334
12,41.25,0.014699999999999999525,0.014699999999999999525
13,41.25,0.067599999999999993427,0.067599999999999993427
14,41.25,0.35539999999999999369,0.35539999999999999369
15,41.25,0.24929999999999999383,0.24929999999999999383
16,41.25,0.095899999999999999134,0.095899999999999999134
17,41.25,0.053900000000000003464,0.053900000000000003464
18,41.25,0.076899999999999996136,0.076899999999999996136
19,41.25,0.086999999999999994005,0.086999999999999994005
20,41.25,0.10430000000000000382,0.10430000000000000382
21,41.25,0.11029999999999999527,0.11029999999999999527
22,41.25,0.18759999999999998899,0.18759999999999998899
23,41.25,0.13469999999999998641,0.13469999999999998641
24,41.25,0.38129999999999997229,0.38129999999999997229
25,41.25,0.3643000000000000127,0.3643000000000000127
26,41.25,0.60850000000000004086,0.60850000000000004086
27,41.25,0.19089999999999998637,0.19089999999999998637
28,41.25,0.22539999999999998925,0.22539999999999998925
29,41.25,0.31890000000000001679,0.31890000000000001679
30,41.25,0.35489999999999999325,0.35489999999999999325
31,41.25,0.4668999999999999817,0.4668999999999999817
32,41.25,0.13000000000000000444,0.13000000000000000444
33,41.25,0.1633999999999999897,0.1633999999999999897
34,41.25,0.12180000000000000548,0.12180000000000000548
35,41.25,0.06289999999999999758,0.06289999999999999758
36,41.25,0.038399999999999996636,0.038399999999999996636
37,41.25,0.048399999999999998579,0.048399999999999998579
38,41.25,0.26279999999999997806,0.26279999999999997806
39,41.25,0.049399999999999999467,0.049399999999999999467
40,41.25,0.14469999999999999529,0.14469999999999999529
41,41.25,0.87870000000000003659,0.87870000000000003659
42,41.25,0.70289999999999996927,0.70289999999999996927
43,41.25,0.93940000000000001279,0.93940000000000001279
44,41.25,0.90980000000000005311,0.90980000000000005311
45,41.25,0.77210000000000000853,0.77210000000000000853
46,41.25,0.90849999999999997424,0.90849999999999997424
47,41.25,0.62129999999999996341,0.62129999999999996341
48,41.25,0.61229999999999995541,0.61229999999999995541
49,41.25,0.97880000000000000338,0.97880000000000000338
50,41.25,0.83230000000000003979,0.83230000000000003979
51,41.25,0.84819999999999995399,0.84819999999999995399
52,41.25,0.86939999999999995062,0.86939999999999995062
53,41.25,0.94130000000000002558,0.94130000000000002558
54,41.25,0.54979999999999995541,0.54979999999999995541
55,41.25,0.31940000000000001723,0.31940000000000001723
56,41.25,0.35530000000000000471,0.35530000000000000471
57,41.25,0.67720000000000002416,0.67720000000000002416
58,41.25,0.92679999999999995719,0.92679999999999995719
59,41.25,0.6893000000000000238,0.6893000000000000238
60,41.25,0.74199999999999999289,0.74199999999999999289
61,41.25,0.70199999999999995737,0.70199999999999995737
62,41.25,0.95160000000000000142,0.95160000000000000142
63,41.25,0.98419999999999996376,0.98419999999999996376
64,41.25,0.9124999999999999778,0.9124999999999999778
65,41.25,0.77659999999999995701,0.77659999999999995701
66,41.25,0.89629999999999998561,0.89629999999999998561
67,41.25,0.85319999999999995843,0.85319999999999995843
68,41.25,0.84379999999999999449,0.84379999999999999449
69,41.25,0.91129999999999999893,0.91129999999999999893
70,41.25,0.70020000000000004459,0.70020000000000004459
-69,42.5,0.41909999999999997256,0.41909999999999997256
-68,42.5,0.56940000000000001723,0.56940000000000001723
-67,42.5,0.82079999999999997407,0.82079999999999997407
-66,42.5,0.94510000000000005116,0.94510000000000005116
-65,42.5,0.89459999999999995079,0.89459999999999995079
-64,42.5,0.89959999999999995524,0.89959999999999995524
-63,42.5,0.99439999999999995062,0.99439999999999995062
-62,42.5,0.96950000000000002842,0.96950000000000002842
-61,42.5,0.97740000000000004654,0.97740000000000004654
-60,42.5,0.7920000000000000373,0.7920000000000000373
-59,42.5,0.42620000000000002327,0.42620000000000002327
-58,42.5,0.24679999999999999161,0.24679999999999999161
-57,42.5,0.36909999999999998366,0.36909999999999998366
-56,42.5,0.66979999999999995097,0.66979999999999995097
-55,42.5,0.81079999999999996518,0.81079999999999996518
-54,42.5,0.83430000000000004157,0.83430000000000004157
-53,42.5,0.68979999999999996874,0.68979999999999996874
-52,42.5,0.26019999999999998685,0.26019999999999998685
-51,42.5,0.037999999999999999056,0.037999999999999999056
-50,42.5,0.017200000000000000011,0.017200000000000000011
-49,42.5,0.0384999999999999995,0.0384999999999999995
-48,42.5,0.36609999999999998099,0.36609999999999998099
-47,42.5,0.8688000000000000167,0.8688000000000000167
-46,42.5,0.89000000000000001332,0.89000000000000001332
-45,42.5,0.89580000000000004068,0.89580000000000004068
-44,42.5,0.54949999999999998845,0.54949999999999998845
-43,42.5,0.22029999999999999583,0.22029999999999999583
-42,42.5,0.28370000000000000773,0.28370000000000000773
-41,42.5,0.42320000000000002061,0.42320000000000002061
-40,42.5,0.67130000000000000782,0.67130000000000000782
-39,42.5,0.72399999999999997691,0.72399999999999997691
-38,42.5,0.58499999999999996447,0.58499999999999996447
-37,42.5,0.90190000000000003499,0.90190000000000003499
-36,42.5,0.839199999999999946,0.839199999999999946
-35,42.5,0.6590000000000000302,0.6590000000000000302
-34,42.5,0.51649999999999995914,0.51649999999999995914
-33,42.5,0.28289999999999998481,0.28289999999999998481
-32,42.5,0.23360000000000000209,0.23360000000000000209
-31,42.5,0.14990000000000000546,0.14990000000000000546
-30,42.5,0.12139999999999999403,0.12139999999999999403
-29,42.5,0.061300000000000000322,0.061300000000000000322
-28,42.5,0.094700000000000006395,0.094700000000000006395
-27,42.5,0.061600000000000001976,0.061600000000000001976
-26,42.5,0.0567000000000000004,0.0567000000000000004
-25,42.5,0.18479999999999999205,0.18479999999999999205
-24,42.5,0.23080000000000000515,0.23080000000000000515
-23,42.5,0.19129999999999999782,0.19129999999999999782
-22,42.5,0.051799999999999998823,0.051799999999999998823
-21,42.5,0.017399999999999998801,0.017399999999999998801
-20,42.5,0.0088999999999999999251,0.0088999999999999999251
-19,42.5,0.0065999999999999999639,0.0065999999999999999639
-18,42.5,0.017899999999999999245,0.017899999999999999245
-17,42.5,0.052200000000000003342,0.052200000000000003342
-16,42.5,0.17039999999999999591,0.17039999999999999591
-15,42.5,0.79420000000000001705,0.79420000000000001705
-14,42.5,0.89719999999999999751,0.89719999999999999751
-13,42.5,0.78879999999999994564,0.78879999999999994564
-12,42.5,0.49070000000000002505,0.49070000000000002505
-11,42.5,0.43280000000000001803,0.43280000000000001803
-10,42.5,0.12640000000000001235,0.12640000000000001235
-9,42.5,0.052600000000000000921,0.052600000000000000921
-8,42.5,0.048199999999999999789,0.048199999999999999789
-7,42.5,0.19769999999999998685,0.19769999999999998685
-6,42.5,0.83230000000000003979,0.83230000000000003979
-5,42.5,0.32790000000000002478,0.32790000000000002478
-4,42.5,0.081600000000000005862,0.081600000000000005862
-3,42.5,0.045199999999999997125,0.045199999999999997125
-2,42.5,0.046899999999999997247,0.046899999999999997247
-1,42.5,0.050200000000000001565,0.050200000000000001565
0,42.5,0.026100000000000001671,0.026100000000000001671
1,42.5,0.052900000000000002576,0.052900000000000002576
2,42.5,0.11479999999999999927,0.11479999999999999927
3,42.5,0.090399999999999994249,0.090399999999999994249
4,42.5,0.053300000000000000155,0.053300000000000000155
5,42.5,0.13189999999999998948,0.13189999999999998948
6,42.5,0.12039999999999999314,0.12039999999999999314
7,42.5,0.076100000000000000977,0.076100000000000000977
8,42.5,0.027199999999999998485,0.027199999999999998485
9,42.5,0.02089999999999999844,0.02089999999999999844
10,42.5,0.02069999999999999965,0.02069999999999999965
11,42.5,0.0013999999999999999858,0.0013999999999999999858
12,42.5,0.0027999999999999999716,0.0027999999999999999716
13,42.5,0.068900000000000002909,0.068900000000000002909
14,42.5,0.078799999999999995048,0.078799999999999995048
15,42.5,0.050400000000000000355,0.050400000000000000355
16,42.5,0.048599999999999997369,0.048599999999999997369
17,42.5,0.094799999999999995381,0.094799999999999995381
18,42.5,0.17699999999999999067,0.17699999999999999067
19,42.5,0.158500000000000002,0.158500000000000002
20,42.5,0.1723000000000000087,0.1723000000000000087
21,42.5,0.17210000000000000298,0.17210000000000000298
22,42.5,0.14929999999999998828,0.14929999999999998828
23,42.5,0.13519999999999998685,0.13519999999999998685
24,42.5,0.25309999999999999165,0.25309999999999999165
25,42.5,0.31469999999999997975,0.31469999999999997975
26,42.5,0.34079999999999999183,0.34079999999999999183
27,42.5,0.39989999999999997771,0.39989999999999997771
28,42.5,0.27600000000000002309,0.27600000000000002309
29,42.5,0.22780000000000000249,0.22780000000000000249
30,42.5,0.53800000000000003375,0.53800000000000003375
31,42.5,0.50970000000000004192,0.50970000000000004192
32,42.5,0.26109999999999999876,0.26109999999999999876
33,42.5,0.19159999999999999254,0.19159999999999999254
34,42.5,0.049399999999999999467,0.049399999999999999467
35,42.5,0.030399999999999999939,0.030399999999999999939
36,42.5,0.0073000000000000000652,0.0073000000000000000652
37,42.5,0.016400000000000001382,0.016400000000000001382
38,42.5,0.053900000000000003464,0.053900000000000003464
39,42.5,0.058500000000000003386,0.058500000000000003386
40,42.5,0.060900000000000002742,0.060900000000000002742
41,42.5,0.58289999999999997371,0.58289999999999997371
42,42.5,0.88109999999999999432,0.88109999999999999432
43,42.5,0.53529999999999999805,0.53529999999999999805
44,42.5,0.61809999999999998277,0.61809999999999998277
45,42.5,0.63970000000000004636,0.63970000000000004636
46,42.5,0.98250000000000003997,0.98250000000000003997
47,42.5,0.8731999999999999762,0.8731999999999999762
48,42.5,0.88380000000000003002,0.88380000000000003002
49,42.5,0.99739999999999995328,0.99739999999999995328
50,42.5,0.97279999999999999805,0.97279999999999999805
51,42.5,0.95220000000000004636,0.95220000000000004636
52,42.5,0.87639999999999995683,0.87639999999999995683
53,42.5,0.83330000000000004068,0.83330000000000004068
54,42.5,0.69479999999999997318,0.69479999999999997318
55,42.5,0.36380000000000001226,0.36380000000000001226
56,42.5,0.35389999999999999236,0.35389999999999999236
57,42.5,0.47970000000000001528,0.47970000000000001528
58,42.5,0.81620000000000003659,0.81620000000000003659
59,42.5,0.58209999999999995079,0.58209999999999995079
60,42.5,0.53590000000000004299,0.53590000000000004299
61,42.5,0.60589999999999999414,0.60589999999999999414
62,42.5,0.9331000000000000405,0.9331000000000000405
63,42.5,0.99170000000000002593,0.99170000000000002593
64,42.5,0.95730000000000003979,0.95730000000000003979
65,42.5,0.80089999999999994529,0.80089999999999994529
66,42.5,0.7391999999999999682,0.7391999999999999682
67,42.5,0.59640000000000004121,0.59640000000000004121
68,42.5,0.75880000000000003002,0.75880000000000003002
69,42.5,0.86670000000000002593,0.86670000000000002593
70,42.5,0.74250000000000004885,0.74250000000000004885
-69,43.75,0.52029999999999998472,0.52029999999999998472
-68,43.75,0.58699999999999996625,0.58699999999999996625
-67,43.75,0.88880000000000003446,0.88880000000000003446
-66,43.75,0.92989999999999994884,0.92989999999999994884
-65,43.75,0.85860000000000002984,0.85860000000000002984
-64,43.75,0.9402000000000000357,0.9402000000000000357
-63,43.75,0.99039999999999994706,0.99039999999999994706
-62,43.75,0.99639999999999995239,0.99639999999999995239
-61,43.75,0.98350000000000004086,0.98350000000000004086
-60,43.75,0.81950000000000000622,0.81950000000000000622
-59,43.75,0.5554000000000000048,0.5554000000000000048
-58,43.75,0.34129999999999999227,0.34129999999999999227
-57,43.75,0.34350000000000002753,0.34350000000000002753
-56,43.75,0.63690000000000002167,0.63690000000000002167
-55,43.75,0.92120000000000001883,0.92120000000000001883
-54,43.75,0.85289999999999999147,0.85289999999999999147
-53,43.75,0.58250000000000001776,0.58250000000000001776
-52,43.75,0.19089999999999998637,0.19089999999999998637
-51,43.75,0.028000000000000000583,0.028000000000000000583
-50,43.75,0.016099999999999999728,0.016099999999999999728
-49,43.75,0.039199999999999998734,0.039199999999999998734
-48,43.75,0.36220000000000002194,0.36220000000000002194
-47,43.75,0.91259999999999996678,0.91259999999999996678
-46,43.75,0.97809999999999996945,0.97809999999999996945
-45,43.75,0.96209999999999995524,0.96209999999999995524
-44,43.75,0.32050000000000000711,0.32050000000000000711
-43,43.75,0.24729999999999999205,0.24729999999999999205
-42,43.75,0.46479999999999999094,0.46479999999999999094
-41,43.75,0.69420000000000003926,0.69420000000000003926
-40,43.75,0.90880000000000005222,0.90880000000000005222
-39,43.75,0.81420000000000003482,0.81420000000000003482
-38,43.75,0.85470000000000001528,0.85470000000000001528
-37,43.75,0.54149999999999998135,0.54149999999999998135
-36,43.75,0.66500000000000003553,0.66500000000000003553
-35,43.75,0.75800000000000000711,0.75800000000000000711
-34,43.75,0.48880000000000001226,0.48880000000000001226
-33,43.75,0.18310000000000001275,0.18310000000000001275
-32,43.75,0.24160000000000000919,0.24160000000000000919
-31,43.75,0.34350000000000002753,0.34350000000000002753
-30,43.75,0.37249999999999999778,0.37249999999999999778
-29,43.75,0.21560000000000001386,0.21560000000000001386
-28,43.75,0.21940000000000001168,0.21940000000000001168
-27,43.75,0.10459999999999999853,0.10459999999999999853
-26,43.75,0.057799999999999997213,0.057799999999999997213
-25,43.75,0.14089999999999999747,0.14089999999999999747
-24,43.75,0.74660000000000004139,0.74660000000000004139
-23,43.75,0.47639999999999999014,0.47639999999999999014
-22,43.75,0.30449999999999999289,0.30449999999999999289
-21,43.75,0.38219999999999998419,0.38219999999999998419
-20,43.75,0.053699999999999997735,0.053699999999999997735
-19,43.75,0.066600000000000006417,0.066600000000000006417
-18,43.75,0.2142999999999999905,0.2142999999999999905
-17,43.75,0.27369999999999999885,0.27369999999999999885
-16,43.75,0.50129999999999996785,0.50129999999999996785
-15,43.75,0.92879999999999995897,0.92879999999999995897
-14,43.75,0.92830000000000001403,0.92830000000000001403
-13,43.75,0.86450000000000004619,0.86450000000000004619
-12,43.75,0.79910000000000003251,0.79910000000000003251
-11,43.75,0.50170000000000003482,0.50170000000000003482
-10,43.75,0.13830000000000000626,0.13830000000000000626
-9,43.75,0.10699999999999999789,0.10699999999999999789
-8,43.75,0.33090000000000002744,0.33090000000000002744
-7,43.75,0.78210000000000001741,0.78210000000000001741
-6,43.75,0.6500000000000000222,0.6500000000000000222
-5,43.75,0.27529999999999998916,0.27529999999999998916
-4,43.75,0.12889999999999998681,0.12889999999999998681
-3,43.75,0.058299999999999997657,0.058299999999999997657
-2,43.75,0.023699999999999998845,0.023699999999999998845
-1,43.75,0.019599999999999999367,0.019599999999999999367
0,43.75,0.0067999999999999996211,0.0067999999999999996211
1,43.75,0.007700000000000000247,0.007700000000000000247
2,43.75,0.028000000000000000583,0.028000000000000000583
3,43.75,0.058099999999999998868,0.058099999999999998868
4,43.75,0.14510000000000000675,0.14510000000000000675
5,43.75,0.10899999999999999967,0.10899999999999999967
6,43.75,0.11020000000000000628,0.11020000000000000628
7,43.75,0.13430000000000000271,0.13430000000000000271
8,43.75,0.10499999999999999611,0.10499999999999999611
9,43.75,0.026100000000000001671,0.026100000000000001671
10,43.75,0.009599999999999999159,0.009599999999999999159
11,43.75,0.032000000000000000666,0.032000000000000000666
12,43.75,0.016099999999999999728,0.016099999999999999728
13,43.75,0.067400000000000001577,0.067400000000000001577
14,43.75,0.098799999999999998934,0.098799999999999998934
15,43.75,0.045699999999999997569,0.045699999999999997569
16,43.75,0.049500000000000002331,0.049500000000000002331
17,43.75,0.040099999999999996758,0.040099999999999996758
18,43.75,0.034599999999999998812,0.034599999999999998812
19,43.75,0.18900000000000000133,0.18900000000000000133
20,43.75,0.49849999999999999867,0.49849999999999999867
21,43.75,0.37650000000000000133,0.37650000000000000133
22,43.75,0.17790000000000000258,0.17790000000000000258
23,43.75,0.36089999999999999858,0.36089999999999999858
24,43.75,0.2838999999999999857,0.2838999999999999857
25,43.75,0.17849999999999999201,0.17849999999999999201
26,43.75,0.31180000000000002158,0.31180000000000002158
27,43.75,0.19609999999999999654,0.19609999999999999654
28,43.75,0.082100000000000006306,0.082100000000000006306
29,43.75,0.15440000000000000946,0.15440000000000000946
30,43.75,0.48230000000000000648,0.48230000000000000648
31,43.75,0.74509999999999998455,0.74509999999999998455
32,43.75,0.55710000000000003961,0.55710000000000003961
33,43.75,0.16439999999999999059,0.16439999999999999059
34,43.75,0.025499999999999998362,0.025499999999999998362
35,43.75,0.010600000000000000047,0.010600000000000000047
36,43.75,0.010600000000000000047,0.010600000000000000047
37,43.75,0.0055999999999999999431,0.0055999999999999999431
38,43.75,0.0080000000000000001665,0.0080000000000000001665
39,43.75,0.010600000000000000047,0.010600000000000000047
40,43.75,0.02999999999999999889,0.02999999999999999889
41,43.75,0.60660000000000002807,0.60660000000000002807
42,43.75,0.71209999999999995524,0.71209999999999995524
43,43.75,0.58030000000000003801,0.58030000000000003801
44,43.75,0.81259999999999998899,0.81259999999999998899
45,43.75,0.75749999999999995115,0.75749999999999995115
46,43.75,0.94059999999999999165,0.94059999999999999165
47,43.75,0.85680000000000000604,0.85680000000000000604
48,43.75,0.92179999999999995275,0.92179999999999995275
49,43.75,0.98780000000000001137,0.98780000000000001137
50,43.75,0.99629999999999996341,0.99629999999999996341
51,43.75,0.97270000000000000906,0.97270000000000000906
52,43.75,0.94820000000000004281,0.94820000000000004281
53,43.75,0.8025999999999999801,0.8025999999999999801
54,43.75,0.58030000000000003801,0.58030000000000003801
55,43.75,0.38579999999999997629,0.38579999999999997629
56,43.75,0.35839999999999999636,0.35839999999999999636
57,43.75,0.40139999999999997904,0.40139999999999997904
58,43.75,0.74529999999999996252,0.74529999999999996252
59,43.75,0.65100000000000002309,0.65100000000000002309
60,43.75,0.49969999999999997753,0.49969999999999997753
61,43.75,0.53949999999999997957,0.53949999999999997957
62,43.75,0.81289999999999995595,0.81289999999999995595
63,43.75,0.973300000000000054,0.973300000000000054
64,43.75,0.93110000000000003872,0.93110000000000003872
65,43.75,0.85080000000000000071,0.85080000000000000071
66,43.75,0.6633999999999999897,0.6633999999999999897
67,43.75,0.53080000000000004956,0.53080000000000004956
68,43.75,0.82179999999999997495,0.82179999999999997495
69,43.75,0.76390000000000002345,0.76390000000000002345
70,43.75,0.89770000000000005347,0.89770000000000005347
-69,45,0.65559999999999996056,0.65559999999999996056
-68,45,0.63519999999999998685,0.63519999999999998685
-67,45,0.94150000000000000355,0.94150000000000000355
-66,45,0.94259999999999999343,0.94259999999999999343
-65,45,0.86029999999999995364,0.86029999999999995364
-64,45,0.919599999999999973,0.919599999999999973
-63,45,0.95150000000000001243,0.95150000000000001243
-62,45,0.90490000000000003766,0.90490000000000003766
-61,45,0.97889999999999999236,0.97889999999999999236
-60,45,0.79359999999999997211,0.79359999999999997211
-59,45,0.60060000000000002274,0.60060000000000002274
-58,45,0.4813000000000000056,0.4813000000000000056
-57,45,0.38050000000000000488,0.38050000000000000488
-56,45,0.63539999999999996483,0.63539999999999996483
-55,45,0.96579999999999999183,0.96579999999999999183
-54,45,0.81840000000000001634,0.81840000000000001634
-53,45,0.55859999999999998543,0.55859999999999998543
-52,45,0.13230000000000000093,0.13230000000000000093
-51,45,0.016299999999999998518,0.016299999999999998518
-50,45,0.012200000000000000774,0.012200000000000000774
-49,45,0.070400000000000004241,0.070400000000000004241
-48,45,0.5278000000000000469,0.5278000000000000469
-47,45,0.90500000000000002665,0.90500000000000002665
-46,45,0.86690000000000000391,0.86690000000000000391
-45,45,0.61760000000000003784,0.61760000000000003784
-44,45,0.21749999999999999889,0.21749999999999999889
-43,45,0.24149999999999999245,0.24149999999999999245
-42,45,0.54669999999999996376,0.54669999999999996376
-41,45,0.53100000000000002753,0.53100000000000002753
-40,45,0.65829999999999999627,0.65829999999999999627
-39,45,0.72160000000000001918,0.72160000000000001918
-38,45,0.96060000000000000941,0.96060000000000000941
-37,45,0.49059999999999998055,0.49059999999999998055
-36,45,0.63470000000000004192,0.63470000000000004192
-35,45,0.68320000000000002949,0.68320000000000002949
-34,45,0.47910000000000002585,0.47910000000000002585
-33,45,0.17860000000000000875,0.17860000000000000875
-32,45,0.12389999999999999625,0.12389999999999999625
-31,45,0.28499999999999997558,0.28499999999999997558
-30,45,0.22930000000000000382,0.22930000000000000382
-29,45,0.10480000000000000426,0.10480000000000000426
-28,45,0.15090000000000000635,0.15090000000000000635
-27,45,0.093299999999999994049,0.093299999999999994049
-26,45,0.010699999999999999442,0.010699999999999999442
-25,45,0.072599999999999997868,0.072599999999999997868
-24,45,0.45639999999999997238,0.45639999999999997238
-23,45,0.25140000000000001235,0.25140000000000001235
-22,45,0.11000000000000000056,0.11000000000000000056
-21,45,0.25369999999999998108,0.25369999999999998108
-20,45,0.53410000000000001918,0.53410000000000001918
-19,45,0.30559999999999998277,0.30559999999999998277
-18,45,0.79320000000000001616,0.79320000000000001616
-17,45,0.58879999999999999005,0.58879999999999999005
-16,45,0.38250000000000000666,0.38250000000000000666
-15,45,0.53529999999999999805,0.53529999999999999805
-14,45,0.76070000000000004281,0.76070000000000004281
-13,45,0.67020000000000001794,0.67020000000000001794
-12,45,0.53429999999999999716,0.53429999999999999716
-11,45,0.37719999999999997975,0.37719999999999997975
-10,45,0.29670000000000001927,0.29670000000000001927
-9,45,0.33350000000000001865,0.33350000000000001865
-8,45,0.66029999999999999805,0.66029999999999999805
-7,45,0.93330000000000001847,0.93330000000000001847
-6,45,0.65820000000000000728,0.65820000000000000728
-5,45,0.46629999999999999227,0.46629999999999999227
-4,45,0.27720000000000000195,0.27720000000000000195
-3,45,0.13109999999999999432,0.13109999999999999432
-2,45,0.061999999999999999556,0.061999999999999999556
-1,45,0.0088000000000000005301,0.0088000000000000005301
0,45,0.0020999999999999998702,0.0020999999999999998702
1,45,0.0025999999999999998807,0.0025999999999999998807
2,45,0.0051000000000000003664,0.0051000000000000003664
3,45,0.022900000000000000216,0.022900000000000000216
4,45,0.051600000000000000033,0.051600000000000000033
5,45,0.041000000000000001721,0.041000000000000001721
6,45,0.044999999999999998335,0.044999999999999998335
7,45,0.037100000000000001033,0.037100000000000001033
8,45,0.030099999999999998285,0.030099999999999998285
9,45,0.047300000000000001765,0.047300000000000001765
10,45,0.021100000000000000699,0.021100000000000000699
11,45,0.050999999999999996725,0.050999999999999996725
12,45,0.022999999999999999611,0.022999999999999999611
13,45,0.047800000000000002209,0.047800000000000002209
14,45,0.0653999999999999998,0.0653999999999999998
15,45,0.033200000000000000344,0.033200000000000000344
16,45,0.012900000000000000008,0.012900000000000000008
17,45,0.020299999999999998601,0.020299999999999998601
18,45,0.037999999999999999056,0.037999999999999999056
19,45,0.58689999999999997726,0.58689999999999997726
20,45,0.10970000000000000584,0.10970000000000000584
21,45,0.43049999999999999378,0.43049999999999999378
22,45,0.24799999999999999822,0.24799999999999999822
23,45,0.34449999999999997291,0.34449999999999997291
24,45,0.66510000000000002451,0.66510000000000002451
25,45,0.14969999999999999973,0.14969999999999999973
26,45,0.59950000000000003286,0.59950000000000003286
27,45,0.15659999999999998921,0.15659999999999998921
28,45,0.030099999999999998285,0.030099999999999998285
29,45,0.094399999999999997802,0.094399999999999997802
30,45,0.35680000000000000604,0.35680000000000000604
31,45,0.53149999999999997247,0.53149999999999997247
32,45,0.29230000000000000426,0.29230000000000000426
33,45,0.21679999999999999272,0.21679999999999999272
34,45,0.085999999999999993117,0.085999999999999993117
35,45,0.016400000000000001382,0.016400000000000001382
36,45,0.0094000000000000003691,0.0094000000000000003691
37,45,0.0044000000000000002651,0.0044000000000000002651
38,45,0.0053000000000000000236,0.0053000000000000000236
39,45,0.0298000000000000001,0.0298000000000000001
40,45,0.0355999999999999997,0.0355999999999999997
41,45,0.3250000000000000111,0.3250000000000000111
42,45,0.25040000000000001146,0.25040000000000001146
43,45,0.35920000000000001927,0.35920000000000001927
44,45,0.74680000000000001936,0.74680000000000001936
45,45,0.96519999999999994689,0.96519999999999994689
46,45,0.92120000000000001883,0.92120000000000001883
47,45,0.99299999999999999378,0.99299999999999999378
48,45,0.92640000000000000124,0.92640000000000000124
49,45,0.97019999999999995133,0.97019999999999995133
50,45,0.98939999999999994618,0.98939999999999994618
51,45,0.98770000000000002238,0.98770000000000002238
52,45,0.93549999999999999822,0.93549999999999999822
53,45,0.73799999999999998934,0.73799999999999998934
54,45,0.42970000000000002638,0.42970000000000002638
55,45,0.18570000000000000395,0.18570000000000000395
56,45,0.28199999999999997291,0.28199999999999997291
57,45,0.39169999999999999263,0.39169999999999999263
58,45,0.63370000000000004103,0.63370000000000004103
59,45,0.74590000000000000746,0.74590000000000000746
60,45,0.53920000000000001261,0.53920000000000001261
61,45,0.43709999999999998854,0.43709999999999998854
62,45,0.7472999999999999643,0.7472999999999999643
63,45,0.96199999999999996625,0.96199999999999996625
64,45,0.79700000000000004174,0.79700000000000004174
65,45,0.93989999999999995772,0.93989999999999995772
66,45,0.81149999999999999911,0.81149999999999999911
67,45,0.68679999999999996607,0.68679999999999996607
68,45,0.81240000000000001101,0.81240000000000001101
69,45,0.72509999999999996678,0.72509999999999996678
70,45,0.64490000000000002878,0.64490000000000002878
-69,46.25,0.74529999999999996252,0.74529999999999996252
-68,46.25,0.83240000000000002878,0.83240000000000002878
-67,46.25,0.97650000000000003464,0.97650000000000003464
-66,46.25,0.98709999999999997744,0.98709999999999997744
-65,46.25,0.95589999999999997193,0.95589999999999997193
-64,46.25,0.95109999999999994547,0.95109999999999994547
-63,46.25,0.90580000000000004956,0.90580000000000004956
-62,46.25,0.84950000000000003286,0.84950000000000003286
-61,46.25,0.9427999999999999714,0.9427999999999999714
-60,46.25,0.70750000000000001776,0.70750000000000001776
-59,46.25,0.60650000000000003908,0.60650000000000003908
-58,46.25,0.62619999999999997886,0.62619999999999997886
-57,46.25,0.57099999999999995204,0.57099999999999995204
-56,46.25,0.6902000000000000357,0.6902000000000000357
-55,46.25,0.92569999999999996732,0.92569999999999996732
-54,46.25,0.73960000000000003517,0.73960000000000003517
-53,46.25,0.5197000000000000508,0.5197000000000000508
-52,46.25,0.096799999999999997158,0.096799999999999997158
-51,46.25,0.020000000000000000416,0.020000000000000000416
-50,46.25,0.011799999999999999725,0.011799999999999999725
-49,46.25,0.12149999999999999689,0.12149999999999999689
-48,46.25,0.73689999999999999947,0.73689999999999999947
-47,46.25,0.82730000000000003535,0.82730000000000003535
-46,46.25,0.97760000000000002451,0.97760000000000002451
-45,46.25,0.39169999999999999263,0.39169999999999999263
-44,46.25,0.216499999999999998,0.216499999999999998
-43,46.25,0.32469999999999998863,0.32469999999999998863
-42,46.25,0.65800000000000002931,0.65800000000000002931
-41,46.25,0.59140000000000003677,0.59140000000000003677
-40,46.25,0.49449999999999999512,0.49449999999999999512
-39,46.25,0.95650000000000001688,0.95650000000000001688
-38,46.25,0.375,0.375
-37,46.25,0.57899999999999995914,0.57899999999999995914
-36,46.25,0.38419999999999998597,0.38419999999999998597
-35,46.25,0.29520000000000001794,0.29520000000000001794
-34,46.25,0.37009999999999998455,0.37009999999999998455
-33,46.25,0.16409999999999999587,0.16409999999999999587
-32,46.25,0.12920000000000000928,0.12920000000000000928
-31,46.25,0.16939999999999999503,0.16939999999999999503
-30,46.25,0.25150000000000000133,0.25150000000000000133
-29,46.25,0.13889999999999999569,0.13889999999999999569
-28,46.25,0.074300000000000004929,0.074300000000000004929
-27,46.25,0.08300000000000000433,0.08300000000000000433
-26,46.25,0.020099999999999999811,0.020099999999999999811
-25,46.25,0.073200000000000001177,0.073200000000000001177
-24,46.25,0.51459999999999994635,0.51459999999999994635
-23,46.25,0.45829999999999998517,0.45829999999999998517
-22,46.25,0.61450000000000004619,0.61450000000000004619
-21,46.25,0.22389999999999998792,0.22389999999999998792
-20,46.25,0.02359999999999999945,0.02359999999999999945
-19,46.25,0.014999999999999999445,0.014999999999999999445
-18,46.25,0.45240000000000002434,0.45240000000000002434
-17,46.25,0.36890000000000000568,0.36890000000000000568
-16,46.25,0.081100000000000005418,0.081100000000000005418
-15,46.25,0.1575999999999999901,0.1575999999999999901
-14,46.25,0.40100000000000002309,0.40100000000000002309
-13,46.25,0.57350000000000000977,0.57350000000000000977
-12,46.25,0.357099999999999973,0.357099999999999973
-11,46.25,0.24249999999999999334,0.24249999999999999334
-10,46.25,0.30749999999999999556,0.30749999999999999556
-9,46.25,0.43280000000000001803,0.43280000000000001803
-8,46.25,0.89719999999999999751,0.89719999999999999751
-7,46.25,0.86629999999999995897,0.86629999999999995897
-6,46.25,0.62129999999999996341,0.62129999999999996341
-5,46.25,0.44550000000000000711,0.44550000000000000711
-4,46.25,0.27870000000000000329,0.27870000000000000329
-3,46.25,0.23730000000000001092,0.23730000000000001092
-2,46.25,0.087199999999999999734,0.087199999999999999734
-1,46.25,0.016699999999999999567,0.016699999999999999567
0,46.25,0.00449999999999999966,0.00449999999999999966
1,46.25,0.0023999999999999997898,0.0023999999999999997898
2,46.25,0.0035999999999999999015,0.0035999999999999999015
3,46.25,0.010699999999999999442,0.010699999999999999442
4,46.25,0.030399999999999999939,0.030399999999999999939
5,46.25,0.021399999999999998884,0.021399999999999998884
6,46.25,0.016799999999999998962,0.016799999999999998962
7,46.25,0.010099999999999999603,0.010099999999999999603
8,46.25,0.022300000000000000377,0.022300000000000000377
9,46.25,0.032199999999999999456,0.032199999999999999456
10,46.25,0.045100000000000001199,0.045100000000000001199
11,46.25,0.052299999999999999267,0.052299999999999999267
12,46.25,0.037600000000000001477,0.037600000000000001477
13,46.25,0.021399999999999998884,0.021399999999999998884
14,46.25,0.032199999999999999456,0.032199999999999999456
15,46.25,0.063100000000000003308,0.063100000000000003308
16,46.25,0.038300000000000000711,0.038300000000000000711
17,46.25,0.24399999999999999467,0.24399999999999999467
18,46.25,0.12489999999999999714,0.12489999999999999714
19,46.25,0.70869999999999999662,0.70869999999999999662
20,46.25,0.517900000000000027,0.517900000000000027
21,46.25,0.51070000000000004281,0.51070000000000004281
22,46.25,0.52059999999999995168,0.52059999999999995168
23,46.25,0.41830000000000000515,0.41830000000000000515
24,46.25,0.43669999999999997708,0.43669999999999997708
25,46.25,0.43020000000000002682,0.43020000000000002682
26,46.25,0.18640000000000001013,0.18640000000000001013
27,46.25,0.25390000000000001457,0.25390000000000001457
28,46.25,0.0080999999999999995615,0.0080999999999999995615
29,46.25,0.051900000000000001688,0.051900000000000001688
30,46.25,0.28070000000000000506,0.28070000000000000506
31,46.25,0.41660000000000002585,0.41660000000000002585
32,46.25,0.22020000000000000684,0.22020000000000000684
33,46.25,0.076499999999999998557,0.076499999999999998557
34,46.25,0.051799999999999998823,0.051799999999999998823
35,46.25,0.037699999999999997402,0.037699999999999997402
36,46.25,0.012099999999999999645,0.012099999999999999645
37,46.25,0.010099999999999999603,0.010099999999999999603
38,46.25,0.010800000000000000572,0.010800000000000000572
39,46.25,0.36530000000000001359,0.36530000000000001359
40,46.25,0.31540000000000001368,0.31540000000000001368
41,46.25,0.57020000000000004015,0.57020000000000004015
42,46.25,0.20510000000000000453,0.20510000000000000453
43,46.25,0.26529999999999998028,0.26529999999999998028
44,46.25,0.40060000000000001164,0.40060000000000001164
45,46.25,0.86229999999999995541,0.86229999999999995541
46,46.25,0.98880000000000001226,0.98880000000000001226
47,46.25,0.99829999999999996518,0.99829999999999996518
48,46.25,0.7936999999999999611,0.7936999999999999611
49,46.25,0.96670000000000000373,0.96670000000000000373
50,46.25,0.99280000000000001581,0.99280000000000001581
51,46.25,0.94930000000000003268,0.94930000000000003268
52,46.25,0.88449999999999995293,0.88449999999999995293
53,46.25,0.59689999999999998614,0.59689999999999998614
54,46.25,0.36580000000000001403,0.36580000000000001403
55,46.25,0.1092000000000000054,0.1092000000000000054
56,46.25,0.13869999999999998996,0.13869999999999998996
57,46.25,0.3089000000000000079,0.3089000000000000079
58,46.25,0.50680000000000002824,0.50680000000000002824
59,46.25,0.69310000000000004938,0.69310000000000004938
60,46.25,0.61089999999999999858,0.61089999999999999858
61,46.25,0.44409999999999999476,0.44409999999999999476
62,46.25,0.73380000000000000782,0.73380000000000000782
63,46.25,0.89759999999999995346,0.89759999999999995346
64,46.25,0.67979999999999995985,0.67979999999999995985
65,46.25,0.82279999999999997584,0.82279999999999997584
66,46.25,0.91579999999999994742,0.91579999999999994742
67,46.25,0.86070000000000002061,0.86070000000000002061
68,46.25,0.65120000000000000107,0.65120000000000000107
69,46.25,0.78220000000000000639,0.78220000000000000639
70,46.25,0.47460000000000002185,0.47460000000000002185
-69,47.5,0.76859999999999994991,0.76859999999999994991
-68,47.5,0.91059999999999996501,0.91059999999999996501
-67,47.5,0.98150000000000003908,0.98150000000000003908
-66,47.5,0.99039999999999994706,0.99039999999999994706
-65,47.5,0.99360000000000003872,0.99360000000000003872
-64,47.5,0.96899999999999997247,0.96899999999999997247
-63,47.5,0.94089999999999995861,0.94089999999999995861
-62,47.5,0.88009999999999999343,0.88009999999999999343
-61,47.5,0.8991000000000000103,0.8991000000000000103
-60,47.5,0.70779999999999998472,0.70779999999999998472
-59,47.5,0.64390000000000002789,0.64390000000000002789
-58,47.5,0.71050000000000002043,0.71050000000000002043
-57,47.5,0.80140000000000000124,0.80140000000000000124
-56,47.5,0.81810000000000004938,0.81810000000000004938
-55,47.5,0.96179999999999998828,0.96179999999999998828
-54,47.5,0.71630000000000004778,0.71630000000000004778
-53,47.5,0.40120000000000000107,0.40120000000000000107
-52,47.5,0.07449999999999999678,0.07449999999999999678
-51,47.5,0.03579999999999999849,0.03579999999999999849
-50,47.5,0.0088000000000000005301,0.0088000000000000005301
-49,47.5,0.11260000000000000564,0.11260000000000000564
-48,47.5,0.61870000000000002771,0.61870000000000002771
-47,47.5,0.81820000000000003837,0.81820000000000003837
-46,47.5,0.93850000000000000089,0.93850000000000000089
-45,47.5,0.36230000000000001092,0.36230000000000001092
-44,47.5,0.22420000000000001039,0.22420000000000001039
-43,47.5,0.33510000000000000897,0.33510000000000000897
-42,47.5,0.74960000000000004405,0.74960000000000004405
-41,47.5,0.86429999999999995719,0.86429999999999995719
-40,47.5,0.58909999999999995701,0.58909999999999995701
-39,47.5,0.58430000000000004157,0.58430000000000004157
-38,47.5,0.40029999999999998916,0.40029999999999998916
-37,47.5,0.62949999999999994849,0.62949999999999994849
-36,47.5,0.46039999999999997593,0.46039999999999997593
-35,47.5,0.45150000000000001243,0.45150000000000001243
-34,47.5,0.27400000000000002132,0.27400000000000002132
-33,47.5,0.13389999999999999125,0.13389999999999999125
-32,47.5,0.19389999999999998903,0.19389999999999998903
-31,47.5,0.20069999999999998952,0.20069999999999998952
-30,47.5,0.24360000000000001097,0.24360000000000001097
-29,47.5,0.18190000000000000613,0.18190000000000000613
-28,47.5,0.23280000000000000693,0.23280000000000000693
-27,47.5,0.28129999999999999449,0.28129999999999999449
-26,47.5,0.17089999999999999636,0.17089999999999999636
-25,47.5,0.33489999999999997549,0.33489999999999997549
-24,47.5,0.58940000000000003499,0.58940000000000003499
-23,47.5,0.74750000000000005329,0.74750000000000005329
-22,47.5,0.44629999999999997451,0.44629999999999997451
-21,47.5,0.18279999999999999027,0.18279999999999999027
-20,47.5,0.034500000000000002887,0.034500000000000002887
-19,47.5,0.023199999999999998401,0.023199999999999998401
-18,47.5,0.086999999999999994005,0.086999999999999994005
-17,47.5,0.53659999999999996589,0.53659999999999996589
-16,47.5,0.91479999999999994653,0.91479999999999994653
-15,47.5,0.20699999999999998956,0.20699999999999998956
-14,47.5,0.086800000000000002154,0.086800000000000002154
-13,47.5,0.19029999999999999694,0.19029999999999999694
-12,47.5,0.35339999999999999192,0.35339999999999999192
-11,47.5,0.44800000000000000933,0.44800000000000000933
-10,47.5,0.45910000000000000808,0.45910000000000000808
-9,47.5,0.5420000000000000373,0.5420000000000000373
-8,47.5,0.72440000000000004388,0.72440000000000004388
-7,47.5,0.84530000000000005134,0.84530000000000005134
-6,47.5,0.68410000000000004139,0.68410000000000004139
-5,47.5,0.28239999999999998437,0.28239999999999998437
-4,47.5,0.16009999999999999232,0.16009999999999999232
-3,47.5,0.32200000000000000844,0.32200000000000000844
-2,47.5,0.093499999999999999778,0.093499999999999999778
-1,47.5,0.024500000000000000944,0.024500000000000000944
0,47.5,0.0028999999999999998002,0.0028999999999999998002
1,47.5,0.0010000000000000000208,0.0010000000000000000208
2,47.5,0.0013999999999999999858,0.0013999999999999999858
3,47.5,0.0044000000000000002651,0.0044000000000000002651
4,47.5,0.0074000000000000003275,0.0074000000000000003275
5,47.5,0.0070000000000000001457,0.0070000000000000001457
6,47.5,0.0050000000000000001041,0.0050000000000000001041
7,47.5,0.0016000000000000000767,0.0016000000000000000767
8,47.5,0.007700000000000000247,0.007700000000000000247
9,47.5,0.036499999999999997724,0.036499999999999997724
10,47.5,0.066900000000000001132,0.066900000000000001132
11,47.5,0.01460000000000000013,0.01460000000000000013
12,47.5,0.115000000000000005,0.115000000000000005
13,47.5,0.054800000000000001488,0.054800000000000001488
14,47.5,0.050099999999999998701,0.050099999999999998701
15,47.5,0.22050000000000000155,0.22050000000000000155
16,47.5,0.15279999999999999138,0.15279999999999999138
17,47.5,0.079899999999999998801,0.079899999999999998801
18,47.5,0.2338999999999999968,0.2338999999999999968
19,47.5,0.46079999999999998739,0.46079999999999998739
20,47.5,0.48259999999999997344,0.48259999999999997344
21,47.5,0.68330000000000001847,0.68330000000000001847
22,47.5,0.59240000000000003766,0.59240000000000003766
23,47.5,0.61029999999999995364,0.61029999999999995364
24,47.5,0.46360000000000001208,0.46360000000000001208
25,47.5,0.53410000000000001918,0.53410000000000001918
26,47.5,0.34910000000000002141,0.34910000000000002141
27,47.5,0.16600000000000000866,0.16600000000000000866
28,47.5,0.060499999999999998224,0.060499999999999998224
29,47.5,0.023500000000000000056,0.023500000000000000056
30,47.5,0.15470000000000000417,0.15470000000000000417
31,47.5,0.13320000000000001283,0.13320000000000001283
32,47.5,0.29699999999999998623,0.29699999999999998623
33,47.5,0.14610000000000000764,0.14610000000000000764
34,47.5,0.060999999999999998668,0.060999999999999998668
35,47.5,0.092700000000000004619,0.092700000000000004619
36,47.5,0.075600000000000000533,0.075600000000000000533
37,47.5,0.079000000000000000777,0.079000000000000000777
38,47.5,0.12439999999999999669,0.12439999999999999669
39,47.5,0.3572000000000000175,0.3572000000000000175
40,47.5,0.30049999999999998934,0.30049999999999998934
41,47.5,0.68520000000000003126,0.68520000000000003126
42,47.5,0.76190000000000002167,0.76190000000000002167
43,47.5,0.35949999999999998623,0.35949999999999998623
44,47.5,0.42039999999999999591,0.42039999999999999591
45,47.5,0.99139999999999994795,0.99139999999999994795
46,47.5,0.99970000000000003304,0.99970000000000003304
47,47.5,0.99539999999999995151,0.99539999999999995151
48,47.5,0.90069999999999994511,0.90069999999999994511
49,47.5,0.93389999999999995239,0.93389999999999995239
50,47.5,0.93759999999999998899,0.93759999999999998899
51,47.5,0.76759999999999994902,0.76759999999999994902
52,47.5,0.75190000000000001279,0.75190000000000001279
53,47.5,0.38960000000000000187,0.38960000000000000187
54,47.5,0.29160000000000002585,0.29160000000000002585
55,47.5,0.15140000000000000679,0.15140000000000000679
56,47.5,0.073599999999999998757,0.073599999999999998757
57,47.5,0.1652000000000000135,0.1652000000000000135
58,47.5,0.48449999999999998623,0.48449999999999998623
59,47.5,0.580400000000000027,0.580400000000000027
60,47.5,0.60389999999999999236,0.60389999999999999236
61,47.5,0.57350000000000000977,0.57350000000000000977
62,47.5,0.78439999999999998614,0.78439999999999998614
63,47.5,0.84750000000000003109,0.84750000000000003109
64,47.5,0.73860000000000003428,0.73860000000000003428
65,47.5,0.84509999999999996234,0.84509999999999996234
66,47.5,0.91810000000000002718,0.91810000000000002718
67,47.5,0.91479999999999994653,0.91479999999999994653
68,47.5,0.59319999999999994955,0.59319999999999994955
69,47.5,0.85489999999999999325,0.85489999999999999325
70,47.5,0.43090000000000000524,0.43090000000000000524
-69,48.75,0.6036000000000000254,0.6036000000000000254
-68,48.75,0.84689999999999998614,0.84689999999999998614
-67,48.75,0.98009999999999997122,0.98009999999999997122
-66,48.75,0.99450000000000005063,0.99450000000000005063
-65,48.75,0.99860000000000004317,0.99860000000000004317
-64,48.75,0.98809999999999997833,0.98809999999999997833
-63,48.75,0.99199999999999999289,0.99199999999999999289
-62,48.75,0.92369999999999996554,0.92369999999999996554
-61,48.75,0.88219999999999998419,0.88219999999999998419
-60,48.75,0.8125,0.8125
-59,48.75,0.74299999999999999378,0.74299999999999999378
-58,48.75,0.82059999999999999609,0.82059999999999999609
-57,48.75,0.96099999999999996536,0.96099999999999996536
-56,48.75,0.93610000000000004317,0.93610000000000004317
-55,48.75,0.92490000000000005542,0.92490000000000005542
-54,48.75,0.58999999999999996891,0.58999999999999996891
-53,48.75,0.27089999999999997415,0.27089999999999997415
-52,48.75,0.057299999999999996769,0.057299999999999996769
-51,48.75,0.03579999999999999849,0.03579999999999999849
-50,48.75,0.0047999999999999995795,0.0047999999999999995795
-49,48.75,0.10269999999999999962,0.10269999999999999962
-48,48.75,0.61670000000000002593,0.61670000000000002593
-47,48.75,0.92249999999999998668,0.92249999999999998668
-46,48.75,0.70199999999999995737,0.70199999999999995737
-45,48.75,0.36849999999999999423,0.36849999999999999423
-44,48.75,0.29139999999999999236,0.29139999999999999236
-43,48.75,0.60829999999999995186,0.60829999999999995186
-42,48.75,0.89870000000000005436,0.89870000000000005436
-41,48.75,0.49709999999999998632,0.49709999999999998632
-40,48.75,0.46389999999999997904,0.46389999999999997904
-39,48.75,0.14990000000000000546,0.14990000000000000546
-38,48.75,0.41849999999999998312,0.41849999999999998312
-37,48.75,0.82740000000000002434,0.82740000000000002434
-36,48.75,0.64559999999999995168,0.64559999999999995168
-35,48.75,0.50100000000000000089,0.50100000000000000089
-34,48.75,0.26650000000000001465,0.26650000000000001465
-33,48.75,0.1688000000000000056,0.1688000000000000056
-32,48.75,0.31979999999999997318,0.31979999999999997318
-31,48.75,0.24899999999999999911,0.24899999999999999911
-30,48.75,0.19400000000000000577,0.19400000000000000577
-29,48.75,0.19159999999999999254,0.19159999999999999254
-28,48.75,0.53190000000000003944,0.53190000000000003944
-27,48.75,0.62660000000000004583,0.62660000000000004583
-26,48.75,0.54500000000000003997,0.54500000000000003997
-25,48.75,0.40779999999999999583,0.40779999999999999583
-24,48.75,0.48399999999999998579,0.48399999999999998579
-23,48.75,0.79120000000000001439,0.79120000000000001439
-22,48.75,0.85670000000000001705,0.85670000000000001705
-21,48.75,0.89280000000000003801,0.89280000000000003801
-20,48.75,0.43890000000000001235,0.43890000000000001235
-19,48.75,0.15709999999999998965,0.15709999999999998965
-18,48.75,0.15449999999999999845,0.15449999999999999845
-17,48.75,0.18670000000000000484,0.18670000000000000484
-16,48.75,0.14969999999999999973,0.14969999999999999973
-15,48.75,0.33429999999999998606,0.33429999999999998606
-14,48.75,0.70550000000000001599,0.70550000000000001599
-13,48.75,0.74050000000000004707,0.74050000000000004707
-12,48.75,0.48759999999999997788,0.48759999999999997788
-11,48.75,0.65400000000000002576,0.65400000000000002576
-10,48.75,0.52070000000000005169,0.52070000000000005169
-9,48.75,0.67710000000000003517,0.67710000000000003517
-8,48.75,0.955400000000000027,0.955400000000000027
-7,48.75,0.84579999999999999627,0.84579999999999999627
-6,48.75,0.58260000000000000675,0.58260000000000000675
-5,48.75,0.16480000000000000204,0.16480000000000000204
-4,48.75,0.082500000000000003886,0.082500000000000003886
-3,48.75,0.096799999999999997158,0.096799999999999997158
-2,48.75,0.097199999999999994738,0.097199999999999994738
-1,48.75,0.040899999999999998856,0.040899999999999998856
0,48.75,0.0091000000000000004496,0.0091000000000000004496
1,48.75,0.00069999999999999999289,0.00069999999999999999289
2,48.75,0.00020000000000000000958,0.00020000000000000000958
3,48.75,0.0016999999999999999053,0.0016999999999999999053
4,48.75,0.0022000000000000001325,0.0022000000000000001325
5,48.75,0.0011000000000000000663,0.0011000000000000000663
6,48.75,0.00080000000000000003834,0.00080000000000000003834
7,48.75,0.0017999999999999999507,0.0017999999999999999507
8,48.75,0.0012999999999999999403,0.0012999999999999999403
9,48.75,0.0061999999999999997821,0.0061999999999999997821
10,48.75,0.026599999999999998646,0.026599999999999998646
11,48.75,0.027799999999999998324,0.027799999999999998324
12,48.75,0.2615999999999999992,0.2615999999999999992
13,48.75,0.088700000000000001066,0.088700000000000001066
14,48.75,0.16530000000000000249,0.16530000000000000249
15,48.75,0.26500000000000001332,0.26500000000000001332
16,48.75,0.40789999999999998481,0.40789999999999998481
17,48.75,0.13420000000000001372,0.13420000000000001372
18,48.75,0.027699999999999998929,0.027699999999999998929
19,48.75,0.20710000000000000631,0.20710000000000000631
20,48.75,0.19769999999999998685,0.19769999999999998685
21,48.75,0.81000000000000005329,0.81000000000000005329
22,48.75,0.73780000000000001137,0.73780000000000001137
23,48.75,0.83960000000000001297,0.83960000000000001297
24,48.75,0.56969999999999998419,0.56969999999999998419
25,48.75,0.68369999999999997442,0.68369999999999997442
26,48.75,0.55020000000000002238,0.55020000000000002238
27,48.75,0.15149999999999999578,0.15149999999999999578
28,48.75,0.21499999999999999667,0.21499999999999999667
29,48.75,0.074200000000000002065,0.074200000000000002065
30,48.75,0.15040000000000000591,0.15040000000000000591
31,48.75,0.17050000000000001266,0.17050000000000001266
32,48.75,0.4393000000000000238,0.4393000000000000238
33,48.75,0.24019999999999999685,0.24019999999999999685
34,48.75,0.093799999999999994493,0.093799999999999994493
35,48.75,0.12030000000000000415,0.12030000000000000415
36,48.75,0.37430000000000002158,0.37430000000000002158
37,48.75,0.91439999999999999059,0.91439999999999999059
38,48.75,0.92640000000000000124,0.92640000000000000124
39,48.75,0.23000000000000000999,0.23000000000000000999
40,48.75,0.29280000000000000471,0.29280000000000000471
41,48.75,0.67390000000000005453,0.67390000000000005453
42,48.75,0.91010000000000002007,0.91010000000000002007
43,48.75,0.50600000000000000533,0.50600000000000000533
44,48.75,0.43099999999999999423,0.43099999999999999423
45,48.75,0.8938000000000000389,0.8938000000000000389
46,48.75,0.97070000000000000728,0.97070000000000000728
47,48.75,0.99299999999999999378,0.99299999999999999378
48,48.75,0.99790000000000000924,0.99790000000000000924
49,48.75,0.99809999999999998721,0.99809999999999998721
50,48.75,0.9331000000000000405,0.9331000000000000405
51,48.75,0.67930000000000001492,0.67930000000000001492
52,48.75,0.57459999999999999964,0.57459999999999999964
53,48.75,0.3018000000000000127,0.3018000000000000127
54,48.75,0.31219999999999997753,0.31219999999999997753
55,48.75,0.21299999999999999489,0.21299999999999999489
56,48.75,0.10169999999999999873,0.10169999999999999873
57,48.75,0.13370000000000001328,0.13370000000000001328
58,48.75,0.38829999999999997851,0.38829999999999997851
59,48.75,0.4304000000000000048,0.4304000000000000048
60,48.75,0.66200000000000003286,0.66200000000000003286
61,48.75,0.59430000000000005045,0.59430000000000005045
62,48.75,0.82389999999999996572,0.82389999999999996572
63,48.75,0.82459999999999999964,0.82459999999999999964
64,48.75,0.83030000000000003801,0.83030000000000003801
65,48.75,0.90739999999999998437,0.90739999999999998437
66,48.75,0.86170000000000002149,0.86170000000000002149
67,48.75,0.91420000000000001261,0.91420000000000001261
68,48.75,0.56469999999999997975,0.56469999999999997975
69,48.75,0.89419999999999999485,0.89419999999999999485
70,48.75,0.43169999999999997264,0.43169999999999997264
-69,50,0.5275999999999999579,0.5275999999999999579
-68,50,0.85670000000000001705,0.85670000000000001705
-67,50,0.91159999999999996589,0.91159999999999996589
-66,50,0.97689999999999999059,0.97689999999999999059
-65,50,0.99219999999999997087,0.99219999999999997087
-64,50,0.99839999999999995417,0.99839999999999995417
-63,50,0.99780000000000002025,0.99780000000000002025
-62,50,0.93559999999999998721,0.93559999999999998721
-61,50,0.9177999999999999492,0.9177999999999999492
-60,50,0.91710000000000002629,0.91710000000000002629
-59,50,0.79979999999999995541,0.79979999999999995541
-58,50,0.94310000000000004938,0.94310000000000004938
-57,50,0.94479999999999997318,0.94479999999999997318
-56,50,0.93769999999999997797,0.93769999999999997797
-55,50,0.87919999999999998153,0.87919999999999998153
-54,50,0.41420000000000001261,0.41420000000000001261
-53,50,0.16839999999999999414,0.16839999999999999414
-52,50,0.072700000000000000733,0.072700000000000000733
-51,50,0.021100000000000000699,0.021100000000000000699
-50,50,0.0064999999999999997016,0.0064999999999999997016
-49,50,0.19450000000000000622,0.19450000000000000622
-48,50,0.84509999999999996234,0.84509999999999996234
-47,50,0.64239999999999997105,0.64239999999999997105
-46,50,0.61280000000000001137,0.61280000000000001137
-45,50,0.45129999999999997895,0.45129999999999997895
-44,50,0.61429999999999995719,0.61429999999999995719
-43,50,0.75080000000000002292,0.75080000000000002292
-42,50,0.85099999999999997868,0.85099999999999997868
-41,50,0.17489999999999999991,0.17489999999999999991
-40,50,0.084299999999999999933,0.084299999999999999933
-39,50,0.17449999999999998845,0.17449999999999998845
-38,50,0.48920000000000002371,0.48920000000000002371
-37,50,0.67659999999999997922,0.67659999999999997922
-36,50,0.36089999999999999858,0.36089999999999999858
-35,50,0.1749999999999999889,0.1749999999999999889
-34,50,0.11529999999999999971,0.11529999999999999971
-33,50,0.063700000000000006617,0.063700000000000006617
-32,50,0.16350000000000000644,0.16350000000000000644
-31,50,0.23019999999999998797,0.23019999999999998797
-30,50,0.27970000000000000417,0.27970000000000000417
-29,50,0.37969999999999998197,0.37969999999999998197
-28,50,0.63890000000000002345,0.63890000000000002345
-27,50,0.50780000000000002913,0.50780000000000002913
-26,50,0.71940000000000003944,0.71940000000000003944
-25,50,0.54700000000000004174,0.54700000000000004174
-24,50,0.49440000000000000613,0.49440000000000000613
-23,50,0.48509999999999997566,0.48509999999999997566
-22,50,0.63319999999999998508,0.63319999999999998508
-21,50,0.93179999999999996163,0.93179999999999996163
-20,50,0.96030000000000004245,0.96030000000000004245
-19,50,0.92679999999999995719,0.92679999999999995719
-18,50,0.81420000000000003482,0.81420000000000003482
-17,50,0.39829999999999998739,0.39829999999999998739
-16,50,0.23330000000000000737,0.23330000000000000737
-15,50,0.35260000000000002451,0.35260000000000002451
-14,50,0.71850000000000002753,0.71850000000000002753
-13,50,0.76719999999999999307,0.76719999999999999307
-12,50,0.74139999999999994795,0.74139999999999994795
-11,50,0.58709999999999995524,0.58709999999999995524
-10,50,0.53290000000000004032,0.53290000000000004032
-9,50,0.84150000000000002576,0.84150000000000002576
-8,50,0.97789999999999999147,0.97789999999999999147
-7,50,0.87609999999999998987,0.87609999999999998987
-6,50,0.7168999999999999817,0.7168999999999999817
-5,50,0.10860000000000000209,0.10860000000000000209
-4,50,0.026399999999999999856,0.026399999999999999856
-3,50,0.035200000000000002121,0.035200000000000002121
-2,50,0.03869999999999999829,0.03869999999999999829
-1,50,0.031099999999999999173,0.031099999999999999173
0,50,0.013400000000000000452,0.013400000000000000452
1,50,0.0023999999999999997898,0.0023999999999999997898
2,50,0.00029999999999999997372,0.00029999999999999997372
3,50,0.00029999999999999997372,0.00029999999999999997372
4,50,0.0011999999999999998949,0.0011999999999999998949
5,50,0.00029999999999999997372,0.00029999999999999997372
6,50,0.00050000000000000001041,0.00050000000000000001041
7,50,0.0010000000000000000208,0.0010000000000000000208
8,50,0.00089999999999999997537,0.00089999999999999997537
9,50,0.0035999999999999999015,0.0035999999999999999015
10,50,0.017899999999999999245,0.017899999999999999245
11,50,0.012900000000000000008,0.012900000000000000008
12,50,0.40410000000000001474,0.40410000000000001474
13,50,0.15429999999999999272,0.15429999999999999272
14,50,0.27260000000000000897,0.27260000000000000897
15,50,0.52239999999999997549,0.52239999999999997549
16,50,0.37080000000000001847,0.37080000000000001847
17,50,0.21540000000000000813,0.21540000000000000813
18,50,0.091499999999999998002,0.091499999999999998002
19,50,0.54449999999999998401,0.54449999999999998401
20,50,0.16900000000000001132,0.16900000000000001132
21,50,0.80759999999999998455,0.80759999999999998455
22,50,0.91330000000000000071,0.91330000000000000071
23,50,0.67069999999999996287,0.67069999999999996287
24,50,0.7036000000000000032,0.7036000000000000032
25,50,0.75100000000000000089,0.75100000000000000089
26,50,0.71209999999999995524,0.71209999999999995524
27,50,0.43280000000000001803,0.43280000000000001803
28,50,0.73609999999999997655,0.73609999999999997655
29,50,0.36470000000000002416,0.36470000000000002416
30,50,0.28970000000000001306,0.28970000000000001306
31,50,0.53000000000000002665,0.53000000000000002665
32,50,0.34029999999999999138,0.34029999999999999138
33,50,0.49899999999999999911,0.49899999999999999911
34,50,0.42449999999999998845,0.42449999999999998845
35,50,0.12449999999999999956,0.12449999999999999956
36,50,0.2313000000000000056,0.2313000000000000056
37,50,0.81000000000000005329,0.81000000000000005329
38,50,0.2490999999999999881,0.2490999999999999881
39,50,0.25190000000000001279,0.25190000000000001279
40,50,0.89490000000000002878,0.89490000000000002878
41,50,0.56710000000000004849,0.56710000000000004849
42,50,0.49849999999999999867,0.49849999999999999867
43,50,0.33350000000000001865,0.33350000000000001865
44,50,0.49130000000000001448,0.49130000000000001448
45,50,0.47270000000000000906,0.47270000000000000906
46,50,0.62870000000000003659,0.62870000000000003659
47,50,0.97050000000000002931,0.97050000000000002931
48,50,0.90580000000000004956,0.90580000000000004956
49,50,0.97509999999999996678,0.97509999999999996678
50,50,0.97140000000000004121,0.97140000000000004121
51,50,0.61060000000000003162,0.61060000000000003162
52,50,0.361599999999999977,0.361599999999999977
53,50,0.5123999999999999666,0.5123999999999999666
54,50,0.37890000000000001457,0.37890000000000001457
55,50,0.21579999999999999183,0.21579999999999999183
56,50,0.19900000000000001021,0.19900000000000001021
57,50,0.26090000000000002078,0.26090000000000002078
58,50,0.29080000000000000293,0.29080000000000000293
59,50,0.29520000000000001794,0.29520000000000001794
60,50,0.66569999999999995843,0.66569999999999995843
61,50,0.46960000000000001741,0.46960000000000001741
62,50,0.78830000000000000071,0.78830000000000000071
63,50,0.81330000000000002292,0.81330000000000002292
64,50,0.86599999999999999201,0.86599999999999999201
65,50,0.95109999999999994547,0.95109999999999994547
66,50,0.88480000000000003091,0.88480000000000003091
67,50,0.8125,0.8125
68,50,0.64490000000000002878,0.64490000000000002878
69,50,0.73289999999999999591,0.73289999999999999591
70,50,0.3927999999999999825,0.3927999999999999825
-69,51.25,0.56630000000000002558,0.56630000000000002558
-68,51.25,0.87649999999999994582,0.87649999999999994582
-67,51.25,0.87919999999999998153,0.87919999999999998153
-66,51.25,0.97199999999999997513,0.97199999999999997513
-65,51.25,0.97130000000000005222,0.97130000000000005222
-64,51.25,0.99899999999999999911,0.99899999999999999911
-63,51.25,0.99360000000000003872,0.99360000000000003872
-62,51.25,0.9090000000000000302,0.9090000000000000302
-61,51.25,0.89219999999999999307,0.89219999999999999307
-60,51.25,0.92520000000000002238,0.92520000000000002238
-59,51.25,0.85040000000000004476,0.85040000000000004476
-58,51.25,0.9365999999999999881,0.9365999999999999881
-57,51.25,0.90920000000000000817,0.90920000000000000817
-56,51.25,0.82169999999999998597,0.82169999999999998597
-55,51.25,0.69299999999999994937,0.69299999999999994937
-54,51.25,0.25100000000000000089,0.25100000000000000089
-53,51.25,0.14749999999999999223,0.14749999999999999223
-52,51.25,0.039500000000000000389,0.039500000000000000389
-51,51.25,0.010500000000000000652,0.010500000000000000652
-50,51.25,0.025499999999999998362,0.025499999999999998362
-49,51.25,0.53190000000000003944,0.53190000000000003944
-48,51.25,0.57750000000000001332,0.57750000000000001332
-47,51.25,0.62760000000000004672,0.62760000000000004672
-46,51.25,0.74409999999999998366,0.74409999999999998366
-45,51.25,0.72160000000000001918,0.72160000000000001918
-44,51.25,0.81450000000000000178,0.81450000000000000178
-43,51.25,0.81830000000000002736,0.81830000000000002736
-42,51.25,0.73650000000000004352,0.73650000000000004352
-41,51.25,0.12479999999999999427,0.12479999999999999427
-40,51.25,0.090300000000000005262,0.090300000000000005262
-39,51.25,0.28410000000000001918,0.28410000000000001918
-38,51.25,0.78820000000000001172,0.78820000000000001172
-37,51.25,0.25640000000000001679,0.25640000000000001679
-36,51.25,0.11360000000000000653,0.11360000000000000653
-35,51.25,0.1759000000000000008,0.1759000000000000008
-34,51.25,0.037100000000000001033,0.037100000000000001033
-33,51.25,0.055699999999999999512,0.055699999999999999512
-32,51.25,0.12790000000000001368,0.12790000000000001368
-31,51.25,0.28599999999999997646,0.28599999999999997646
-30,51.25,0.43609999999999998765,0.43609999999999998765
-29,51.25,0.38179999999999997273,0.38179999999999997273
-28,51.25,0.37299999999999999822,0.37299999999999999822
-27,51.25,0.47099999999999997424,0.47099999999999997424
-26,51.25,0.7249999999999999778,0.7249999999999999778
-25,51.25,0.60370000000000001439,0.60370000000000001439
-24,51.25,0.3875000000000000111,0.3875000000000000111
-23,51.25,0.32129999999999997451,0.32129999999999997451
-22,51.25,0.6581000000000000183,0.6581000000000000183
-21,51.25,0.85489999999999999325,0.85489999999999999325
-20,51.25,0.95550000000000001599,0.95550000000000001599
-19,51.25,0.92569999999999996732,0.92569999999999996732
-18,51.25,0.72119999999999995222,0.72119999999999995222
-17,51.25,0.526699999999999946,0.526699999999999946
-16,51.25,0.85919999999999996376,0.85919999999999996376
-15,51.25,0.98319999999999996287,0.98319999999999996287
-14,51.25,0.78369999999999995222,0.78369999999999995222
-13,51.25,0.7224000000000000421,0.7224000000000000421
-12,51.25,0.90610000000000001652,0.90610000000000001652
-11,51.25,0.7599000000000000199,0.7599000000000000199
-10,51.25,0.82850000000000001421,0.82850000000000001421
-9,51.25,0.94250000000000000444,0.94250000000000000444
-8,51.25,0.95469999999999999307,0.95469999999999999307
-7,51.25,0.86280000000000001137,0.86280000000000001137
-6,51.25,0.58620000000000005436,0.58620000000000005436
-5,51.25,0.14460000000000000631,0.14460000000000000631
-4,51.25,0.031500000000000000222,0.031500000000000000222
-3,51.25,0.025600000000000001227,0.025600000000000001227
-2,51.25,0.0269000000000000003,0.0269000000000000003
-1,51.25,0.034599999999999998812,0.034599999999999998812
0,51.25,0.0099000000000000008132,0.0099000000000000008132
1,51.25,0.0030000000000000000625,0.0030000000000000000625
2,51.25,0.00059999999999999994744,0.00059999999999999994744
3,51.25,0.00010000000000000000479,0.00010000000000000000479
4,51.25,0.00029999999999999997372,0.00029999999999999997372
5,51.25,0.00010000000000000000479,0.00010000000000000000479
6,51.25,0,0
7,51.25,0,0
8,51.25,0.00029999999999999997372,0.00029999999999999997372
9,51.25,0.00050000000000000001041,0.00050000000000000001041
10,51.25,0.00050000000000000001041,0.00050000000000000001041
11,51.25,0.00089999999999999997537,0.00089999999999999997537
12,51.25,0.01799999999999999864,0.01799999999999999864
13,51.25,0.03540000000000000091,0.03540000000000000091
14,51.25,0.029899999999999999495,0.029899999999999999495
15,51.25,0.27400000000000002132,0.27400000000000002132
16,51.25,0.31099999999999999867,0.31099999999999999867
17,51.25,0.27350000000000002087,0.27350000000000002087
18,51.25,0.085400000000000003686,0.085400000000000003686
19,51.25,0.33410000000000000808,0.33410000000000000808
20,51.25,0.27550000000000002265,0.27550000000000002265
21,51.25,0.49190000000000000391,0.49190000000000000391
22,51.25,0.73650000000000004352,0.73650000000000004352
23,51.25,0.84109999999999995879,0.84109999999999995879
24,51.25,0.84040000000000003588,0.84040000000000003588
25,51.25,0.75190000000000001279,0.75190000000000001279
26,51.25,0.98670000000000002149,0.98670000000000002149
27,51.25,0.91510000000000002451,0.91510000000000002451
28,51.25,0.91839999999999999414,0.91839999999999999414
29,51.25,0.92820000000000002505,0.92820000000000002505
30,51.25,0.4964000000000000079,0.4964000000000000079
31,51.25,0.24629999999999999116,0.24629999999999999116
32,51.25,0.23610000000000000431,0.23610000000000000431
33,51.25,0.44840000000000002078,0.44840000000000002078
34,51.25,0.54839999999999999858,0.54839999999999999858
35,51.25,0.069500000000000006217,0.069500000000000006217
36,51.25,0.1643000000000000016,0.1643000000000000016
37,51.25,0.31550000000000000266,0.31550000000000000266
38,51.25,0.57310000000000005382,0.57310000000000005382
39,51.25,0.47370000000000000995,0.47370000000000000995
40,51.25,0.96299999999999996714,0.96299999999999996714
41,51.25,0.60760000000000002895,0.60760000000000002895
42,51.25,0.59409999999999996145,0.59409999999999996145
43,51.25,0.05940000000000000141,0.05940000000000000141
44,51.25,0.10950000000000000011,0.10950000000000000011
45,51.25,0.12099999999999999645,0.12099999999999999645
46,51.25,0.495499999999999996,0.495499999999999996
47,51.25,0.6098000000000000087,0.6098000000000000087
48,51.25,0.40050000000000002265,0.40050000000000002265
49,51.25,0.83579999999999998739,0.83579999999999998739
50,51.25,0.98699999999999998845,0.98699999999999998845
51,51.25,0.69940000000000002167,0.69940000000000002167
52,51.25,0.30020000000000002238,0.30020000000000002238
53,51.25,0.28910000000000002363,0.28910000000000002363
54,51.25,0.22279999999999999805,0.22279999999999999805
55,51.25,0.1804000000000000048,0.1804000000000000048
56,51.25,0.24529999999999999027,0.24529999999999999027
57,51.25,0.16259999999999999454,0.16259999999999999454
58,51.25,0.2911000000000000254,0.2911000000000000254
59,51.25,0.28949999999999997957,0.28949999999999997957
60,51.25,0.57289999999999996483,0.57289999999999996483
61,51.25,0.44790000000000002034,0.44790000000000002034
62,51.25,0.72199999999999997513,0.72199999999999997513
63,51.25,0.80500000000000004885,0.80500000000000004885
64,51.25,0.8054000000000000048,0.8054000000000000048
65,51.25,0.93420000000000003038,0.93420000000000003038
66,51.25,0.8715000000000000524,0.8715000000000000524
67,51.25,0.79239999999999999325,0.79239999999999999325
68,51.25,0.79379999999999995008,0.79379999999999995008
69,51.25,0.54590000000000005187,0.54590000000000005187
70,51.25,0.28789999999999998925,0.28789999999999998925
-69,52.5,0.7063000000000000389,0.7063000000000000389
-68,52.5,0.93079999999999996074,0.93079999999999996074
-67,52.5,0.94120000000000003659,0.94120000000000003659
-66,52.5,0.98009999999999997122,0.98009999999999997122
-65,52.5,0.95909999999999995257,0.95909999999999995257
-64,52.5,0.98960000000000003517,0.98960000000000003517
-63,52.5,0.97440000000000004388,0.97440000000000004388
-62,52.5,0.85480000000000000426,0.85480000000000000426
-61,52.5,0.77929999999999999272,0.77929999999999999272
-60,52.5,0.83620000000000005436,0.83620000000000005436
-59,52.5,0.83109999999999994991,0.83109999999999994991
-58,52.5,0.92130000000000000782,0.92130000000000000782
-57,52.5,0.81650000000000000355,0.81650000000000000355
-56,52.5,0.65329999999999999183,0.65329999999999999183
-55,52.5,0.52720000000000000195,0.52720000000000000195
-54,52.5,0.23460000000000000298,0.23460000000000000298
-53,52.5,0.11600000000000000588,0.11600000000000000588
-52,52.5,0.014500000000000000736,0.014500000000000000736
-51,52.5,0.017000000000000001221,0.017000000000000001221
-50,52.5,0.12439999999999999669,0.12439999999999999669
-49,52.5,0.92540000000000000036,0.92540000000000000036
-48,52.5,0.46060000000000000941,0.46060000000000000941
-47,52.5,0.6813000000000000167,0.6813000000000000167
-46,52.5,0.85809999999999997389,0.85809999999999997389
-45,52.5,0.89990000000000003322,0.89990000000000003322
-44,52.5,0.89859999999999995435,0.89859999999999995435
-43,52.5,0.77339999999999997637,0.77339999999999997637
-42,52.5,0.27079999999999998517,0.27079999999999998517
-41,52.5,0.18599999999999999867,0.18599999999999999867
-40,52.5,0.20649999999999998912,0.20649999999999998912
-39,52.5,0.40639999999999998348,0.40639999999999998348
-38,52.5,0.73140000000000005009,0.73140000000000005009
-37,52.5,0.37840000000000001412,0.37840000000000001412
-36,52.5,0.092299999999999993161,0.092299999999999993161
-35,52.5,0.14649999999999999134,0.14649999999999999134
-34,52.5,0.016500000000000000777,0.016500000000000000777
-33,52.5,0.065299999999999996936,0.065299999999999996936
-32,52.5,0.17949999999999999289,0.17949999999999999289
-31,52.5,0.36059999999999997611,0.36059999999999997611
-30,52.5,0.18800000000000000044,0.18800000000000000044
-29,52.5,0.29649999999999998579,0.29649999999999998579
-28,52.5,0.24169999999999999818,0.24169999999999999818
-27,52.5,0.34029999999999999138,0.34029999999999999138
-26,52.5,0.39760000000000000897,0.39760000000000000897
-25,52.5,0.42730000000000001315,0.42730000000000001315
-24,52.5,0.32459999999999999964,0.32459999999999999964
-23,52.5,0.29770000000000002016,0.29770000000000002016
-22,52.5,0.62050000000000005151,0.62050000000000005151
-21,52.5,0.88270000000000004015,0.88270000000000004015
-20,52.5,0.90249999999999996891,0.90249999999999996891
-19,52.5,0.64939999999999997726,0.64939999999999997726
-18,52.5,0.55340000000000000302,0.55340000000000000302
-17,52.5,0.74029999999999995808,0.74029999999999995808
-16,52.5,0.98799999999999998934,0.98799999999999998934
-15,52.5,0.86409999999999997922,0.86409999999999997922
-14,52.5,0.70089999999999996749,0.70089999999999996749
-13,52.5,0.81610000000000004761,0.81610000000000004761
-12,52.5,0.87029999999999996252,0.87029999999999996252
-11,52.5,0.9498999999999999666,0.9498999999999999666
-10,52.5,0.99319999999999997176,0.99319999999999997176
-9,52.5,0.99299999999999999378,0.99299999999999999378
-8,52.5,0.99990000000000001101,0.99990000000000001101
-7,52.5,0.76400000000000001243,0.76400000000000001243
-6,52.5,0.45800000000000001821,0.45800000000000001821
-5,52.5,0.1910999999999999921,0.1910999999999999921
-4,52.5,0.05630000000000000282,0.05630000000000000282
-3,52.5,0.022800000000000000822,0.022800000000000000822
-2,52.5,0.013299999999999999323,0.013299999999999999323
-1,52.5,0.0094000000000000003691,0.0094000000000000003691
0,52.5,0.008399999999999999481,0.008399999999999999481
1,52.5,0.0025999999999999998807,0.0025999999999999998807
2,52.5,0.00059999999999999994744,0.00059999999999999994744
3,52.5,0.00010000000000000000479,0.00010000000000000000479
4,52.5,0,0
5,52.5,0,0
6,52.5,0,0
7,52.5,0,0
8,52.5,0,0
9,52.5,0.00020000000000000000958,0.00020000000000000000958
10,52.5,0.00029999999999999997372,0.00029999999999999997372
11,52.5,0.0015000000000000000312,0.0015000000000000000312
12,52.5,0.065900000000000000244,0.065900000000000000244
13,52.5,0.066699999999999995404,0.066699999999999995404
14,52.5,0.11540000000000000258,0.11540000000000000258
15,52.5,0.11369999999999999551,0.11369999999999999551
16,52.5,0.21950000000000000067,0.21950000000000000067
17,52.5,0.6500000000000000222,0.6500000000000000222
18,52.5,0.1804000000000000048,0.1804000000000000048
19,52.5,0.42380000000000001004,0.42380000000000001004
20,52.5,0.56979999999999997318,0.56979999999999997318
21,52.5,0.93389999999999995239,0.93389999999999995239
22,52.5,0.73650000000000004352,0.73650000000000004352
23,52.5,0.64690000000000003055,0.64690000000000003055
24,52.5,0.8152000000000000357,0.8152000000000000357
25,52.5,0.71799999999999997158,0.71799999999999997158
26,52.5,0.95120000000000004547,0.95120000000000004547
27,52.5,0.89570000000000005169,0.89570000000000005169
28,52.5,0.61409999999999997922,0.61409999999999997922
29,52.5,0.84430000000000005045,0.84430000000000005045
30,52.5,0.85789999999999999591,0.85789999999999999591
31,52.5,0.35410000000000002585,0.35410000000000002585
32,52.5,0.49090000000000000302,0.49090000000000000302
33,52.5,0.69520000000000004015,0.69520000000000004015
34,52.5,0.42620000000000002327,0.42620000000000002327
35,52.5,0.041899999999999999745,0.041899999999999999745
36,52.5,0.08840000000000000635,0.08840000000000000635
37,52.5,0.12850000000000000311,0.12850000000000000311
38,52.5,0.33450000000000001954,0.33450000000000001954
39,52.5,0.32059999999999999609,0.32059999999999999609
40,52.5,0.67500000000000004441,0.67500000000000004441
41,52.5,0.63770000000000004459,0.63770000000000004459
42,52.5,0.087199999999999999734,0.087199999999999999734
43,52.5,0.015599999999999999284,0.015599999999999999284
44,52.5,0.050000000000000002776,0.050000000000000002776
45,52.5,0.12959999999999999298,0.12959999999999999298
46,52.5,0.44609999999999999654,0.44609999999999999654
47,52.5,0.61650000000000004796,0.61650000000000004796
48,52.5,0.37550000000000000044,0.37550000000000000044
49,52.5,0.61040000000000005365,0.61040000000000005365
50,52.5,0.8784999999999999476,0.8784999999999999476
51,52.5,0.70769999999999999574,0.70769999999999999574
52,52.5,0.31909999999999999476,0.31909999999999999476
53,52.5,0.2058000000000000107,0.2058000000000000107
54,52.5,0.12970000000000000973,0.12970000000000000973
55,52.5,0.11769999999999999907,0.11769999999999999907
56,52.5,0.11819999999999999951,0.11819999999999999951
57,52.5,0.0711999999999999994,0.0711999999999999994
58,52.5,0.26969999999999999529,0.26969999999999999529
59,52.5,0.38740000000000002212,0.38740000000000002212
60,52.5,0.45560000000000000497,0.45560000000000000497
61,52.5,0.46529999999999999138,0.46529999999999999138
62,52.5,0.6311999999999999833,0.6311999999999999833
63,52.5,0.77990000000000003766,0.77990000000000003766
64,52.5,0.81149999999999999911,0.81149999999999999911
65,52.5,0.90600000000000002753,0.90600000000000002753
66,52.5,0.91259999999999996678,0.91259999999999996678
67,52.5,0.8911000000000000032,0.8911000000000000032
68,52.5,0.85829999999999995186,0.85829999999999995186
69,52.5,0.76549999999999995826,0.76549999999999995826
70,52.5,0.42130000000000000782,0.42130000000000000782
-69,53.75,0.56210000000000004405,0.56210000000000004405
-68,53.75,0.7385000000000000453,0.7385000000000000453
-67,53.75,0.95869999999999999662,0.95869999999999999662
-66,53.75,0.9445999999999999952,0.9445999999999999952
-65,53.75,0.95340000000000002522,0.95340000000000002522
-64,53.75,0.97629999999999994564,0.97629999999999994564
-63,53.75,0.89259999999999994902,0.89259999999999994902
-62,53.75,0.7224000000000000421,0.7224000000000000421
-61,53.75,0.59770000000000000906,0.59770000000000000906
-60,53.75,0.6998999999999999666,0.6998999999999999666
-59,53.75,0.75660000000000005027,0.75660000000000005027
-58,53.75,0.89849999999999996536,0.89849999999999996536
-57,53.75,0.68610000000000004317,0.68610000000000004317
-56,53.75,0.49680000000000001936,0.49680000000000001936
-55,53.75,0.47570000000000001172,0.47570000000000001172
-54,53.75,0.31590000000000001412,0.31590000000000001412
-53,53.75,0.14460000000000000631,0.14460000000000000631
-52,53.75,0.014300000000000000211,0.014300000000000000211
-51,53.75,0.052200000000000003342,0.052200000000000003342
-50,53.75,0.32379999999999997673,0.32379999999999997673
-49,53.75,0.9947000000000000286,0.9947000000000000286
-48,53.75,0.73809999999999997833,0.73809999999999997833
-47,53.75,0.65149999999999996803,0.65149999999999996803
-46,53.75,0.5956000000000000183,0.5956000000000000183
-45,53.75,0.83060000000000000497,0.83060000000000000497
-44,53.75,0.53049999999999997158,0.53049999999999997158
-43,53.75,0.42289999999999999813,0.42289999999999999813
-42,53.75,0.28799999999999997824,0.28799999999999997824
-41,53.75,0.47410000000000002141,0.47410000000000002141
-40,53.75,0.17449999999999998845,0.17449999999999998845
-39,53.75,0.25330000000000002514,0.25330000000000002514
-38,53.75,0.70250000000000001332,0.70250000000000001332
-37,53.75,0.23269999999999999019,0.23269999999999999019
-36,53.75,0.13280000000000000138,0.13280000000000000138
-35,53.75,0.048199999999999999789,0.048199999999999999789
-34,53.75,0.034200000000000001232,0.034200000000000001232
-33,53.75,0.17469999999999999418,0.17469999999999999418
-32,53.75,0.22040000000000001257,0.22040000000000001257
-31,53.75,0.22379999999999999893,0.22379999999999999893
-30,53.75,0.09170000000000000373,0.09170000000000000373
-29,53.75,0.10979999999999999483,0.10979999999999999483
-28,53.75,0.16189999999999998836,0.16189999999999998836
-27,53.75,0.26660000000000000364,0.26660000000000000364
-26,53.75,0.26219999999999998863,0.26219999999999998863
-25,53.75,0.24579999999999999072,0.24579999999999999072
-24,53.75,0.26710000000000000409,0.26710000000000000409
-23,53.75,0.46860000000000001652,0.46860000000000001652
-22,53.75,0.92330000000000000959,0.92330000000000000959
-21,53.75,0.79749999999999998668,0.79749999999999998668
-20,53.75,0.7608000000000000318,0.7608000000000000318
-19,53.75,0.50549999999999994937,0.50549999999999994937
-18,53.75,0.36649999999999999245,0.36649999999999999245
-17,53.75,0.857099999999999973,0.857099999999999973
-16,53.75,1,1
-15,53.75,0.65149999999999996803,0.65149999999999996803
-14,53.75,0.84089999999999998082,0.84089999999999998082
-13,53.75,0.9028000000000000469,0.9028000000000000469
-12,53.75,0.88639999999999996572,0.88639999999999996572
-11,53.75,0.79790000000000005365,0.79790000000000005365
-10,53.75,0.88309999999999999609,0.88309999999999999609
-9,53.75,0.7973000000000000087,0.7973000000000000087
-8,53.75,0.82340000000000002078,0.82340000000000002078
-7,53.75,0.44180000000000002602,0.44180000000000002602
-6,53.75,0.33779999999999998916,0.33779999999999998916
-5,53.75,0.33779999999999998916,0.33779999999999998916
-4,53.75,0.096500000000000002442,0.096500000000000002442
-3,53.75,0.0099000000000000008132,0.0099000000000000008132
-2,53.75,0.002500000000000000052,0.002500000000000000052
-1,53.75,0.002500000000000000052,0.002500000000000000052
0,53.75,0.0028999999999999998002,0.0028999999999999998002
1,53.75,0.0020000000000000000416,0.0020000000000000000416
2,53.75,0.0011999999999999998949,0.0011999999999999998949
3,53.75,0.00029999999999999997372,0.00029999999999999997372
4,53.75,0.00020000000000000000958,0.00020000000000000000958
5,53.75,0.00010000000000000000479,0.00010000000000000000479
6,53.75,0.00010000000000000000479,0.00010000000000000000479
7,53.75,0,0
8,53.75,0,0
9,53.75,0,0
10,53.75,0.0011000000000000000663,0.0011000000000000000663
11,53.75,0.0065999999999999999639,0.0065999999999999999639
12,53.75,0.13619999999999998774,0.13619999999999998774
13,53.75,0.1575999999999999901,0.1575999999999999901
14,53.75,0.14399999999999998912,0.14399999999999998912
15,53.75,0.21609999999999998654,0.21609999999999998654
16,53.75,0.1320999999999999952,0.1320999999999999952
17,53.75,0.36180000000000001048,0.36180000000000001048
18,53.75,0.63949999999999995737,0.63949999999999995737
19,53.75,0.59130000000000004778,0.59130000000000004778
20,53.75,0.42189999999999999725,0.42189999999999999725
21,53.75,0.92159999999999997478,0.92159999999999997478
22,53.75,0.89439999999999997282,0.89439999999999997282
23,53.75,0.66100000000000003197,0.66100000000000003197
24,53.75,0.55769999999999997353,0.55769999999999997353
25,53.75,0.70040000000000002256,0.70040000000000002256
26,53.75,0.93579999999999996518,0.93579999999999996518
27,53.75,0.53649999999999997691,0.53649999999999997691
28,53.75,0.32800000000000001377,0.32800000000000001377
29,53.75,0.50819999999999998508,0.50819999999999998508
30,53.75,0.91039999999999998703,0.91039999999999998703
31,53.75,0.45140000000000002345,0.45140000000000002345
32,53.75,0.38509999999999999787,0.38509999999999999787
33,53.75,0.8322000000000000508,0.8322000000000000508
34,53.75,0.36980000000000001759,0.36980000000000001759
35,53.75,0.024199999999999999289,0.024199999999999999289
36,53.75,0.042000000000000002609,0.042000000000000002609
37,53.75,0.028299999999999998768,0.028299999999999998768
38,53.75,0.028199999999999999373,0.028199999999999999373
39,53.75,0.031500000000000000222,0.031500000000000000222
40,53.75,0.23660000000000000475,0.23660000000000000475
41,53.75,0.047699999999999999345,0.047699999999999999345
42,53.75,0.021399999999999998884,0.021399999999999998884
43,53.75,0.034200000000000001232,0.034200000000000001232
44,53.75,0.033200000000000000344,0.033200000000000000344
45,53.75,0.067299999999999998712,0.067299999999999998712
46,53.75,0.34660000000000001918,0.34660000000000001918
47,53.75,0.60119999999999995666,0.60119999999999995666
48,53.75,0.51529999999999998028,0.51529999999999998028
49,53.75,0.57799999999999995826,0.57799999999999995826
50,53.75,0.70279999999999998028,0.70279999999999998028
51,53.75,0.43369999999999997442,0.43369999999999997442
52,53.75,0.22500000000000000555,0.22500000000000000555
53,53.75,0.12509999999999998899,0.12509999999999998899
54,53.75,0.070599999999999996092,0.070599999999999996092
55,53.75,0.054199999999999998179,0.054199999999999998179
56,53.75,0.053300000000000000155,0.053300000000000000155
57,53.75,0.029700000000000000705,0.029700000000000000705
58,53.75,0.13730000000000000537,0.13730000000000000537
59,53.75,0.23990000000000000213,0.23990000000000000213
60,53.75,0.41870000000000001661,0.41870000000000001661
61,53.75,0.39219999999999999307,0.39219999999999999307
62,53.75,0.46679999999999999272,0.46679999999999999272
63,53.75,0.50329999999999996962,0.50329999999999996962
64,53.75,0.75039999999999995595,0.75039999999999995595
65,53.75,0.93300000000000005151,0.93300000000000005151
66,53.75,0.96579999999999999183,0.96579999999999999183
67,53.75,0.97640000000000004565,0.97640000000000004565
68,53.75,0.84340000000000003855,0.84340000000000003855
69,53.75,0.97009999999999996234,0.97009999999999996234
70,53.75,0.67379999999999995453,0.67379999999999995453
-69,55,0.66379999999999994564,0.66379999999999994564
-68,55,0.67840000000000000302,0.67840000000000000302
-67,55,0.56569999999999998064,0.56569999999999998064
-66,55,0.94869999999999998774,0.94869999999999998774
-65,55,0.91759999999999997122,0.91759999999999997122
-64,55,0.96699999999999997069,0.96699999999999997069
-63,55,0.82989999999999997105,0.82989999999999997105
-62,55,0.54710000000000003073,0.54710000000000003073
-61,55,0.47689999999999999059,0.47689999999999999059
-60,55,0.59640000000000004121,0.59640000000000004121
-59,55,0.72230000000000005311,0.72230000000000005311
-58,55,0.84130000000000004778,0.84130000000000004778
-57,55,0.55379999999999995897,0.55379999999999995897
-56,55,0.35560000000000002718,0.35560000000000002718
-55,55,0.33979999999999999094,0.33979999999999999094
-54,55,0.36740000000000000435,0.36740000000000000435
-53,55,0.25190000000000001279,0.25190000000000001279
-52,55,0.066600000000000006417,0.066600000000000006417
-51,55,0.16680000000000000382,0.16680000000000000382
-50,55,0.68100000000000004974,0.68100000000000004974
-49,55,0.99739999999999995328,0.99739999999999995328
-48,55,0.72689999999999999059,0.72689999999999999059
-47,55,0.46489999999999997993,0.46489999999999997993
-46,55,0.37099999999999999645,0.37099999999999999645
-45,55,0.52580000000000004512,0.52580000000000004512
-44,55,0.29239999999999999325,0.29239999999999999325
-43,55,0.34889999999999998792,0.34889999999999998792
-42,55,0.24759999999999998677,0.24759999999999998677
-41,55,0.40600000000000002753,0.40600000000000002753
-40,55,0.11830000000000000238,0.11830000000000000238
-39,55,0.36149999999999998801,0.36149999999999998801
-38,55,0.8864999999999999547,0.8864999999999999547
-37,55,0.44679999999999997495,0.44679999999999997495
-36,55,0.19839999999999999303,0.19839999999999999303
-35,55,0.026800000000000000905,0.026800000000000000905
-34,55,0.11300000000000000322,0.11300000000000000322
-33,55,0.15579999999999999405,0.15579999999999999405
-32,55,0.12939999999999998725,0.12939999999999998725
-31,55,0.13239999999999998992,0.13239999999999998992
-30,55,0.10109999999999999543,0.10109999999999999543
-29,55,0.078799999999999995048,0.078799999999999995048
-28,55,0.32550000000000001155,0.32550000000000001155
-27,55,0.47010000000000001785,0.47010000000000001785
-26,55,0.47710000000000002407,0.47710000000000002407
-25,55,0.37359999999999998765,0.37359999999999998765
-24,55,0.47970000000000001528,0.47970000000000001528
-23,55,0.85209999999999996856,0.85209999999999996856
-22,55,0.55869999999999997442,0.55869999999999997442
-21,55,0.51380000000000003446,0.51380000000000003446
-20,55,0.83420000000000005258,0.83420000000000005258
-19,55,0.49409999999999998366,0.49409999999999998366
-18,55,0.33450000000000001954,0.33450000000000001954
-17,55,0.97829999999999994742,0.97829999999999994742
-16,55,0.99160000000000003695,0.99160000000000003695
-15,55,0.66790000000000004921,0.66790000000000004921
-14,55,0.82379999999999997673,0.82379999999999997673
-13,55,0.90869999999999995222,0.90869999999999995222
-12,55,0.72509999999999996678,0.72509999999999996678
-11,55,0.41049999999999997602,0.41049999999999997602
-10,55,0.47429999999999999938,0.47429999999999999938
-9,55,0.50209999999999999076,0.50209999999999999076
-8,55,0.59240000000000003766,0.59240000000000003766
-7,55,0.51959999999999995079,0.51959999999999995079
-6,55,0.3375000000000000222,0.3375000000000000222
-5,55,0.27700000000000002398,0.27700000000000002398
-4,55,0.058900000000000000966,0.058900000000000000966
-3,55,0.0053000000000000000236,0.0053000000000000000236
-2,55,0.0015000000000000000312,0.0015000000000000000312
-1,55,0.0020000000000000000416,0.0020000000000000000416
0,55,0.0015000000000000000312,0.0015000000000000000312
1,55,0.002500000000000000052,0.002500000000000000052
2,55,0.0022000000000000001325,0.0022000000000000001325
3,55,0.0011999999999999998949,0.0011999999999999998949
4,55,0.00029999999999999997372,0.00029999999999999997372
5,55,0.00059999999999999994744,0.00059999999999999994744
6,55,0.00020000000000000000958,0.00020000000000000000958
7,55,0.00020000000000000000958,0.00020000000000000000958
8,55,0.00010000000000000000479,0.00010000000000000000479
9,55,0.00059999999999999994744,0.00059999999999999994744
10,55,0.00059999999999999994744,0.00059999999999999994744
11,55,0.0040000000000000000833,0.0040000000000000000833
12,55,0.058099999999999998868,0.058099999999999998868
13,55,0.28760000000000002229,0.28760000000000002229
14,55,0.41560000000000002496,0.41560000000000002496
15,55,0.48449999999999998623,0.48449999999999998623
16,55,0.25340000000000001412,0.25340000000000001412
17,55,0.18629999999999999338,0.18629999999999999338
18,55,0.30990000000000000879,0.30990000000000000879
19,55,0.48630000000000001004,0.48630000000000001004
20,55,0.64249999999999996003,0.64249999999999996003
21,55,0.83030000000000003801,0.83030000000000003801
22,55,0.98370000000000001883,0.98370000000000001883
23,55,0.73289999999999999591,0.73289999999999999591
24,55,0.85970000000000001972,0.85970000000000001972
25,55,0.91239999999999998881,0.91239999999999998881
26,55,0.98180000000000000604,0.98180000000000000604
27,55,0.79359999999999997211,0.79359999999999997211
28,55,0.57389999999999996572,0.57389999999999996572
29,55,0.46629999999999999227,0.46629999999999999227
30,55,0.56040000000000000924,0.56040000000000000924
31,55,0.59330000000000004956,0.59330000000000004956
32,55,0.36349999999999998979,0.36349999999999998979
33,55,0.54720000000000001972,0.54720000000000001972
34,55,0.14580000000000001292,0.14580000000000001292
35,55,0.0035999999999999999015,0.0035999999999999999015
36,55,0.015499999999999999889,0.015499999999999999889
37,55,0.0073000000000000000652,0.0073000000000000000652
38,55,0.0091000000000000004496,0.0091000000000000004496
39,55,0.0061000000000000003872,0.0061000000000000003872
40,55,0.055100000000000003142,0.055100000000000003142
41,55,0.0065999999999999999639,0.0065999999999999999639
42,55,0.0079000000000000007716,0.0079000000000000007716
43,55,0.079399999999999998357,0.079399999999999998357
44,55,0.039600000000000003253,0.039600000000000003253
45,55,0.055500000000000000722,0.055500000000000000722
46,55,0.25759999999999999565,0.25759999999999999565
47,55,0.65059999999999995612,0.65059999999999995612
48,55,0.68979999999999996874,0.68979999999999996874
49,55,0.73040000000000004921,0.73040000000000004921
50,55,0.63570000000000004281,0.63570000000000004281
51,55,0.36940000000000000613,0.36940000000000000613
52,55,0.14560000000000000719,0.14560000000000000719
53,55,0.082699999999999995737,0.082699999999999995737
54,55,0.040599999999999997202,0.040599999999999997202
55,55,0.019499999999999999972,0.019499999999999999972
56,55,0.025800000000000000017,0.025800000000000000017
57,55,0.015100000000000000575,0.015100000000000000575
58,55,0.046600000000000002531,0.046600000000000002531
59,55,0.21560000000000001386,0.21560000000000001386
60,55,0.41660000000000002585,0.41660000000000002585
61,55,0.44190000000000001501,0.44190000000000001501
62,55,0.40170000000000000151,0.40170000000000000151
63,55,0.28780000000000000027,0.28780000000000000027
64,55,0.64559999999999995168,0.64559999999999995168
65,55,0.90569999999999994955,0.90569999999999994955
66,55,0.96660000000000001474,0.96660000000000001474
67,55,0.97760000000000002451,0.97760000000000002451
68,55,0.87029999999999996252,0.87029999999999996252
69,55,0.90290000000000003588,0.90290000000000003588
70,55,0.9124999999999999778,0.9124999999999999778
-69,56.25,0.73939999999999994618,0.73939999999999994618
-68,56.25,0.82650000000000001243,0.82650000000000001243
-67,56.25,0.81299999999999994493,0.81299999999999994493
-66,56.25,0.97319999999999995399,0.97319999999999995399
-65,56.25,0.90520000000000000462,0.90520000000000000462
-64,56.25,0.91749999999999998224,0.91749999999999998224
-63,56.25,0.77339999999999997637,0.77339999999999997637
-62,56.25,0.45279999999999998028,0.45279999999999998028
-61,56.25,0.40779999999999999583,0.40779999999999999583
-60,56.25,0.58730000000000004423,0.58730000000000004423
-59,56.25,0.81610000000000004761,0.81610000000000004761
-58,56.25,0.79400000000000003908,0.79400000000000003908
-57,56.25,0.55420000000000002593,0.55420000000000002593
-56,56.25,0.22989999999999999325,0.22989999999999999325
-55,56.25,0.29299999999999998268,0.29299999999999998268
-54,56.25,0.35730000000000000648,0.35730000000000000648
-53,56.25,0.22389999999999998792,0.22389999999999998792
-52,56.25,0.26889999999999997238,0.26889999999999997238
-51,56.25,0.49430000000000001714,0.49430000000000001714
-50,56.25,0.86560000000000003606,0.86560000000000003606
-49,56.25,0.85819999999999996287,0.85819999999999996287
-48,56.25,0.5052999999999999714,0.5052999999999999714
-47,56.25,0.50890000000000001901,0.50890000000000001901
-46,56.25,0.4597999999999999865,0.4597999999999999865
-45,56.25,0.44629999999999997451,0.44629999999999997451
-44,56.25,0.33210000000000000631,0.33210000000000000631
-43,56.25,0.46000000000000001998,0.46000000000000001998
-42,56.25,0.71150000000000002132,0.71150000000000002132
-41,56.25,0.65559999999999996056,0.65559999999999996056
-40,56.25,0.17419999999999999374,0.17419999999999999374
-39,56.25,0.36459999999999997966,0.36459999999999997966
-38,56.25,0.80410000000000003695,0.80410000000000003695
-37,56.25,0.55449999999999999289,0.55449999999999999289
-36,56.25,0.29339999999999999414,0.29339999999999999414
-35,56.25,0.037800000000000000266,0.037800000000000000266
-34,56.25,0.076399999999999995692,0.076399999999999995692
-33,56.25,0.1285999999999999921,0.1285999999999999921
-32,56.25,0.10080000000000000071,0.10080000000000000071
-31,56.25,0.21270000000000000018,0.21270000000000000018
-30,56.25,0.22200000000000000289,0.22200000000000000289
-29,56.25,0.18599999999999999867,0.18599999999999999867
-28,56.25,0.34260000000000001563,0.34260000000000001563
-27,56.25,0.6215000000000000524,0.6215000000000000524
-26,56.25,0.82169999999999998597,0.82169999999999998597
-25,56.25,0.85289999999999999147,0.85289999999999999147
-24,56.25,0.96940000000000003944,0.96940000000000003944
-23,56.25,0.80359999999999998099,0.80359999999999998099
-22,56.25,0.52129999999999998561,0.52129999999999998561
-21,56.25,0.44890000000000002123,0.44890000000000002123
-20,56.25,0.74270000000000002682,0.74270000000000002682
-19,56.25,0.56879999999999997229,0.56879999999999997229
-18,56.25,0.44869999999999998774,0.44869999999999998774
-17,56.25,0.97089999999999998526,0.97089999999999998526
-16,56.25,0.98740000000000005542,0.98740000000000005542
-15,56.25,0.69710000000000005294,0.69710000000000005294
-14,56.25,0.97719999999999995755,0.97719999999999995755
-13,56.25,0.68579999999999996518,0.68579999999999996518
-12,56.25,0.3454999999999999738,0.3454999999999999738
-11,56.25,0.18599999999999999867,0.18599999999999999867
-10,56.25,0.34529999999999999583,0.34529999999999999583
-9,56.25,0.56669999999999998153,0.56669999999999998153
-8,56.25,0.75749999999999995115,0.75749999999999995115
-7,56.25,0.60680000000000000604,0.60680000000000000604
-6,56.25,0.43950000000000000178,0.43950000000000000178
-5,56.25,0.08840000000000000635,0.08840000000000000635
-4,56.25,0.011499999999999999806,0.011499999999999999806
-3,56.25,0.0028999999999999998002,0.0028999999999999998002
-2,56.25,0.0016000000000000000767,0.0016000000000000000767
-1,56.25,0.00080000000000000003834,0.00080000000000000003834
0,56.25,0.0030999999999999998911,0.0030999999999999998911
1,56.25,0.0020000000000000000416,0.0020000000000000000416
2,56.25,0.0020000000000000000416,0.0020000000000000000416
3,56.25,0.0027999999999999999716,0.0027999999999999999716
4,56.25,0.00089999999999999997537,0.00089999999999999997537
5,56.25,0.00080000000000000003834,0.00080000000000000003834
6,56.25,0.00020000000000000000958,0.00020000000000000000958
7,56.25,0.00010000000000000000479,0.00010000000000000000479
8,56.25,0.00059999999999999994744,0.00059999999999999994744
9,56.25,0.00040000000000000001917,0.00040000000000000001917
10,56.25,0.0016000000000000000767,0.0016000000000000000767
11,56.25,0.015100000000000000575,0.015100000000000000575
12,56.25,0.097100000000000005751,0.097100000000000005751
13,56.25,0.40250000000000002442,0.40250000000000002442
14,56.25,0.85109999999999996767,0.85109999999999996767
15,56.25,0.8106999999999999762,0.8106999999999999762
16,56.25,0.45479999999999998206,0.45479999999999998206
17,56.25,0.21240000000000000546,0.21240000000000000546
18,56.25,0.09909999999999999365,0.09909999999999999365
19,56.25,0.1862000000000000044,0.1862000000000000044
20,56.25,0.52449999999999996625,0.52449999999999996625
21,56.25,0.82560000000000000053,0.82560000000000000053
22,56.25,0.98109999999999997211,0.98109999999999997211
23,56.25,0.85170000000000001261,0.85170000000000001261
24,56.25,0.88229999999999997318,0.88229999999999997318
25,56.25,0.95420000000000004814,0.95420000000000004814
26,56.25,0.86280000000000001137,0.86280000000000001137
27,56.25,0.87370000000000003215,0.87370000000000003215
28,56.25,0.92930000000000001492,0.92930000000000001492
29,56.25,0.95350000000000001421,0.95350000000000001421
30,56.25,0.97319999999999995399,0.97319999999999995399
31,56.25,0.8224000000000000199,0.8224000000000000199
32,56.25,0.45769999999999999574,0.45769999999999999574
33,56.25,0.32150000000000000799,0.32150000000000000799
34,56.25,0.044299999999999999101,0.044299999999999999101
35,56.25,0.0074999999999999997224,0.0074999999999999997224
36,56.25,0.0091000000000000004496,0.0091000000000000004496
37,56.25,0.030700000000000001593,0.030700000000000001593
38,56.25,0.013299999999999999323,0.013299999999999999323
39,56.25,0.010500000000000000652,0.010500000000000000652
40,56.25,0.016799999999999998962,0.016799999999999998962
41,56.25,0.002500000000000000052,0.002500000000000000052
42,56.25,0.010999999999999999362,0.010999999999999999362
43,56.25,0.097699999999999995182,0.097699999999999995182
44,56.25,0.086400000000000004574,0.086400000000000004574
45,56.25,0.062799999999999994715,0.062799999999999994715
46,56.25,0.09829999999999999849,0.09829999999999999849
47,56.25,0.52880000000000004778,0.52880000000000004778
48,56.25,0.72179999999999999716,0.72179999999999999716
49,56.25,0.75729999999999997318,0.75729999999999997318
50,56.25,0.72829999999999994742,0.72829999999999994742
51,56.25,0.50280000000000002469,0.50280000000000002469
52,56.25,0.29310000000000002718,0.29310000000000002718
53,56.25,0.13259999999999999565,0.13259999999999999565
54,56.25,0.033300000000000003209,0.033300000000000003209
55,56.25,0.0097000000000000002887,0.0097000000000000002887
56,56.25,0.015400000000000000494,0.015400000000000000494
57,56.25,0.0082000000000000006911,0.0082000000000000006911
58,56.25,0.024600000000000000339,0.024600000000000000339
59,56.25,0.17050000000000001266,0.17050000000000001266
60,56.25,0.35549999999999998268,0.35549999999999998268
61,56.25,0.50960000000000005294,0.50960000000000005294
62,56.25,0.37609999999999998987,0.37609999999999998987
63,56.25,0.21169999999999999929,0.21169999999999999929
64,56.25,0.56789999999999996039,0.56789999999999996039
65,56.25,0.89529999999999998472,0.89529999999999998472
66,56.25,0.93540000000000000924,0.93540000000000000924
67,56.25,0.95740000000000002878,0.95740000000000002878
68,56.25,0.89810000000000000941,0.89810000000000000941
69,56.25,0.84789999999999998703,0.84789999999999998703
70,56.25,0.8981999999999999984,0.8981999999999999984
-69,57.5,0.85070000000000001172,0.85070000000000001172
-68,57.5,0.83140000000000002789,0.83140000000000002789
-67,57.5,0.87460000000000004405,0.87460000000000004405
-66,57.5,0.99629999999999996341,0.99629999999999996341
-65,57.5,0.89300000000000001599,0.89300000000000001599
-64,57.5,0.87919999999999998153,0.87919999999999998153
-63,57.5,0.75190000000000001279,0.75190000000000001279
-62,57.5,0.47310000000000002052,0.47310000000000002052
-61,57.5,0.42370000000000002105,0.42370000000000002105
-60,57.5,0.6491000000000000103,0.6491000000000000103
-59,57.5,0.87580000000000002292,0.87580000000000002292
-58,57.5,0.81589999999999995861,0.81589999999999995861
-57,57.5,0.63880000000000003446,0.63880000000000003446
-56,57.5,0.22500000000000000555,0.22500000000000000555
-55,57.5,0.24169999999999999818,0.24169999999999999818
-54,57.5,0.22670000000000001261,0.22670000000000001261
-53,57.5,0.18049999999999999378,0.18049999999999999378
-52,57.5,0.41710000000000002629,0.41710000000000002629
-51,57.5,0.62980000000000002647,0.62980000000000002647
-50,57.5,0.8409999999999999698,0.8409999999999999698
-49,57.5,0.71109999999999995435,0.71109999999999995435
-48,57.5,0.43869999999999997886,0.43869999999999997886
-47,57.5,0.45579999999999998295,0.45579999999999998295
-46,57.5,0.41270000000000001128,0.41270000000000001128
-45,57.5,0.37080000000000001847,0.37080000000000001847
-44,57.5,0.27360000000000000986,0.27360000000000000986
-43,57.5,0.87299999999999999822,0.87299999999999999822
-42,57.5,0.90620000000000000551,0.90620000000000000551
-41,57.5,0.53859999999999996767,0.53859999999999996767
-40,57.5,0.13150000000000000577,0.13150000000000000577
-39,57.5,0.25190000000000001279,0.25190000000000001279
-38,57.5,0.24410000000000001141,0.24410000000000001141
-37,57.5,0.11909999999999999754,0.11909999999999999754
-36,57.5,0.097100000000000005751,0.097100000000000005751
-35,57.5,0.02999999999999999889,0.02999999999999999889
-34,57.5,0.044200000000000003175,0.044200000000000003175
-33,57.5,0.21599999999999999756,0.21599999999999999756
-32,57.5,0.25309999999999999165,0.25309999999999999165
-31,57.5,0.37109999999999998543,0.37109999999999998543
-30,57.5,0.48780000000000001137,0.48780000000000001137
-29,57.5,0.65400000000000002576,0.65400000000000002576
-28,57.5,0.42559999999999997833,0.42559999999999997833
-27,57.5,0.94520000000000004015,0.94520000000000004015
-26,57.5,0.77520000000000000018,0.77520000000000000018
-25,57.5,0.60780000000000000693,0.60780000000000000693
-24,57.5,0.53080000000000004956,0.53080000000000004956
-23,57.5,0.41909999999999997256,0.41909999999999997256
-22,57.5,0.22889999999999999236,0.22889999999999999236
-21,57.5,0.25690000000000001723,0.25690000000000001723
-20,57.5,0.63190000000000001723,0.63190000000000001723
-19,57.5,0.51719999999999999307,0.51719999999999999307
-18,57.5,0.38359999999999999654,0.38359999999999999654
-17,57.5,0.98409999999999997478,0.98409999999999997478
-16,57.5,0.99399999999999999467,0.99399999999999999467
-15,57.5,0.98689999999999999947,0.98689999999999999947
-14,57.5,0.92300000000000004263,0.92300000000000004263
-13,57.5,0.34179999999999999272,0.34179999999999999272
-12,57.5,0.17760000000000000786,0.17760000000000000786
-11,57.5,0.12550000000000000044,0.12550000000000000044
-10,57.5,0.28610000000000002096,0.28610000000000002096
-9,57.5,0.4981999999999999762,0.4981999999999999762
-8,57.5,0.62809999999999999165,0.62809999999999999165
-7,57.5,0.71140000000000003233,0.71140000000000003233
-6,57.5,0.45600000000000001643,0.45600000000000001643
-5,57.5,0.058500000000000003386,0.058500000000000003386
-4,57.5,0.0044000000000000002651,0.0044000000000000002651
-3,57.5,0.0010000000000000000208,0.0010000000000000000208
-2,57.5,0.00080000000000000003834,0.00080000000000000003834
-1,57.5,0.00050000000000000001041,0.00050000000000000001041
0,57.5,0.002500000000000000052,0.002500000000000000052
1,57.5,0.0022999999999999999611,0.0022999999999999999611
2,57.5,0.0025999999999999998807,0.0025999999999999998807
3,57.5,0.0035999999999999999015,0.0035999999999999999015
4,57.5,0.0027999999999999999716,0.0027999999999999999716
5,57.5,0.0017999999999999999507,0.0017999999999999999507
6,57.5,0.00029999999999999997372,0.00029999999999999997372
7,57.5,0,0
8,57.5,0.00040000000000000001917,0.00040000000000000001917
9,57.5,0.00020000000000000000958,0.00020000000000000000958
10,57.5,0.0037000000000000001638,0.0037000000000000001638
11,57.5,0.045999999999999999223,0.045999999999999999223
12,57.5,0.20930000000000001381,0.20930000000000001381
13,57.5,0.51749999999999996003,0.51749999999999996003
14,57.5,0.78229999999999999538,0.78229999999999999538
15,57.5,0.91639999999999999236,0.91639999999999999236
16,57.5,0.78500000000000003109,0.78500000000000003109
17,57.5,0.53629999999999999893,0.53629999999999999893
18,57.5,0.158500000000000002,0.158500000000000002
19,57.5,0.12609999999999998987,0.12609999999999998987
20,57.5,0.25580000000000002736,0.25580000000000002736
21,57.5,0.211999999999999994,0.211999999999999994
22,57.5,0.35959999999999997522,0.35959999999999997522
23,57.5,0.3534999999999999809,0.3534999999999999809
24,57.5,0.68230000000000001759,0.68230000000000001759
25,57.5,0.96660000000000001474,0.96660000000000001474
26,57.5,0.54330000000000000515,0.54330000000000000515
27,57.5,0.7509000000000000119,0.7509000000000000119
28,57.5,0.98960000000000003517,0.98960000000000003517
29,57.5,0.98340000000000005187,0.98340000000000005187
30,57.5,0.87560000000000004494,0.87560000000000004494
31,57.5,0.84370000000000000551,0.84370000000000000551
32,57.5,0.31759999999999999343,0.31759999999999999343
33,57.5,0.23419999999999999152,0.23419999999999999152
34,57.5,0.084900000000000003242,0.084900000000000003242
35,57.5,0.042200000000000001399,0.042200000000000001399
36,57.5,0.029399999999999999051,0.029399999999999999051
37,57.5,0.075399999999999994804,0.075399999999999994804
38,57.5,0.13780000000000000582,0.13780000000000000582
39,57.5,0.039300000000000001599,0.039300000000000001599
40,57.5,0.0057000000000000002054,0.0057000000000000002054
41,57.5,0.00089999999999999997537,0.00089999999999999997537
42,57.5,0.011100000000000000491,0.011100000000000000491
43,57.5,0.037800000000000000266,0.037800000000000000266
44,57.5,0.12420000000000000484,0.12420000000000000484
45,57.5,0.073099999999999998312,0.073099999999999998312
46,57.5,0.077299999999999993716,0.077299999999999993716
47,57.5,0.37930000000000002602,0.37930000000000002602
48,57.5,0.72309999999999996501,0.72309999999999996501
49,57.5,0.92000000000000003997,0.92000000000000003997
50,57.5,0.80820000000000002949,0.80820000000000002949
51,57.5,0.69510000000000005116,0.69510000000000005116
52,57.5,0.61029999999999995364,0.61029999999999995364
53,57.5,0.24820000000000000395,0.24820000000000000395
54,57.5,0.033300000000000003209,0.033300000000000003209
55,57.5,0.0067999999999999996211,0.0067999999999999996211
56,57.5,0.0091999999999999998446,0.0091999999999999998446
57,57.5,0.0055999999999999999431,0.0055999999999999999431
58,57.5,0.013299999999999999323,0.013299999999999999323
59,57.5,0.1356999999999999873,0.1356999999999999873
60,57.5,0.27560000000000001164,0.27560000000000001164
61,57.5,0.49309999999999998277,0.49309999999999998277
62,57.5,0.5197000000000000508,0.5197000000000000508
63,57.5,0.35739999999999999547,0.35739999999999999547
64,57.5,0.58599999999999996536,0.58599999999999996536
65,57.5,0.8471999999999999531,0.8471999999999999531
66,57.5,0.93820000000000003393,0.93820000000000003393
67,57.5,0.9489999999999999547,0.9489999999999999547
68,57.5,0.92520000000000002238,0.92520000000000002238
69,57.5,0.8784999999999999476,0.8784999999999999476
70,57.5,0.91300000000000003375,0.91300000000000003375
-69,58.75,0.90539999999999998259,0.90539999999999998259
-68,58.75,0.94259999999999999343,0.94259999999999999343
-67,58.75,0.90069999999999994511,0.90069999999999994511
-66,58.75,0.99950000000000005507,0.99950000000000005507
-65,58.75,0.93600000000000005418,0.93600000000000005418
-64,58.75,0.89349999999999996092,0.89349999999999996092
-63,58.75,0.76090000000000002078,0.76090000000000002078
-62,58.75,0.47020000000000000684,0.47020000000000000684
-61,58.75,0.39240000000000002656,0.39240000000000002656
-60,58.75,0.65449999999999997069,0.65449999999999997069
-59,58.75,0.79410000000000002807,0.79410000000000002807
-58,58.75,0.67869999999999996998,0.67869999999999996998
-57,58.75,0.55649999999999999467,0.55649999999999999467
-56,58.75,0.28349999999999997424,0.28349999999999997424
-55,58.75,0.18790000000000001146,0.18790000000000001146
-54,58.75,0.16480000000000000204,0.16480000000000000204
-53,58.75,0.2451000000000000123,0.2451000000000000123
-52,58.75,0.65769999999999995133,0.65769999999999995133
-51,58.75,0.72489999999999998881,0.72489999999999998881
-50,58.75,0.86770000000000002682,0.86770000000000002682
-49,58.75,0.69710000000000005294,0.69710000000000005294
-48,58.75,0.48430000000000000826,0.48430000000000000826
-47,58.75,0.37840000000000001412,0.37840000000000001412
-46,58.75,0.3347999999999999865,0.3347999999999999865
-45,58.75,0.36969999999999997309,0.36969999999999997309
-44,58.75,0.33019999999999999352,0.33019999999999999352
-43,58.75,0.80269999999999996909,0.80269999999999996909
-42,58.75,0.57099999999999995204,0.57099999999999995204
-41,58.75,0.22530000000000000027,0.22530000000000000027
-40,58.75,0.23799999999999998934,0.23799999999999998934
-39,58.75,0.16350000000000000644,0.16350000000000000644
-38,58.75,0.085300000000000000822,0.085300000000000000822
-37,58.75,0.030700000000000001593,0.030700000000000001593
-36,58.75,0.052699999999999996847,0.052699999999999996847
-35,58.75,0.024899999999999998523,0.024899999999999998523
-34,58.75,0.042599999999999998979,0.042599999999999998979
-33,58.75,0.21340000000000000635,0.21340000000000000635
-32,58.75,0.23990000000000000213,0.23990000000000000213
-31,58.75,0.34789999999999998703,0.34789999999999998703
-30,58.75,0.54269999999999996021,0.54269999999999996021
-29,58.75,0.79239999999999999325,0.79239999999999999325
-28,58.75,0.71120000000000005436,0.71120000000000005436
-27,58.75,0.88680000000000003268,0.88680000000000003268
-26,58.75,0.55740000000000000657,0.55740000000000000657
-25,58.75,0.44500000000000000666,0.44500000000000000666
-24,58.75,0.44040000000000001368,0.44040000000000001368
-23,58.75,0.2741000000000000103,0.2741000000000000103
-22,58.75,0.1001999999999999974,0.1001999999999999974
-21,58.75,0.20389999999999999791,0.20389999999999999791
-20,58.75,0.4545000000000000151,0.4545000000000000151
-19,58.75,0.45960000000000000853,0.45960000000000000853
-18,58.75,0.55200000000000004619,0.55200000000000004619
-17,58.75,0.98080000000000000515,0.98080000000000000515
-16,58.75,0.87299999999999999822,0.87299999999999999822
-15,58.75,0.98289999999999999591,0.98289999999999999591
-14,58.75,0.73060000000000002718,0.73060000000000002718
-13,58.75,0.1688000000000000056,0.1688000000000000056
-12,58.75,0.078700000000000006062,0.078700000000000006062
-11,58.75,0.0538000000000000006,0.0538000000000000006
-10,58.75,0.17869999999999999774,0.17869999999999999774
-9,58.75,0.37219999999999997531,0.37219999999999997531
-8,58.75,0.65639999999999998348,0.65639999999999998348
-7,58.75,0.8025999999999999801,0.8025999999999999801
-6,58.75,0.21079999999999998739,0.21079999999999998739
-5,58.75,0.038300000000000000711,0.038300000000000000711
-4,58.75,0.0016000000000000000767,0.0016000000000000000767
-3,58.75,0.00080000000000000003834,0.00080000000000000003834
-2,58.75,0.00029999999999999997372,0.00029999999999999997372
-1,58.75,0.00050000000000000001041,0.00050000000000000001041
0,58.75,0.0022999999999999999611,0.0022999999999999999611
1,58.75,0.0032000000000000001533,0.0032000000000000001533
2,58.75,0.0018999999999999999962,0.0018999999999999999962
3,58.75,0.0025999999999999998807,0.0025999999999999998807
4,58.75,0.0088000000000000005301,0.0088000000000000005301
5,58.75,0.0057000000000000002054,0.0057000000000000002054
6,58.75,0.0011999999999999998949,0.0011999999999999998949
7,58.75,0.00040000000000000001917,0.00040000000000000001917
8,58.75,0.0015000000000000000312,0.0015000000000000000312
9,58.75,0.0010000000000000000208,0.0010000000000000000208
10,58.75,0.0030000000000000000625,0.0030000000000000000625
11,58.75,0.02380000000000000171,0.02380000000000000171
12,58.75,0.19580000000000000182,0.19580000000000000182
13,58.75,0.50160000000000004583,0.50160000000000004583
14,58.75,0.72880000000000000338,0.72880000000000000338
15,58.75,0.82299999999999995381,0.82299999999999995381
16,58.75,0.85250000000000003553,0.85250000000000003553
17,58.75,0.89610000000000000764,0.89610000000000000764
18,58.75,0.60560000000000002718,0.60560000000000002718
19,58.75,0.16869999999999998885,0.16869999999999998885
20,58.75,0.10119999999999999829,0.10119999999999999829
21,58.75,0.076999999999999999001,0.076999999999999999001
22,58.75,0.013899999999999999162,0.013899999999999999162
23,58.75,0.044900000000000002409,0.044900000000000002409
24,58.75,0.38329999999999997407,0.38329999999999997407
25,58.75,0.76829999999999998295,0.76829999999999998295
26,58.75,0.63629999999999997673,0.63629999999999997673
27,58.75,0.71919999999999995044,0.71919999999999995044
28,58.75,0.85599999999999998312,0.85599999999999998312
29,58.75,0.93879999999999996785,0.93879999999999996785
30,58.75,0.38550000000000000933,0.38550000000000000933
31,58.75,0.76019999999999998685,0.76019999999999998685
32,58.75,0.19509999999999999565,0.19509999999999999565
33,58.75,0.058299999999999997657,0.058299999999999997657
34,58.75,0.054899999999999997413,0.054899999999999997413
35,58.75,0.065600000000000005529,0.065600000000000005529
36,58.75,0.065100000000000005085,0.065100000000000005085
37,58.75,0.053699999999999997735,0.053699999999999997735
38,58.75,0.12220000000000000306,0.12220000000000000306
39,58.75,0.45019999999999998908,0.45019999999999998908
40,58.75,0.063500000000000000888,0.063500000000000000888
41,58.75,0.0054999999999999996808,0.0054999999999999996808
42,58.75,0.0023999999999999997898,0.0023999999999999997898
43,58.75,0.017399999999999998801,0.017399999999999998801
44,58.75,0.16500000000000000777,0.16500000000000000777
45,58.75,0.10259999999999999676,0.10259999999999999676
46,58.75,0.050400000000000000355,0.050400000000000000355
47,58.75,0.24779999999999999249,0.24779999999999999249
48,58.75,0.6936999999999999833,0.6936999999999999833
49,58.75,0.97130000000000005222,0.97130000000000005222
50,58.75,0.68879999999999996785,0.68879999999999996785
51,58.75,0.55189999999999994618,0.55189999999999994618
52,58.75,0.76300000000000001155,0.76300000000000001155
53,58.75,0.54859999999999997655,0.54859999999999997655
54,58.75,0.13600000000000000977,0.13600000000000000977
55,58.75,0.0073000000000000000652,0.0073000000000000000652
56,58.75,0.007100000000000000408,0.007100000000000000408
57,58.75,0.003299999999999999982,0.003299999999999999982
58,58.75,0.002500000000000000052,0.002500000000000000052
59,58.75,0.012099999999999999645,0.012099999999999999645
60,58.75,0.10770000000000000406,0.10770000000000000406
61,58.75,0.32200000000000000844,0.32200000000000000844
62,58.75,0.69540000000000001812,0.69540000000000001812
63,58.75,0.44379999999999997229,0.44379999999999997229
64,58.75,0.66949999999999998401,0.66949999999999998401
65,58.75,0.75009999999999998899,0.75009999999999998899
66,58.75,0.93640000000000001013,0.93640000000000001013
67,58.75,0.97689999999999999059,0.97689999999999999059
68,58.75,0.9498999999999999666,0.9498999999999999666
69,58.75,0.87219999999999997531,0.87219999999999997531
70,58.75,0.90480000000000004867,0.90480000000000004867
-69,60,0.94689999999999996394,0.94689999999999996394
-68,60,0.98509999999999997566,0.98509999999999997566
-67,60,0.89510000000000000675,0.89510000000000000675
-66,60,0.99360000000000003872,0.99360000000000003872
-65,60,0.97250000000000003109,0.97250000000000003109
-64,60,0.89800000000000002043,0.89800000000000002043
-63,60,0.77159999999999995257,0.77159999999999995257
-62,60,0.46550000000000002487,0.46550000000000002487
-61,60,0.39010000000000000231,0.39010000000000000231
-60,60,0.62239999999999995328,0.62239999999999995328
-59,60,0.8125,0.8125
-58,60,0.55610000000000003872,0.55610000000000003872
-57,60,0.34699999999999997513,0.34699999999999997513
-56,60,0.29620000000000001883,0.29620000000000001883
-55,60,0.14249999999999998779,0.14249999999999998779
-54,60,0.16280000000000000027,0.16280000000000000027
-53,60,0.42089999999999999636,0.42089999999999999636
-52,60,0.82410000000000005471,0.82410000000000005471
-51,60,0.88570000000000004281,0.88570000000000004281
-50,60,0.7509000000000000119,0.7509000000000000119
-49,60,0.53320000000000000728,0.53320000000000000728
-48,60,0.45969999999999999751,0.45969999999999999751
-47,60,0.30609999999999998321,0.30609999999999998321
-46,60,0.17519999999999999463,0.17519999999999999463
-45,60,0.44840000000000002078,0.44840000000000002078
-44,60,0.45839999999999997415,0.45839999999999997415
-43,60,0.75960000000000005294,0.75960000000000005294
-42,60,0.26229999999999997762,0.26229999999999997762
-41,60,0.19129999999999999782,0.19129999999999999782
-40,60,0.3366000000000000103,0.3366000000000000103
-39,60,0.16320000000000001172,0.16320000000000001172
-38,60,0.13800000000000001155,0.13800000000000001155
-37,60,0.033700000000000000788,0.033700000000000000788
-36,60,0.033500000000000001998,0.033500000000000001998
-35,60,0.073400000000000006906,0.073400000000000006906
-34,60,0.16630000000000000338,0.16630000000000000338
-33,60,0.24279999999999998805,0.24279999999999998805
-32,60,0.39689999999999997504,0.39689999999999997504
-31,60,0.64570000000000005169,0.64570000000000005169
-30,60,0.71840000000000003855,0.71840000000000003855
-29,60,0.88549999999999995381,0.88549999999999995381
-28,60,0.91180000000000005489,0.91180000000000005489
-27,60,0.67159999999999997478,0.67159999999999997478
-26,60,0.42439999999999999947,0.42439999999999999947
-25,60,0.29849999999999998757,0.29849999999999998757
-24,60,0.22150000000000000244,0.22150000000000000244
-23,60,0.13200000000000000622,0.13200000000000000622
-22,60,0.076300000000000006706,0.076300000000000006706
-21,60,0.25640000000000001679,0.25640000000000001679
-20,60,0.44850000000000000977,0.44850000000000000977
-19,60,0.49049999999999999156,0.49049999999999999156
-18,60,0.65339999999999998082,0.65339999999999998082
-17,60,0.92200000000000004174,0.92200000000000004174
-16,60,0.74790000000000000924,0.74790000000000000924
-15,60,0.95220000000000004636,0.95220000000000004636
-14,60,0.58440000000000003055,0.58440000000000003055
-13,60,0.15659999999999998921,0.15659999999999998921
-12,60,0.11300000000000000322,0.11300000000000000322
-11,60,0.13389999999999999125,0.13389999999999999125
-10,60,0.17360000000000000431,0.17360000000000000431
-9,60,0.38779999999999997806,0.38779999999999997806
-8,60,0.60389999999999999236,0.60389999999999999236
-7,60,0.75609999999999999432,0.75609999999999999432
-6,60,0.20860000000000000764,0.20860000000000000764
-5,60,0.036499999999999997724,0.036499999999999997724
-4,60,0.0020000000000000000416,0.0020000000000000000416
-3,60,0.00029999999999999997372,0.00029999999999999997372
-2,60,0.00080000000000000003834,0.00080000000000000003834
-1,60,0.00089999999999999997537,0.00089999999999999997537
0,60,0.0018999999999999999962,0.0018999999999999999962
1,60,0.002500000000000000052,0.002500000000000000052
2,60,0.003299999999999999982,0.003299999999999999982
3,60,0.0045999999999999999223,0.0045999999999999999223
4,60,0.014999999999999999445,0.014999999999999999445
5,60,0.014999999999999999445,0.014999999999999999445
6,60,0.0047000000000000001846,0.0047000000000000001846
7,60,0.0067000000000000002262,0.0067000000000000002262
8,60,0.0057000000000000002054,0.0057000000000000002054
9,60,0.008399999999999999481,0.008399999999999999481
10,60,0.0074999999999999997224,0.0074999999999999997224
11,60,0.037499999999999998612,0.037499999999999998612
12,60,0.22309999999999999276,0.22309999999999999276
13,60,0.48139999999999999458,0.48139999999999999458
14,60,0.47670000000000001261,0.47670000000000001261
15,60,0.5776999999999999913,0.5776999999999999913
16,60,0.6989999999999999547,0.6989999999999999547
17,60,0.74860000000000004317,0.74860000000000004317
18,60,0.73880000000000001226,0.73880000000000001226
19,60,0.3508999999999999897,0.3508999999999999897
20,60,0.14810000000000000941,0.14810000000000000941
21,60,0.066000000000000003109,0.066000000000000003109
22,60,0.0055999999999999999431,0.0055999999999999999431
23,60,0.0022999999999999999611,0.0022999999999999999611
24,60,0.10040000000000000313,0.10040000000000000313
25,60,0.38080000000000002736,0.38080000000000002736
26,60,0.71989999999999998437,0.71989999999999998437
27,60,0.83640000000000003233,0.83640000000000003233
28,60,0.94569999999999998508,0.94569999999999998508
29,60,0.92300000000000004263,0.92300000000000004263
30,60,0.57079999999999997407,0.57079999999999997407
31,60,0.49159999999999998144,0.49159999999999998144
32,60,0.19530000000000000138,0.19530000000000000138
33,60,0.032199999999999999456,0.032199999999999999456
34,60,0.33129999999999998339,0.33129999999999998339
35,60,0.098100000000000006639,0.098100000000000006639
36,60,0.13980000000000000759,0.13980000000000000759
37,60,0.080199999999999993516,0.080199999999999993516
38,60,0.02359999999999999945,0.02359999999999999945
39,60,0.17710000000000000742,0.17710000000000000742
40,60,0.32610000000000000098,0.32610000000000000098
41,60,0.095200000000000006839,0.095200000000000006839
42,60,0.0051999999999999997613,0.0051999999999999997613
43,60,0.013799999999999999767,0.013799999999999999767
44,60,0.11269999999999999463,0.11269999999999999463
45,60,0.14769999999999999796,0.14769999999999999796
46,60,0.081000000000000002554,0.081000000000000002554
47,60,0.055599999999999996647,0.055599999999999996647
48,60,0.32919999999999999263,0.32919999999999999263
49,60,0.8679000000000000048,0.8679000000000000048
50,60,0.72479999999999999982,0.72479999999999999982
51,60,0.72440000000000004388,0.72440000000000004388
52,60,0.8626000000000000334,0.8626000000000000334
53,60,0.57840000000000002522,0.57840000000000002522
54,60,0.15720000000000000639,0.15720000000000000639
55,60,0.026399999999999999856,0.026399999999999999856
56,60,0.007100000000000000408,0.007100000000000000408
57,60,0.010699999999999999442,0.010699999999999999442
58,60,0.010300000000000000128,0.010300000000000000128
59,60,0.01200000000000000025,0.01200000000000000025
60,60,0.098100000000000006639,0.098100000000000006639
61,60,0.15299999999999999711,0.15299999999999999711
62,60,0.44769999999999998685,0.44769999999999998685
63,60,0.47570000000000001172,0.47570000000000001172
64,60,0.62749999999999994671,0.62749999999999994671
65,60,0.83469999999999999751,0.83469999999999999751
66,60,0.88609999999999999876,0.88609999999999999876
67,60,0.91769999999999996021,0.91769999999999996021
68,60,0.98870000000000002327,0.98870000000000002327
69,60,0.910800000000000054,0.910800000000000054
70,60,0.82720000000000004636,0.82720000000000004636
-69,61.25,0.99450000000000005063,0.99450000000000005063
-68,61.25,0.99929999999999996607,0.99929999999999996607
-67,61.25,0.91390000000000004565,0.91390000000000004565
-66,61.25,0.97370000000000000995,0.97370000000000000995
-65,61.25,0.97260000000000002007,0.97260000000000002007
-64,61.25,0.94379999999999997229,0.94379999999999997229
-63,61.25,0.87809999999999999165,0.87809999999999999165
-62,61.25,0.61050000000000004263,0.61050000000000004263
-61,61.25,0.43399999999999999689,0.43399999999999999689
-60,61.25,0.67589999999999994529,0.67589999999999994529
-59,61.25,0.77110000000000000764,0.77110000000000000764
-58,61.25,0.3847999999999999754,0.3847999999999999754
-57,61.25,0.22270000000000000906,0.22270000000000000906
-56,61.25,0.25679999999999997273,0.25679999999999997273
-55,61.25,0.12650000000000000133,0.12650000000000000133
-54,61.25,0.27989999999999998215,0.27989999999999998215
-53,61.25,0.86860000000000003872,0.86860000000000003872
-52,61.25,0.98939999999999994618,0.98939999999999994618
-51,61.25,0.9143000000000000016,0.9143000000000000016
-50,61.25,0.49109999999999998099,0.49109999999999998099
-49,61.25,0.45469999999999999307,0.45469999999999999307
-48,61.25,0.2973000000000000087,0.2973000000000000087
-47,61.25,0.12070000000000000173,0.12070000000000000173
-46,61.25,0.1175999999999999962,0.1175999999999999962
-45,61.25,0.31190000000000001057,0.31190000000000001057
-44,61.25,0.41699999999999998179,0.41699999999999998179
-43,61.25,0.58020000000000004903,0.58020000000000004903
-42,61.25,0.27589999999999997859,0.27589999999999997859
-41,61.25,0.3936999999999999944,0.3936999999999999944
-40,61.25,0.28729999999999999982,0.28729999999999999982
-39,61.25,0.14480000000000001203,0.14480000000000001203
-38,61.25,0.11479999999999999927,0.11479999999999999927
-37,61.25,0.063600000000000003753,0.063600000000000003753
-36,61.25,0.074399999999999993916,0.074399999999999993916
-35,61.25,0.4043999999999999817,0.4043999999999999817
-34,61.25,0.42820000000000002505,0.42820000000000002505
-33,61.25,0.66530000000000000249,0.66530000000000000249
-32,61.25,0.85080000000000000071,0.85080000000000000071
-31,61.25,0.51090000000000002078,0.51090000000000002078
-30,61.25,0.67249999999999998668,0.67249999999999998668
-29,61.25,0.69089999999999995861,0.69089999999999995861
-28,61.25,0.93589999999999995417,0.93589999999999995417
-27,61.25,0.56440000000000001279,0.56440000000000001279
-26,61.25,0.4536000000000000032,0.4536000000000000032
-25,61.25,0.29759999999999997566,0.29759999999999997566
-24,61.25,0.15029999999999998916,0.15029999999999998916
-23,61.25,0.074099999999999999201,0.074099999999999999201
-22,61.25,0.055399999999999997857,0.055399999999999997857
-21,61.25,0.14269999999999999352,0.14269999999999999352
-20,61.25,0.43409999999999998588,0.43409999999999998588
-19,61.25,0.76910000000000000586,0.76910000000000000586
-18,61.25,0.92869999999999996998,0.92869999999999996998
-17,61.25,0.8536000000000000254,0.8536000000000000254
-16,61.25,0.8963999999999999746,0.8963999999999999746
-15,61.25,0.86460000000000003517,0.86460000000000003517
-14,61.25,0.48149999999999998357,0.48149999999999998357
-13,61.25,0.13889999999999999569,0.13889999999999999569
-12,61.25,0.25050000000000000044,0.25050000000000000044
-11,61.25,0.37390000000000001013,0.37390000000000001013
-10,61.25,0.263400000000000023,0.263400000000000023
-9,61.25,0.40170000000000000151,0.40170000000000000151
-8,61.25,0.63959999999999994635,0.63959999999999994635
-7,61.25,0.55289999999999994706,0.55289999999999994706
-6,61.25,0.2490999999999999881,0.2490999999999999881
-5,61.25,0.044600000000000000755,0.044600000000000000755
-4,61.25,0.008399999999999999481,0.008399999999999999481
-3,61.25,0.0011000000000000000663,0.0011000000000000000663
-2,61.25,0.00080000000000000003834,0.00080000000000000003834
-1,61.25,0.0015000000000000000312,0.0015000000000000000312
0,61.25,0.0027999999999999999716,0.0027999999999999999716
1,61.25,0.0030999999999999998911,0.0030999999999999998911
2,61.25,0.0022999999999999999611,0.0022999999999999999611
3,61.25,0.0044000000000000002651,0.0044000000000000002651
4,61.25,0.011499999999999999806,0.011499999999999999806
5,61.25,0.016899999999999998357,0.016899999999999998357
6,61.25,0.017700000000000000455,0.017700000000000000455
7,61.25,0.048599999999999997369,0.048599999999999997369
8,61.25,0.039500000000000000389,0.039500000000000000389
9,61.25,0.035499999999999996836,0.035499999999999996836
10,61.25,0.028600000000000000422,0.028600000000000000422
11,61.25,0.076600000000000001421,0.076600000000000001421
12,61.25,0.19509999999999999565,0.19509999999999999565
13,61.25,0.21540000000000000813,0.21540000000000000813
14,61.25,0.23449999999999998623,0.23449999999999998623
15,61.25,0.26690000000000002611,0.26690000000000002611
16,61.25,0.33360000000000000764,0.33360000000000000764
17,61.25,0.43619999999999997664,0.43619999999999997664
18,61.25,0.66190000000000004388,0.66190000000000004388
19,61.25,0.48559999999999997611,0.48559999999999997611
20,61.25,0.27539999999999997815,0.27539999999999997815
21,61.25,0.1746000000000000052,0.1746000000000000052
22,61.25,0.010099999999999999603,0.010099999999999999603
23,61.25,0.00449999999999999966,0.00449999999999999966
24,61.25,0.031099999999999999173,0.031099999999999999173
25,61.25,0.17549999999999998934,0.17549999999999998934
26,61.25,0.97750000000000003553,0.97750000000000003553
27,61.25,0.85540000000000004921,0.85540000000000004921
28,61.25,0.94430000000000002824,0.94430000000000002824
29,61.25,0.90380000000000004778,0.90380000000000004778
30,61.25,0.86009999999999997566,0.86009999999999997566
31,61.25,0.72829999999999994742,0.72829999999999994742
32,61.25,0.9096999999999999531,0.9096999999999999531
33,61.25,0.54100000000000003642,0.54100000000000003642
34,61.25,0.59940000000000004388,0.59940000000000004388
35,61.25,0.254500000000000004,0.254500000000000004
36,61.25,0.17940000000000000391,0.17940000000000000391
37,61.25,0.23849999999999998979,0.23849999999999998979
38,61.25,0.033700000000000000788,0.033700000000000000788
39,61.25,0.10080000000000000071,0.10080000000000000071
40,61.25,0.68279999999999996252,0.68279999999999996252
41,61.25,0.54139999999999999236,0.54139999999999999236
42,61.25,0.083199999999999996181,0.083199999999999996181
43,61.25,0.0086999999999999994005,0.0086999999999999994005
44,61.25,0.039199999999999998734,0.039199999999999998734
45,61.25,0.086699999999999999289,0.086699999999999999289
46,61.25,0.078299999999999994604,0.078299999999999994604
47,61.25,0.01170000000000000033,0.01170000000000000033
48,61.25,0.23990000000000000213,0.23990000000000000213
49,61.25,0.74580000000000001847,0.74580000000000001847
50,61.25,0.77890000000000003677,0.77890000000000003677
51,61.25,0.76060000000000005382,0.76060000000000005382
52,61.25,0.79930000000000001048,0.79930000000000001048
53,61.25,0.43120000000000002771,0.43120000000000002771
54,61.25,0.13619999999999998774,0.13619999999999998774
55,61.25,0.021499999999999998279,0.021499999999999998279
56,61.25,0.002500000000000000052,0.002500000000000000052
57,61.25,0.0094000000000000003691,0.0094000000000000003691
58,61.25,0.022900000000000000216,0.022900000000000000216
59,61.25,0.019900000000000001021,0.019900000000000001021
60,61.25,0.1063000000000000056,0.1063000000000000056
61,61.25,0.19989999999999999436,0.19989999999999999436
62,61.25,0.55920000000000003038,0.55920000000000003038
63,61.25,0.55059999999999997833,0.55059999999999997833
64,61.25,0.45129999999999997895,0.45129999999999997895
65,61.25,0.75829999999999997407,0.75829999999999997407
66,61.25,0.86570000000000002505,0.86570000000000002505
67,61.25,0.81479999999999996874,0.81479999999999996874
68,61.25,0.95689999999999997282,0.95689999999999997282
69,61.25,0.97450000000000003286,0.97450000000000003286
70,61.25,0.76329999999999997851,0.76329999999999997851
-69,62.5,0.99680000000000001936,0.99680000000000001936
-68,62.5,0.99660000000000004139,0.99660000000000004139
-67,62.5,0.94840000000000002078,0.94840000000000002078
-66,62.5,0.97999999999999998224,0.97999999999999998224
-65,62.5,0.964199999999999946,0.964199999999999946
-64,62.5,0.94820000000000004281,0.94820000000000004281
-63,62.5,0.94669999999999998597,0.94669999999999998597
-62,62.5,0.81559999999999999165,0.81559999999999999165
-61,62.5,0.56230000000000002203,0.56230000000000002203
-60,62.5,0.81510000000000004672,0.81510000000000004672
-59,62.5,0.63880000000000003446,0.63880000000000003446
-58,62.5,0.27050000000000001821,0.27050000000000001821
-57,62.5,0.24010000000000000786,0.24010000000000000786
-56,62.5,0.32309999999999999831,0.32309999999999999831
-55,62.5,0.25580000000000002736,0.25580000000000002736
-54,62.5,0.57389999999999996572,0.57389999999999996572
-53,62.5,0.95660000000000000586,0.95660000000000000586
-52,62.5,0.89970000000000005524,0.89970000000000005524
-51,62.5,0.72809999999999996945,0.72809999999999996945
-50,62.5,0.4436999999999999833,0.4436999999999999833
-49,62.5,0.49949999999999999956,0.49949999999999999956
-48,62.5,0.22389999999999998792,0.22389999999999998792
-47,62.5,0.053999999999999999389,0.053999999999999999389
-46,62.5,0.074999999999999997224,0.074999999999999997224
-45,62.5,0.36859999999999998321,0.36859999999999998321
-44,62.5,0.46060000000000000941,0.46060000000000000941
-43,62.5,0.62050000000000005151,0.62050000000000005151
-42,62.5,0.45079999999999997851,0.45079999999999997851
-41,62.5,0.52039999999999997371,0.52039999999999997371
-40,62.5,0.22309999999999999276,0.22309999999999999276
-39,62.5,0.18959999999999999076,0.18959999999999999076
-38,62.5,0.20760000000000000675,0.20760000000000000675
-37,62.5,0.16320000000000001172,0.16320000000000001172
-36,62.5,0.25030000000000002247,0.25030000000000002247
-35,62.5,0.64710000000000000853,0.64710000000000000853
-34,62.5,0.60509999999999997122,0.60509999999999997122
-33,62.5,0.87209999999999998632,0.87209999999999998632
-32,62.5,0.60060000000000002274,0.60060000000000002274
-31,62.5,0.33989999999999997993,0.33989999999999997993
-30,62.5,0.51559999999999994724,0.51559999999999994724
-29,62.5,0.71999999999999997335,0.71999999999999997335
-28,62.5,0.84609999999999996323,0.84609999999999996323
-27,62.5,0.49259999999999998233,0.49259999999999998233
-26,62.5,0.30530000000000001581,0.30530000000000001581
-25,62.5,0.22409999999999999365,0.22409999999999999365
-24,62.5,0.16780000000000000471,0.16780000000000000471
-23,62.5,0.044499999999999997891,0.044499999999999997891
-22,62.5,0.063399999999999998024,0.063399999999999998024
-21,62.5,0.31009999999999998677,0.31009999999999998677
-20,62.5,0.67879999999999995897,0.67879999999999995897
-19,62.5,0.87039999999999995151,0.87039999999999995151
-18,62.5,0.92930000000000001492,0.92930000000000001492
-17,62.5,0.86450000000000004619,0.86450000000000004619
-16,62.5,0.96270000000000000018,0.96270000000000000018
-15,62.5,0.81510000000000004672,0.81510000000000004672
-14,62.5,0.30780000000000001803,0.30780000000000001803
-13,62.5,0.11319999999999999507,0.11319999999999999507
-12,62.5,0.38219999999999998419,0.38219999999999998419
-11,62.5,0.5507999999999999563,0.5507999999999999563
-10,62.5,0.34839999999999998748,0.34839999999999998748
-9,62.5,0.35249999999999998002,0.35249999999999998002
-8,62.5,0.42530000000000001137,0.42530000000000001137
-7,62.5,0.43980000000000002425,0.43980000000000002425
-6,62.5,0.23739999999999999991,0.23739999999999999991
-5,62.5,0.045600000000000001643,0.045600000000000001643
-4,62.5,0.0070000000000000001457,0.0070000000000000001457
-3,62.5,0.0018999999999999999962,0.0018999999999999999962
-2,62.5,0.00050000000000000001041,0.00050000000000000001041
-1,62.5,0.00080000000000000003834,0.00080000000000000003834
0,62.5,0.0025999999999999998807,0.0025999999999999998807
1,62.5,0.0047000000000000001846,0.0047000000000000001846
2,62.5,0.0023999999999999997898,0.0023999999999999997898
3,62.5,0.0016000000000000000767,0.0016000000000000000767
4,62.5,0.0063000000000000000444,0.0063000000000000000444
5,62.5,0.0067000000000000002262,0.0067000000000000002262
6,62.5,0.011100000000000000491,0.011100000000000000491
7,62.5,0.041700000000000000955,0.041700000000000000955
8,62.5,0.10209999999999999631,0.10209999999999999631
9,62.5,0.079500000000000001221,0.079500000000000001221
10,62.5,0.061400000000000003186,0.061400000000000003186
11,62.5,0.12330000000000000682,0.12330000000000000682
12,62.5,0.16730000000000000426,0.16730000000000000426
13,62.5,0.13889999999999999569,0.13889999999999999569
14,62.5,0.15479999999999999316,0.15479999999999999316
15,62.5,0.23699999999999998845,0.23699999999999998845
16,62.5,0.225500000000000006,0.225500000000000006
17,62.5,0.40279999999999999138,0.40279999999999999138
18,62.5,0.51859999999999994991,0.51859999999999994991
19,62.5,0.38080000000000002736,0.38080000000000002736
20,62.5,0.26029999999999997584,0.26029999999999997584
21,62.5,0.22500000000000000555,0.22500000000000000555
22,62.5,0.079299999999999995492,0.079299999999999995492
23,62.5,0.016600000000000000172,0.016600000000000000172
24,62.5,0.051499999999999997169,0.051499999999999997169
25,62.5,0.30580000000000001625,0.30580000000000001625
26,62.5,0.96209999999999995524,0.96209999999999995524
27,62.5,0.95920000000000005258,0.95920000000000005258
28,62.5,0.91100000000000003197,0.91100000000000003197
29,62.5,0.99519999999999997353,0.99519999999999997353
30,62.5,0.76929999999999998384,0.76929999999999998384
31,62.5,0.91169999999999995488,0.91169999999999995488
32,62.5,0.94930000000000003268,0.94930000000000003268
33,62.5,0.4043999999999999817,0.4043999999999999817
34,62.5,0.22789999999999999147,0.22789999999999999147
35,62.5,0.28649999999999997691,0.28649999999999997691
36,62.5,0.44879999999999997673,0.44879999999999997673
37,62.5,0.31979999999999997318,0.31979999999999997318
38,62.5,0.28679999999999999938,0.28679999999999999938
39,62.5,0.22470000000000001084,0.22470000000000001084
40,62.5,0.68540000000000000924,0.68540000000000000924
41,62.5,0.36280000000000001137,0.36280000000000001137
42,62.5,0.083599999999999993761,0.083599999999999993761
43,62.5,0.0037000000000000001638,0.0037000000000000001638
44,62.5,0.016199999999999999123,0.016199999999999999123
45,62.5,0.026800000000000000905,0.026800000000000000905
46,62.5,0.028400000000000001632,0.028400000000000001632
47,62.5,0.030900000000000000383,0.030900000000000000383
48,62.5,0.25850000000000000755,0.25850000000000000755
49,62.5,0.46670000000000000373,0.46670000000000000373
50,62.5,0.50209999999999999076,0.50209999999999999076
51,62.5,0.55230000000000001315,0.55230000000000001315
52,62.5,0.55930000000000001936,0.55930000000000001936
53,62.5,0.24779999999999999249,0.24779999999999999249
54,62.5,0.153999999999999998,0.153999999999999998
55,62.5,0.058700000000000002176,0.058700000000000002176
56,62.5,0.007100000000000000408,0.007100000000000000408
57,62.5,0.013700000000000000372,0.013700000000000000372
58,62.5,0.065900000000000000244,0.065900000000000000244
59,62.5,0.054499999999999999833,0.054499999999999999833
60,62.5,0.097100000000000005751,0.097100000000000005751
61,62.5,0.23330000000000000737,0.23330000000000000737
62,62.5,0.51249999999999995559,0.51249999999999995559
63,62.5,0.67520000000000002238,0.67520000000000002238
64,62.5,0.51270000000000004459,0.51270000000000004459
65,62.5,0.82660000000000000142,0.82660000000000000142
66,62.5,0.93730000000000002203,0.93730000000000002203
67,62.5,0.75649999999999995026,0.75649999999999995026
68,62.5,0.91439999999999999059,0.91439999999999999059
69,62.5,0.94410000000000005027,0.94410000000000005027
70,62.5,0.82979999999999998206,0.82979999999999998206
-69,63.75,0.98909999999999997922,0.98909999999999997922
-68,63.75,0.97980000000000000426,0.97980000000000000426
-67,63.75,0.98719999999999996643,0.98719999999999996643
-66,63.75,0.98329999999999995186,0.98329999999999995186
-65,63.75,0.97529999999999994476,0.97529999999999994476
-64,63.75,0.91159999999999996589,0.91159999999999996589
-63,63.75,0.79669999999999996376,0.79669999999999996376
-62,63.75,0.89249999999999996003,0.89249999999999996003
-61,63.75,0.79400000000000003908,0.79400000000000003908
-60,63.75,0.73060000000000002718,0.73060000000000002718
-59,63.75,0.54839999999999999858,0.54839999999999999858
-58,63.75,0.27210000000000000853,0.27210000000000000853
-57,63.75,0.42249999999999998668,0.42249999999999998668
-56,63.75,0.50900000000000000799,0.50900000000000000799
-55,63.75,0.45610000000000000542,0.45610000000000000542
-54,63.75,0.85519999999999996021,0.85519999999999996021
-53,63.75,0.88409999999999999698,0.88409999999999999698
-52,63.75,0.86209999999999997744,0.86209999999999997744
-51,63.75,0.59079999999999999183,0.59079999999999999183
-50,63.75,0.38329999999999997407,0.38329999999999997407
-49,63.75,0.5009000000000000119,0.5009000000000000119
-48,63.75,0.12260000000000000064,0.12260000000000000064
-47,63.75,0.030599999999999998729,0.030599999999999998729
-46,63.75,0.1233999999999999958,0.1233999999999999958
-45,63.75,0.56110000000000004317,0.56110000000000004317
-44,63.75,0.6534999999999999698,0.6534999999999999698
-43,63.75,0.72529999999999994476,0.72529999999999994476
-42,63.75,0.38990000000000002434,0.38990000000000002434
-41,63.75,0.307999999999999996,0.307999999999999996
-40,63.75,0.28010000000000001563,0.28010000000000001563
-39,63.75,0.22650000000000000688,0.22650000000000000688
-38,63.75,0.52359999999999995435,0.52359999999999995435
-37,63.75,0.28270000000000000684,0.28270000000000000684
-36,63.75,0.51739999999999997105,0.51739999999999997105
-35,63.75,0.64939999999999997726,0.64939999999999997726
-34,63.75,0.61089999999999999858,0.61089999999999999858
-33,63.75,0.67849999999999999201,0.67849999999999999201
-32,63.75,0.56020000000000003126,0.56020000000000003126
-31,63.75,0.2268000000000000016,0.2268000000000000016
-30,63.75,0.48959999999999997966,0.48959999999999997966
-29,63.75,0.91990000000000005098,0.91990000000000005098
-28,63.75,0.33350000000000001865,0.33350000000000001865
-27,63.75,0.3224000000000000199,0.3224000000000000199
-26,63.75,0.25759999999999999565,0.25759999999999999565
-25,63.75,0.17749999999999999112,0.17749999999999999112
-24,63.75,0.072999999999999995448,0.072999999999999995448
-23,63.75,0.037699999999999997402,0.037699999999999997402
-22,63.75,0.32690000000000002389,0.32690000000000002389
-21,63.75,0.63419999999999998597,0.63419999999999998597
-20,63.75,0.88139999999999996128,0.88139999999999996128
-19,63.75,0.91169999999999995488,0.91169999999999995488
-18,63.75,0.9498999999999999666,0.9498999999999999666
-17,63.75,0.94530000000000002913,0.94530000000000002913
-16,63.75,0.982099999999999973,0.982099999999999973
-15,63.75,0.73860000000000003428,0.73860000000000003428
-14,63.75,0.34029999999999999138,0.34029999999999999138
-13,63.75,0.2535999999999999921,0.2535999999999999921
-12,63.75,0.55069999999999996732,0.55069999999999996732
-11,63.75,0.61089999999999999858,0.61089999999999999858
-10,63.75,0.43619999999999997664,0.43619999999999997664
-9,63.75,0.39829999999999998739,0.39829999999999998739
-8,63.75,0.31990000000000001767,0.31990000000000001767
-7,63.75,0.48630000000000001004,0.48630000000000001004
-6,63.75,0.23449999999999998623,0.23449999999999998623
-5,63.75,0.05979999999999999899,0.05979999999999999899
-4,63.75,0.0065999999999999999639,0.0065999999999999999639
-3,63.75,0.0018999999999999999962,0.0018999999999999999962
-2,63.75,0.0010000000000000000208,0.0010000000000000000208
-1,63.75,0.0022000000000000001325,0.0022000000000000001325
0,63.75,0.00449999999999999966,0.00449999999999999966
1,63.75,0.0094000000000000003691,0.0094000000000000003691
2,63.75,0.0025999999999999998807,0.0025999999999999998807
3,63.75,0.0018999999999999999962,0.0018999999999999999962
4,63.75,0.0074000000000000003275,0.0074000000000000003275
5,63.75,0.0064000000000000003067,0.0064000000000000003067
6,63.75,0.010800000000000000572,0.010800000000000000572
7,63.75,0.056399999999999998745,0.056399999999999998745
8,63.75,0.14640000000000000235,0.14640000000000000235
9,63.75,0.082699999999999995737,0.082699999999999995737
10,63.75,0.064500000000000001776,0.064500000000000001776
11,63.75,0.10770000000000000406,0.10770000000000000406
12,63.75,0.18559999999999998721,0.18559999999999998721
13,63.75,0.22919999999999998708,0.22919999999999998708
14,63.75,0.18140000000000000568,0.18140000000000000568
15,63.75,0.21749999999999999889,0.21749999999999999889
16,63.75,0.22620000000000001217,0.22620000000000001217
17,63.75,0.27870000000000000329,0.27870000000000000329
18,63.75,0.33360000000000000764,0.33360000000000000764
19,63.75,0.33800000000000002265,0.33800000000000002265
20,63.75,0.39629999999999998561,0.39629999999999998561
21,63.75,0.30570000000000002727,0.30570000000000002727
22,63.75,0.2200999999999999901,0.2200999999999999901
23,63.75,0.16780000000000000471,0.16780000000000000471
24,63.75,0.18249999999999999556,0.18249999999999999556
25,63.75,0.79510000000000002895,0.79510000000000002895
26,63.75,0.52010000000000000675,0.52010000000000000675
27,63.75,0.74360000000000003872,0.74360000000000003872
28,63.75,0.52620000000000000107,0.52620000000000000107
29,63.75,0.85840000000000005187,0.85840000000000005187
30,63.75,0.81459999999999999076,0.81459999999999999076
31,63.75,0.59460000000000001741,0.59460000000000001741
32,63.75,0.65769999999999995133,0.65769999999999995133
33,63.75,0.072599999999999997868,0.072599999999999997868
34,63.75,0.058400000000000000522,0.058400000000000000522
35,63.75,0.2829999999999999738,0.2829999999999999738
36,63.75,0.5686999999999999833,0.5686999999999999833
37,63.75,0.77700000000000002398,0.77700000000000002398
38,63.75,0.67630000000000001226,0.67630000000000001226
39,63.75,0.60760000000000002895,0.60760000000000002895
40,63.75,0.6463999999999999746,0.6463999999999999746
41,63.75,0.32200000000000000844,0.32200000000000000844
42,63.75,0.11260000000000000564,0.11260000000000000564
43,63.75,0.0057000000000000002054,0.0057000000000000002054
44,63.75,0.0054999999999999996808,0.0054999999999999996808
45,63.75,0.018399999999999999689,0.018399999999999999689
46,63.75,0.021499999999999998279,0.021499999999999998279
47,63.75,0.029299999999999999656,0.029299999999999999656
48,63.75,0.13430000000000000271,0.13430000000000000271
49,63.75,0.35909999999999997478,0.35909999999999997478
50,63.75,0.27310000000000000941,0.27310000000000000941
51,63.75,0.25340000000000001412,0.25340000000000001412
52,63.75,0.23699999999999998845,0.23699999999999998845
53,63.75,0.15840000000000001301,0.15840000000000001301
54,63.75,0.16320000000000001172,0.16320000000000001172
55,63.75,0.11379999999999999838,0.11379999999999999838
56,63.75,0.034500000000000002887,0.034500000000000002887
57,63.75,0.091899999999999995581,0.091899999999999995581
58,63.75,0.19009999999999999121,0.19009999999999999121
59,63.75,0.099000000000000004663,0.099000000000000004663
60,63.75,0.056599999999999997535,0.056599999999999997535
61,63.75,0.19750000000000000888,0.19750000000000000888
62,63.75,0.48010000000000002673,0.48010000000000002673
63,63.75,0.69450000000000000622,0.69450000000000000622
64,63.75,0.66730000000000000426,0.66730000000000000426
65,63.75,0.9000000000000000222,0.9000000000000000222
66,63.75,0.92889999999999994795,0.92889999999999994795
67,63.75,0.75019999999999997797,0.75019999999999997797
68,63.75,0.9375,0.9375
69,63.75,0.88280000000000002913,0.88280000000000002913
70,63.75,0.94689999999999996394,0.94689999999999996394
-69,65,0.98629999999999995453,0.98629999999999995453
-68,65,0.97430000000000005489,0.97430000000000005489
-67,65,0.97870000000000001439,0.97870000000000001439
-66,65,0.97550000000000003375,0.97550000000000003375
-65,65,0.98170000000000001705,0.98170000000000001705
-64,65,0.86590000000000000302,0.86590000000000000302
-63,65,0.72070000000000000728,0.72070000000000000728
-62,65,0.75470000000000003748,0.75470000000000003748
-61,65,0.72440000000000004388,0.72440000000000004388
-60,65,0.53559999999999996501,0.53559999999999996501
-59,65,0.47599999999999997868,0.47599999999999997868
-58,65,0.38290000000000001812,0.38290000000000001812
-57,65,0.67069999999999996287,0.67069999999999996287
-56,65,0.72099999999999997424,0.72099999999999997424
-55,65,0.70040000000000002256,0.70040000000000002256
-54,65,0.9313000000000000167,0.9313000000000000167
-53,65,0.72299999999999997602,0.72299999999999997602
-52,65,0.5999999999999999778,0.5999999999999999778
-51,65,0.36659999999999998144,0.36659999999999998144
-50,65,0.38810000000000000053,0.38810000000000000053
-49,65,0.35880000000000000782,0.35880000000000000782
-48,65,0.072599999999999997868,0.072599999999999997868
-47,65,0.070400000000000004241,0.070400000000000004241
-46,65,0.41920000000000001705,0.41920000000000001705
-45,65,0.53320000000000000728,0.53320000000000000728
-44,65,0.49280000000000001581,0.49280000000000001581
-43,65,0.69540000000000001812,0.69540000000000001812
-42,65,0.33269999999999999574,0.33269999999999999574
-41,65,0.2829999999999999738,0.2829999999999999738
-40,65,0.22839999999999999192,0.22839999999999999192
-39,65,0.43699999999999999956,0.43699999999999999956
-38,65,0.68720000000000003304,0.68720000000000003304
-37,65,0.3420000000000000262,0.3420000000000000262
-36,65,0.23830000000000001181,0.23830000000000001181
-35,65,0.19580000000000000182,0.19580000000000000182
-34,65,0.3759000000000000119,0.3759000000000000119
-33,65,0.71260000000000001119,0.71260000000000001119
-32,65,0.89370000000000004992,0.89370000000000004992
-31,65,0.56149999999999999911,0.56149999999999999911
-30,65,0.88049999999999994937,0.88049999999999994937
-29,65,0.33629999999999998783,0.33629999999999998783
-28,65,0.070000000000000006661,0.070000000000000006661
-27,65,0.058200000000000001732,0.058200000000000001732
-26,65,0.11219999999999999418,0.11219999999999999418
-25,65,0.069599999999999995204,0.069599999999999995204
-24,65,0.096600000000000005307,0.096600000000000005307
-23,65,0.2097999999999999865,0.2097999999999999865
-22,65,0.54479999999999995097,0.54479999999999995097
-21,65,0.78059999999999996056,0.78059999999999996056
-20,65,0.9000000000000000222,0.9000000000000000222
-19,65,0.93779999999999996696,0.93779999999999996696
-18,65,0.96279999999999998916,0.96279999999999998916
-17,65,0.97540000000000004476,0.97540000000000004476
-16,65,0.89149999999999995914,0.89149999999999995914
-15,65,0.64210000000000000409,0.64210000000000000409
-14,65,0.28620000000000000995,0.28620000000000000995
-13,65,0.29659999999999997478,0.29659999999999997478
-12,65,0.71540000000000003588,0.71540000000000003588
-11,65,0.7302999999999999492,0.7302999999999999492
-10,65,0.45500000000000001554,0.45500000000000001554
-9,65,0.43719999999999997753,0.43719999999999997753
-8,65,0.45560000000000000497,0.45560000000000000497
-7,65,0.47939999999999999281,0.47939999999999999281
-6,65,0.22720000000000001306,0.22720000000000001306
-5,65,0.067699999999999996292,0.067699999999999996292
-4,65,0.0063000000000000000444,0.0063000000000000000444
-3,65,0.0016999999999999999053,0.0016999999999999999053
-2,65,0.0025999999999999998807,0.0025999999999999998807
-1,65,0.007100000000000000408,0.007100000000000000408
0,65,0.012699999999999999484,0.012699999999999999484
1,65,0.0092999999999999992395,0.0092999999999999992395
2,65,0.0074999999999999997224,0.0074999999999999997224
3,65,0.002500000000000000052,0.002500000000000000052
4,65,0.0074999999999999997224,0.0074999999999999997224
5,65,0.012999999999999999403,0.012999999999999999403
6,65,0.019900000000000001021,0.019900000000000001021
7,65,0.068599999999999994316,0.068599999999999994316
8,65,0.10130000000000000115,0.10130000000000000115
9,65,0.046499999999999999667,0.046499999999999999667
10,65,0.047000000000000000111,0.047000000000000000111
11,65,0.096199999999999993849,0.096199999999999993849
12,65,0.17749999999999999112,0.17749999999999999112
13,65,0.19969999999999998863,0.19969999999999998863
14,65,0.18740000000000001101,0.18740000000000001101
15,65,0.14699999999999999178,0.14699999999999999178
16,65,0.12289999999999999536,0.12289999999999999536
17,65,0.2393000000000000127,0.2393000000000000127
18,65,0.42130000000000000782,0.42130000000000000782
19,65,0.35809999999999997389,0.35809999999999997389
20,65,0.36840000000000000524,0.36840000000000000524
21,65,0.36330000000000001181,0.36330000000000001181
22,65,0.39519999999999999574,0.39519999999999999574
23,65,0.39029999999999998028,0.39029999999999998028
24,65,0.43699999999999999956,0.43699999999999999956
25,65,0.56320000000000003393,0.56320000000000003393
26,65,0.36680000000000001492,0.36680000000000001492
27,65,0.4410999999999999921,0.4410999999999999921
28,65,0.53920000000000001261,0.53920000000000001261
29,65,0.80740000000000000657,0.80740000000000000657
30,65,0.91549999999999998046,0.91549999999999998046
31,65,0.24449999999999999512,0.24449999999999999512
32,65,0.49419999999999997264,0.49419999999999997264
33,65,0.04159999999999999809,0.04159999999999999809
34,65,0.012099999999999999645,0.012099999999999999645
35,65,0.15449999999999999845,0.15449999999999999845
36,65,0.42459999999999997744,0.42459999999999997744
37,65,0.71099999999999996536,0.71099999999999996536
38,65,0.4197000000000000175,0.4197000000000000175
39,65,0.60429999999999994831,0.60429999999999994831
40,65,0.22059999999999999054,0.22059999999999999054
41,65,0.41739999999999999325,0.41739999999999999325
42,65,0.10440000000000000668,0.10440000000000000668
43,65,0.0068999999999999998834,0.0068999999999999998834
44,65,0.0017999999999999999507,0.0017999999999999999507
45,65,0.0057999999999999996003,0.0057999999999999996003
46,65,0.013700000000000000372,0.013700000000000000372
47,65,0.025200000000000000178,0.025200000000000000178
48,65,0.13130000000000000004,0.13130000000000000004
49,65,0.4561999999999999944,0.4561999999999999944
50,65,0.27000000000000001776,0.27000000000000001776
51,65,0.20760000000000000675,0.20760000000000000675
52,65,0.23430000000000000826,0.23430000000000000826
53,65,0.13250000000000000666,0.13250000000000000666
54,65,0.087499999999999994449,0.087499999999999994449
55,65,0.11680000000000000104,0.11680000000000000104
56,65,0.13630000000000000449,0.13630000000000000449
57,65,0.26440000000000002389,0.26440000000000002389
58,65,0.25700000000000000622,0.25700000000000000622
59,65,0.19939999999999999392,0.19939999999999999392
60,65,0.071300000000000002265,0.071300000000000002265
61,65,0.20419999999999999263,0.20419999999999999263
62,65,0.38090000000000001634,0.38090000000000001634
63,65,0.71960000000000001741,0.71960000000000001741
64,65,0.75870000000000004103,0.75870000000000004103
65,65,0.88139999999999996128,0.88139999999999996128
66,65,0.83730000000000004423,0.83730000000000004423
67,65,0.892900000000000027,0.892900000000000027
68,65,0.99390000000000000568,0.99390000000000000568
69,65,0.95330000000000003624,0.95330000000000003624
70,65,0.97789999999999999147,0.97789999999999999147
-69,66.25,0.78969999999999995755,0.78969999999999995755
-68,66.25,0.96650000000000002576,0.96650000000000002576
-67,66.25,0.96360000000000001208,0.96360000000000001208
-66,66.25,0.97640000000000004565,0.97640000000000004565
-65,66.25,0.96050000000000002043,0.96050000000000002043
-64,66.25,0.83699999999999996625,0.83699999999999996625
-63,66.25,0.64770000000000005347,0.64770000000000005347
-62,66.25,0.6491000000000000103,0.6491000000000000103
-61,66.25,0.62390000000000001013,0.62390000000000001013
-60,66.25,0.38329999999999997407,0.38329999999999997407
-59,66.25,0.33839999999999997859,0.33839999999999997859
-58,66.25,0.54920000000000002149,0.54920000000000002149
-57,66.25,0.8811999999999999833,0.8811999999999999833
-56,66.25,0.72999999999999998224,0.72999999999999998224
-55,66.25,0.76539999999999996927,0.76539999999999996927
-54,66.25,0.92989999999999994884,0.92989999999999994884
-53,66.25,0.71850000000000002753,0.71850000000000002753
-52,66.25,0.50570000000000003837,0.50570000000000003837
-51,66.25,0.39400000000000001688,0.39400000000000001688
-50,66.25,0.67779999999999995808,0.67779999999999995808
-49,66.25,0.34810000000000002052,0.34810000000000002052
-48,66.25,0.09909999999999999365,0.09909999999999999365
-47,66.25,0.14260000000000000453,0.14260000000000000453
-46,66.25,0.53069999999999994955,0.53069999999999994955
-45,66.25,0.54379999999999995008,0.54379999999999995008
-44,66.25,0.32560000000000000053,0.32560000000000000053
-43,66.25,0.33779999999999998916,0.33779999999999998916
-42,66.25,0.36399999999999999023,0.36399999999999999023
-41,66.25,0.35570000000000001616,0.35570000000000001616
-40,66.25,0.12039999999999999314,0.12039999999999999314
-39,66.25,0.10399999999999999523,0.10399999999999999523
-38,66.25,0.15199999999999999623,0.15199999999999999623
-37,66.25,0.099900000000000002687,0.099900000000000002687
-36,66.25,0.073899999999999993472,0.073899999999999993472
-35,66.25,0.1826000000000000123,0.1826000000000000123
-34,66.25,0.36449999999999999067,0.36449999999999999067
-33,66.25,0.73380000000000000782,0.73380000000000000782
-32,66.25,0.94879999999999997673,0.94879999999999997673
-31,66.25,0.92500000000000004441,0.92500000000000004441
-30,66.25,0.48110000000000002762,0.48110000000000002762
-29,66.25,0.17349999999999998757,0.17349999999999998757
-28,66.25,0.05340000000000000302,0.05340000000000000302
-27,66.25,0.051600000000000000033,0.051600000000000000033
-26,66.25,0.026200000000000001066,0.026200000000000001066
-25,66.25,0.033899999999999999578,0.033899999999999999578
-24,66.25,0.10299999999999999434,0.10299999999999999434
-23,66.25,0.12659999999999999032,0.12659999999999999032
-22,66.25,0.49540000000000000702,0.49540000000000000702
-21,66.25,0.74629999999999996341,0.74629999999999996341
-20,66.25,0.71360000000000001208,0.71360000000000001208
-19,66.25,0.79139999999999999236,0.79139999999999999236
-18,66.25,0.88280000000000002913,0.88280000000000002913
-17,66.25,0.92020000000000001794,0.92020000000000001794
-16,66.25,0.76590000000000002522,0.76590000000000002522
-15,66.25,0.51980000000000003979,0.51980000000000003979
-14,66.25,0.245499999999999996,0.245499999999999996
-13,66.25,0.18179999999999998939,0.18179999999999998939
-12,66.25,0.26989999999999997327,0.26989999999999997327
-11,66.25,0.4259000000000000008,0.4259000000000000008
-10,66.25,0.40620000000000000551,0.40620000000000000551
-9,66.25,0.32259999999999999787,0.32259999999999999787
-8,66.25,0.40789999999999998481,0.40789999999999998481
-7,66.25,0.43609999999999998765,0.43609999999999998765
-6,66.25,0.20330000000000000848,0.20330000000000000848
-5,66.25,0.035299999999999998046,0.035299999999999998046
-4,66.25,0.0048999999999999998418,0.0048999999999999998418
-3,66.25,0.0022999999999999999611,0.0022999999999999999611
-2,66.25,0.00449999999999999966,0.00449999999999999966
-1,66.25,0.015599999999999999284,0.015599999999999999284
0,66.25,0.013199999999999999928,0.013199999999999999928
1,66.25,0.015599999999999999284,0.015599999999999999284
2,66.25,0.00899999999999999932,0.00899999999999999932
3,66.25,0.007700000000000000247,0.007700000000000000247
4,66.25,0.011199999999999999886,0.011199999999999999886
5,66.25,0.015100000000000000575,0.015100000000000000575
6,66.25,0.014099999999999999686,0.014099999999999999686
7,66.25,0.02359999999999999945,0.02359999999999999945
8,66.25,0.05920000000000000262,0.05920000000000000262
9,66.25,0.052299999999999999267,0.052299999999999999267
10,66.25,0.050599999999999999145,0.050599999999999999145
11,66.25,0.075800000000000006262,0.075800000000000006262
12,66.25,0.15379999999999999227,0.15379999999999999227
13,66.25,0.1652000000000000135,0.1652000000000000135
14,66.25,0.14269999999999999352,0.14269999999999999352
15,66.25,0.11039999999999999813,0.11039999999999999813
16,66.25,0.16659999999999999809,0.16659999999999999809
17,66.25,0.27510000000000001119,0.27510000000000001119
18,66.25,0.47630000000000000115,0.47630000000000000115
19,66.25,0.32100000000000000755,0.32100000000000000755
20,66.25,0.28989999999999999103,0.28989999999999999103
21,66.25,0.28100000000000002753,0.28100000000000002753
22,66.25,0.38979999999999997984,0.38979999999999997984
23,66.25,0.58450000000000001954,0.58450000000000001954
24,66.25,0.60099999999999997868,0.60099999999999997868
25,66.25,0.66379999999999994564,0.66379999999999994564
26,66.25,0.40579999999999999405,0.40579999999999999405
27,66.25,0.57509999999999994458,0.57509999999999994458
28,66.25,0.75870000000000004103,0.75870000000000004103
29,66.25,0.87690000000000001279,0.87690000000000001279
30,66.25,0.94320000000000003837,0.94320000000000003837
31,66.25,0.43540000000000000924,0.43540000000000000924
32,66.25,0.44509999999999999565,0.44509999999999999565
33,66.25,0.15590000000000001079,0.15590000000000001079
34,66.25,0.014300000000000000211,0.014300000000000000211
35,66.25,0.025700000000000000622,0.025700000000000000622
36,66.25,0.25169999999999997931,0.25169999999999997931
37,66.25,0.77920000000000000373,0.77920000000000000373
38,66.25,0.13580000000000000404,0.13580000000000000404
39,66.25,0.27620000000000000107,0.27620000000000000107
40,66.25,0.39889999999999997682,0.39889999999999997682
41,66.25,0.33579999999999998739,0.33579999999999998739
42,66.25,0.07779999999999999416,0.07779999999999999416
43,66.25,0.048300000000000002653,0.048300000000000002653
44,66.25,0.0040000000000000000833,0.0040000000000000000833
45,66.25,0.00069999999999999999289,0.00069999999999999999289
46,66.25,0.0010000000000000000208,0.0010000000000000000208
47,66.25,0.038199999999999997846,0.038199999999999997846
48,66.25,0.18379999999999999116,0.18379999999999999116
49,66.25,0.51600000000000001421,0.51600000000000001421
50,66.25,0.43199999999999999512,0.43199999999999999512
51,66.25,0.22539999999999998925,0.22539999999999998925
52,66.25,0.28849999999999997868,0.28849999999999997868
53,66.25,0.13780000000000000582,0.13780000000000000582
54,66.25,0.076899999999999996136,0.076899999999999996136
55,66.25,0.11980000000000000371,0.11980000000000000371
56,66.25,0.14360000000000000542,0.14360000000000000542
57,66.25,0.27900000000000002576,0.27900000000000002576
58,66.25,0.31490000000000001323,0.31490000000000001323
59,66.25,0.24520000000000000129,0.24520000000000000129
60,66.25,0.12180000000000000548,0.12180000000000000548
61,66.25,0.35339999999999999192,0.35339999999999999192
62,66.25,0.31149999999999999911,0.31149999999999999911
63,66.25,0.74960000000000004405,0.74960000000000004405
64,66.25,0.90320000000000000284,0.90320000000000000284
65,66.25,0.90820000000000000728,0.90820000000000000728
66,66.25,0.86709999999999998188,0.86709999999999998188
67,66.25,0.72319999999999995399,0.72319999999999995399
68,66.25,0.96230000000000004423,0.96230000000000004423
69,66.25,0.98350000000000004086,0.98350000000000004086
70,66.25,0.97030000000000005134,0.97030000000000005134
-69,67.5,0.20069999999999998952,0.20069999999999998952
-68,67.5,0.96730000000000004867,0.96730000000000004867
-67,67.5,0.9938000000000000167,0.9938000000000000167
-66,67.5,0.97740000000000004654,0.97740000000000004654
-65,67.5,0.95260000000000000231,0.95260000000000000231
-64,67.5,0.80559999999999998277,0.80559999999999998277
-63,67.5,0.58630000000000004334,0.58630000000000004334
-62,67.5,0.54939999999999999947,0.54939999999999999947
-61,67.5,0.54220000000000001528,0.54220000000000001528
-60,67.5,0.32379999999999997673,0.32379999999999997673
-59,67.5,0.22530000000000000027,0.22530000000000000027
-58,67.5,0.66649999999999998135,0.66649999999999998135
-57,67.5,0.86650000000000004796,0.86650000000000004796
-56,67.5,0.60489999999999999325,0.60489999999999999325
-55,67.5,0.75070000000000003393,0.75070000000000003393
-54,67.5,0.94679999999999997495,0.94679999999999997495
-53,67.5,0.80800000000000005151,0.80800000000000005151
-52,67.5,0.71199999999999996625,0.71199999999999996625
-51,67.5,0.58360000000000000764,0.58360000000000000764
-50,67.5,0.80500000000000004885,0.80500000000000004885
-49,67.5,0.53249999999999997335,0.53249999999999997335
-48,67.5,0.1423999999999999988,0.1423999999999999988
-47,67.5,0.20749999999999999001,0.20749999999999999001
-46,67.5,0.57459999999999999964,0.57459999999999999964
-45,67.5,0.61580000000000001403,0.61580000000000001403
-44,67.5,0.24240000000000000435,0.24240000000000000435
-43,67.5,0.12559999999999998943,0.12559999999999998943
-42,67.5,0.24379999999999998894,0.24379999999999998894
-41,67.5,0.24579999999999999072,0.24579999999999999072
-40,67.5,0.049599999999999998257,0.049599999999999998257
-39,67.5,0.0048999999999999998418,0.0048999999999999998418
-38,67.5,0.030800000000000000988,0.030800000000000000988
-37,67.5,0.039199999999999998734,0.039199999999999998734
-36,67.5,0.078700000000000006062,0.078700000000000006062
-35,67.5,0.34339999999999998304,0.34339999999999998304
-34,67.5,0.49480000000000001759,0.49480000000000001759
-33,67.5,0.85029999999999994476,0.85029999999999994476
-32,67.5,0.56910000000000005027,0.56910000000000005027
-31,67.5,0.26479999999999997984,0.26479999999999997984
-30,67.5,0.34250000000000002665,0.34250000000000002665
-29,67.5,0.23890000000000000124,0.23890000000000000124
-28,67.5,0.19409999999999999476,0.19409999999999999476
-27,67.5,0.060299999999999999434,0.060299999999999999434
-26,67.5,0.010899999999999999967,0.010899999999999999967
-25,67.5,0.0097999999999999996836,0.0097999999999999996836
-24,67.5,0.036400000000000001799,0.036400000000000001799
-23,67.5,0.19630000000000000226,0.19630000000000000226
-22,67.5,0.70240000000000002434,0.70240000000000002434
-21,67.5,0.83789999999999997815,0.83789999999999997815
-20,67.5,0.65680000000000005045,0.65680000000000005045
-19,67.5,0.62170000000000003038,0.62170000000000003038
-18,67.5,0.73470000000000001972,0.73470000000000001972
-17,67.5,0.80420000000000002593,0.80420000000000002593
-16,67.5,0.6373999999999999666,0.6373999999999999666
-15,67.5,0.39700000000000001954,0.39700000000000001954
-14,67.5,0.1887999999999999956,0.1887999999999999956
-13,67.5,0.086699999999999999289,0.086699999999999999289
-12,67.5,0.12770000000000000795,0.12770000000000000795
-11,67.5,0.35110000000000002318,0.35110000000000002318
-10,67.5,0.38150000000000000577,0.38150000000000000577
-9,67.5,0.26989999999999997327,0.26989999999999997327
-8,67.5,0.2857000000000000095,0.2857000000000000095
-7,67.5,0.45210000000000000187,0.45210000000000000187
-6,67.5,0.17160000000000000253,0.17160000000000000253
-5,67.5,0.027500000000000000139,0.027500000000000000139
-4,67.5,0.0041999999999999997405,0.0041999999999999997405
-3,67.5,0.0067999999999999996211,0.0067999999999999996211
-2,67.5,0.0035999999999999999015,0.0035999999999999999015
-1,67.5,0.012099999999999999645,0.012099999999999999645
0,67.5,0.0080000000000000001665,0.0080000000000000001665
1,67.5,0.0073000000000000000652,0.0073000000000000000652
2,67.5,0.0058999999999999998626,0.0058999999999999998626
3,67.5,0.012099999999999999645,0.012099999999999999645
4,67.5,0.014699999999999999525,0.014699999999999999525
5,67.5,0.010899999999999999967,0.010899999999999999967
6,67.5,0.0094000000000000003691,0.0094000000000000003691
7,67.5,0.016400000000000001382,0.016400000000000001382
8,67.5,0.024899999999999998523,0.024899999999999998523
9,67.5,0.037999999999999999056,0.037999999999999999056
10,67.5,0.062399999999999997136,0.062399999999999997136
11,67.5,0.087400000000000005462,0.087400000000000005462
12,67.5,0.13400000000000000799,0.13400000000000000799
13,67.5,0.12030000000000000415,0.12030000000000000415
14,67.5,0.10939999999999999725,0.10939999999999999725
15,67.5,0.12039999999999999314,0.12039999999999999314
16,67.5,0.1875,0.1875
17,67.5,0.27839999999999998082,0.27839999999999998082
18,67.5,0.44669999999999998597,0.44669999999999998597
19,67.5,0.27469999999999999973,0.27469999999999999973
20,67.5,0.27910000000000001474,0.27910000000000001474
21,67.5,0.3302999999999999825,0.3302999999999999825
22,67.5,0.40860000000000001874,0.40860000000000001874
23,67.5,0.63549999999999995381,0.63549999999999995381
24,67.5,0.63729999999999997762,0.63729999999999997762
25,67.5,0.60009999999999996678,0.60009999999999996678
26,67.5,0.60519999999999996021,0.60519999999999996021
27,67.5,0.88380000000000003002,0.88380000000000003002
28,67.5,0.66469999999999995755,0.66469999999999995755
29,67.5,0.33760000000000001119,0.33760000000000001119
30,67.5,0.19750000000000000888,0.19750000000000000888
31,67.5,0.15190000000000000724,0.15190000000000000724
32,67.5,0.27329999999999998739,0.27329999999999998739
33,67.5,0.17050000000000001266,0.17050000000000001266
34,67.5,0.035700000000000002565,0.035700000000000002565
35,67.5,0.022800000000000000822,0.022800000000000000822
36,67.5,0.050999999999999996725,0.050999999999999996725
37,67.5,0.61609999999999998099,0.61609999999999998099
38,67.5,0.23250000000000001221,0.23250000000000001221
39,67.5,0.041000000000000001721,0.041000000000000001721
40,67.5,0.27960000000000001519,0.27960000000000001519
41,67.5,0.32029999999999997362,0.32029999999999997362
42,67.5,0.11000000000000000056,0.11000000000000000056
43,67.5,0.027900000000000001188,0.027900000000000001188
44,67.5,0.010000000000000000208,0.010000000000000000208
45,67.5,0.0025999999999999998807,0.0025999999999999998807
46,67.5,0.0022000000000000001325,0.0022000000000000001325
47,67.5,0.013299999999999999323,0.013299999999999999323
48,67.5,0.11379999999999999838,0.11379999999999999838
49,67.5,0.60789999999999999591,0.60789999999999999591
50,67.5,0.57450000000000001066,0.57450000000000001066
51,67.5,0.30140000000000000124,0.30140000000000000124
52,67.5,0.39269999999999999352,0.39269999999999999352
53,67.5,0.19930000000000000493,0.19930000000000000493
54,67.5,0.078399999999999997469,0.078399999999999997469
55,67.5,0.090599999999999999978,0.090599999999999999978
56,67.5,0.18629999999999999338,0.18629999999999999338
57,67.5,0.3338999999999999746,0.3338999999999999746
58,67.5,0.50139999999999995683,0.50139999999999995683
59,67.5,0.30059999999999997833,0.30059999999999997833
60,67.5,0.16459999999999999631,0.16459999999999999631
61,67.5,0.40739999999999998437,0.40739999999999998437
62,67.5,0.29670000000000001927,0.29670000000000001927
63,67.5,0.47429999999999999938,0.47429999999999999938
64,67.5,0.68999999999999994671,0.68999999999999994671
65,67.5,0.90749999999999997335,0.90749999999999997335
66,67.5,0.9161000000000000254,0.9161000000000000254
67,67.5,0.80559999999999998277,0.80559999999999998277
68,67.5,0.90510000000000001563,0.90510000000000001563
69,67.5,0.96670000000000000373,0.96670000000000000373
70,67.5,0.92540000000000000036,0.92540000000000000036
-69,68.75,0.13930000000000000715,0.13930000000000000715
-68,68.75,0.85299999999999998046,0.85299999999999998046
-67,68.75,0.9034999999999999698,0.9034999999999999698
-66,68.75,0.97799999999999998046,0.97799999999999998046
-65,68.75,0.94569999999999998508,0.94569999999999998508
-64,68.75,0.78210000000000001741,0.78210000000000001741
-63,68.75,0.48170000000000001705,0.48170000000000001705
-62,68.75,0.47630000000000000115,0.47630000000000000115
-61,68.75,0.53290000000000004032,0.53290000000000004032
-60,68.75,0.38519999999999998685,0.38519999999999998685
-59,68.75,0.30780000000000001803,0.30780000000000001803
-58,68.75,0.63639999999999996572,0.63639999999999996572
-57,68.75,0.8793999999999999595,0.8793999999999999595
-56,68.75,0.61550000000000004707,0.61550000000000004707
-55,68.75,0.81710000000000004849,0.81710000000000004849
-54,68.75,0.88849999999999995648,0.88849999999999995648
-53,68.75,0.78239999999999998437,0.78239999999999998437
-52,68.75,0.85509999999999997122,0.85509999999999997122
-51,68.75,0.77159999999999995257,0.77159999999999995257
-50,68.75,0.84989999999999998881,0.84989999999999998881
-49,68.75,0.36680000000000001492,0.36680000000000001492
-48,68.75,0.28399999999999997469,0.28399999999999997469
-47,68.75,0.33129999999999998339,0.33129999999999998339
-46,68.75,0.4561999999999999944,0.4561999999999999944
-45,68.75,0.51359999999999994547,0.51359999999999994547
-44,68.75,0.23410000000000000253,0.23410000000000000253
-43,68.75,0.11390000000000000124,0.11390000000000000124
-42,68.75,0.23410000000000000253,0.23410000000000000253
-41,68.75,0.11799999999999999378,0.11799999999999999378
-40,68.75,0.0086000000000000000056,0.0086000000000000000056
-39,68.75,0.003899999999999999821,0.003899999999999999821
-38,68.75,0.019699999999999998762,0.019699999999999998762
-37,68.75,0.055000000000000000278,0.055000000000000000278
-36,68.75,0.29830000000000000959,0.29830000000000000959
-35,68.75,0.56130000000000002114,0.56130000000000002114
-34,68.75,0.8635000000000000453,0.8635000000000000453
-33,68.75,0.65929999999999999716,0.65929999999999999716
-32,68.75,0.29839999999999999858,0.29839999999999999858
-31,68.75,0.2152000000000000024,0.2152000000000000024
-30,68.75,0.29120000000000001439,0.29120000000000001439
-29,68.75,0.36749999999999999334,0.36749999999999999334
-28,68.75,0.14380000000000001115,0.14380000000000001115
-27,68.75,0.0092999999999999992395,0.0092999999999999992395
-26,68.75,0.0011000000000000000663,0.0011000000000000000663
-25,68.75,0.0017999999999999999507,0.0017999999999999999507
-24,68.75,0.040399999999999998412,0.040399999999999998412
-23,68.75,0.4133999999999999897,0.4133999999999999897
-22,68.75,0.64239999999999997105,0.64239999999999997105
-21,68.75,0.66400000000000003464,0.66400000000000003464
-20,68.75,0.49090000000000000302,0.49090000000000000302
-19,68.75,0.40970000000000000862,0.40970000000000000862
-18,68.75,0.55869999999999997442,0.55869999999999997442
-17,68.75,0.69610000000000005205,0.69610000000000005205
-16,68.75,0.58089999999999997193,0.58089999999999997193
-15,68.75,0.34270000000000000462,0.34270000000000000462
-14,68.75,0.15149999999999999578,0.15149999999999999578
-13,68.75,0.066799999999999998268,0.066799999999999998268
-12,68.75,0.17489999999999999991,0.17489999999999999991
-11,68.75,0.33779999999999998916,0.33779999999999998916
-10,68.75,0.33450000000000001954,0.33450000000000001954
-9,68.75,0.23819999999999999507,0.23819999999999999507
-8,68.75,0.24110000000000000875,0.24110000000000000875
-7,68.75,0.39969999999999999973,0.39969999999999999973
-6,68.75,0.15700000000000000067,0.15700000000000000067
-5,68.75,0.019699999999999998762,0.019699999999999998762
-4,68.75,0.0041000000000000003456,0.0041000000000000003456
-3,68.75,0.003899999999999999821,0.003899999999999999821
-2,68.75,0.0033999999999999998106,0.0033999999999999998106
-1,68.75,0.0080999999999999995615,0.0080999999999999995615
0,68.75,0.014099999999999999686,0.014099999999999999686
1,68.75,0.0027000000000000001429,0.0027000000000000001429
2,68.75,0.0020999999999999998702,0.0020999999999999998702
3,68.75,0.0027999999999999999716,0.0027999999999999999716
4,68.75,0.0055999999999999999431,0.0055999999999999999431
5,68.75,0.013700000000000000372,0.013700000000000000372
6,68.75,0.013799999999999999767,0.013799999999999999767
7,68.75,0.016899999999999998357,0.016899999999999998357
8,68.75,0.029700000000000000705,0.029700000000000000705
9,68.75,0.031699999999999999012,0.031699999999999999012
10,68.75,0.058200000000000001732,0.058200000000000001732
11,68.75,0.073400000000000006906,0.073400000000000006906
12,68.75,0.081500000000000002998,0.081500000000000002998
13,68.75,0.087400000000000005462,0.087400000000000005462
14,68.75,0.12070000000000000173,0.12070000000000000173
15,68.75,0.18909999999999999032,0.18909999999999999032
16,68.75,0.28870000000000001217,0.28870000000000001217
17,68.75,0.49540000000000000702,0.49540000000000000702
18,68.75,0.31290000000000001146,0.31290000000000001146
19,68.75,0.19830000000000000404,0.19830000000000000404
20,68.75,0.19270000000000001017,0.19270000000000001017
21,68.75,0.23460000000000000298,0.23460000000000000298
22,68.75,0.31280000000000002247,0.31280000000000002247
23,68.75,0.34610000000000001874,0.34610000000000001874
24,68.75,0.51490000000000002434,0.51490000000000002434
25,68.75,0.63470000000000004192,0.63470000000000004192
26,68.75,0.67849999999999999201,0.67849999999999999201
27,68.75,0.66330000000000000071,0.66330000000000000071
28,68.75,0.72419999999999995488,0.72419999999999995488
29,68.75,0.14039999999999999702,0.14039999999999999702
30,68.75,0.033599999999999997924,0.033599999999999997924
31,68.75,0.012399999999999999564,0.012399999999999999564
32,68.75,0.05360000000000000181,0.05360000000000000181
33,68.75,0.26410000000000000142,0.26410000000000000142
34,68.75,0.1365999999999999992,0.1365999999999999992
35,68.75,0.020400000000000001465,0.020400000000000001465
36,68.75,0.039199999999999998734,0.039199999999999998734
37,68.75,0.21829999999999999405,0.21829999999999999405
38,68.75,0.52490000000000003322,0.52490000000000003322
39,68.75,0.03230000000000000232,0.03230000000000000232
40,68.75,0.17080000000000000737,0.17080000000000000737
41,68.75,0.26710000000000000409,0.26710000000000000409
42,68.75,0.11719999999999999862,0.11719999999999999862
43,68.75,0.10639999999999999458,0.10639999999999999458
44,68.75,0.12529999999999999472,0.12529999999999999472
45,68.75,0.0010000000000000000208,0.0010000000000000000208
46,68.75,0.0016999999999999999053,0.0016999999999999999053
47,68.75,0.010500000000000000652,0.010500000000000000652
48,68.75,0.029399999999999999051,0.029399999999999999051
49,68.75,0.30249999999999999112,0.30249999999999999112
50,68.75,0.30190000000000000169,0.30190000000000000169
51,68.75,0.33539999999999997593,0.33539999999999997593
52,68.75,0.40279999999999999138,0.40279999999999999138
53,68.75,0.31840000000000001634,0.31840000000000001634
54,68.75,0.1436999999999999944,0.1436999999999999944
55,68.75,0.15440000000000000946,0.15440000000000000946
56,68.75,0.25259999999999999121,0.25259999999999999121
57,68.75,0.31109999999999998765,0.31109999999999998765
58,68.75,0.5903000000000000469,0.5903000000000000469
59,68.75,0.27710000000000001297,0.27710000000000001297
60,68.75,0.11169999999999999374,0.11169999999999999374
61,68.75,0.28889999999999999014,0.28889999999999999014
62,68.75,0.35580000000000000515,0.35580000000000000515
63,68.75,0.39040000000000002478,0.39040000000000002478
64,68.75,0.59379999999999999449,0.59379999999999999449
65,68.75,0.91349999999999997868,0.91349999999999997868
66,68.75,0.95220000000000004636,0.95220000000000004636
67,68.75,0.9213999999999999968,0.9213999999999999968
68,68.75,0.98129999999999995008,0.98129999999999995008
69,68.75,0.94789999999999996483,0.94789999999999996483
70,68.75,0.88339999999999996305,0.88339999999999996305
-69,70,0.20260000000000000231,0.20260000000000000231
-68,70,0.72089999999999998526,0.72089999999999998526
-67,70,0.72450000000000003286,0.72450000000000003286
-66,70,0.96950000000000002842,0.96950000000000002842
-65,70,0.92640000000000000124,0.92640000000000000124
-64,70,0.81489999999999995772,0.81489999999999995772
-63,70,0.58179999999999998384,0.58179999999999998384
-62,70,0.54820000000000002061,0.54820000000000002061
-61,70,0.544599999999999973,0.544599999999999973
-60,70,0.50690000000000001723,0.50690000000000001723
-59,70,0.48899999999999999023,0.48899999999999999023
-58,70,0.73050000000000003819,0.73050000000000003819
-57,70,0.88000000000000000444,0.88000000000000000444
-56,70,0.78320000000000000728,0.78320000000000000728
-55,70,0.89839999999999997637,0.89839999999999997637
-54,70,0.72340000000000004299,0.72340000000000004299
-53,70,0.60570000000000001616,0.60570000000000001616
-52,70,0.91069999999999995399,0.91069999999999995399
-51,70,0.88690000000000002167,0.88690000000000002167
-50,70,0.62600000000000000089,0.62600000000000000089
-49,70,0.26979999999999998428,0.26979999999999998428
-48,70,0.33789999999999997815,0.33789999999999997815
-47,70,0.47249999999999997558,0.47249999999999997558
-46,70,0.48230000000000000648,0.48230000000000000648
-45,70,0.51500000000000001332,0.51500000000000001332
-44,70,0.3195999999999999952,0.3195999999999999952
-43,70,0.20860000000000000764,0.20860000000000000764
-42,70,0.13109999999999999432,0.13109999999999999432
-41,70,0.056800000000000003264,0.056800000000000003264
-40,70,0.0061999999999999997821,0.0061999999999999997821
-39,70,0.023900000000000001105,0.023900000000000001105
-38,70,0.059299999999999998546,0.059299999999999998546
-37,70,0.35909999999999997478,0.35909999999999997478
-36,70,0.81489999999999995772,0.81489999999999995772
-35,70,0.91239999999999998881,0.91239999999999998881
-34,70,0.68810000000000004494,0.68810000000000004494
-33,70,0.34489999999999998437,0.34489999999999998437
-32,70,0.2393000000000000127,0.2393000000000000127
-31,70,0.13150000000000000577,0.13150000000000000577
-30,70,0.12850000000000000311,0.12850000000000000311
-29,70,0.18240000000000000657,0.18240000000000000657
-28,70,0.085400000000000003686,0.085400000000000003686
-27,70,0.0013999999999999999858,0.0013999999999999999858
-26,70,0.0011000000000000000663,0.0011000000000000000663
-25,70,0.0055999999999999999431,0.0055999999999999999431
-24,70,0.041899999999999999745,0.041899999999999999745
-23,70,0.36740000000000000435,0.36740000000000000435
-22,70,0.65490000000000003766,0.65490000000000003766
-21,70,0.51770000000000004903,0.51770000000000004903
-20,70,0.38679999999999997717,0.38679999999999997717
-19,70,0.3650999999999999801,0.3650999999999999801
-18,70,0.47329999999999999849,0.47329999999999999849
-17,70,0.61399999999999999023,0.61399999999999999023
-16,70,0.59489999999999998437,0.59489999999999998437
-15,70,0.24079999999999998628,0.24079999999999998628
-14,70,0.087499999999999994449,0.087499999999999994449
-13,70,0.075100000000000000089,0.075100000000000000089
-12,70,0.21749999999999999889,0.21749999999999999889
-11,70,0.28970000000000001306,0.28970000000000001306
-10,70,0.29530000000000000693,0.29530000000000000693
-9,70,0.20710000000000000631,0.20710000000000000631
-8,70,0.22439999999999998836,0.22439999999999998836
-7,70,0.25140000000000001235,0.25140000000000001235
-6,70,0.10559999999999999942,0.10559999999999999942
-5,70,0.021700000000000000538,0.021700000000000000538
-4,70,0.0035000000000000000729,0.0035000000000000000729
-3,70,0.0022000000000000001325,0.0022000000000000001325
-2,70,0.0023999999999999997898,0.0023999999999999997898
-1,70,0.0040000000000000000833,0.0040000000000000000833
0,70,0.013400000000000000452,0.013400000000000000452
1,70,0.0035999999999999999015,0.0035999999999999999015
2,70,0.0016999999999999999053,0.0016999999999999999053
3,70,0.0016000000000000000767,0.0016000000000000000767
4,70,0.0058999999999999998626,0.0058999999999999998626
5,70,0.0094000000000000003691,0.0094000000000000003691
6,70,0.019499999999999999972,0.019499999999999999972
7,70,0.017700000000000000455,0.017700000000000000455
8,70,0.028699999999999999817,0.028699999999999999817
9,70,0.023900000000000001105,0.023900000000000001105
10,70,0.029200000000000000261,0.029200000000000000261
11,70,0.040399999999999998412,0.040399999999999998412
12,70,0.091800000000000006595,0.091800000000000006595
13,70,0.16550000000000000822,0.16550000000000000822
14,70,0.25969999999999998641,0.25969999999999998641
15,70,0.25800000000000000711,0.25800000000000000711
16,70,0.47029999999999999583,0.47029999999999999583
17,70,0.52149999999999996358,0.52149999999999996358
18,70,0.21499999999999999667,0.21499999999999999667
19,70,0.13839999999999999525,0.13839999999999999525
20,70,0.13320000000000001283,0.13320000000000001283
21,70,0.14799999999999999267,0.14799999999999999267
22,70,0.22439999999999998836,0.22439999999999998836
23,70,0.30420000000000002593,0.30420000000000002593
24,70,0.47160000000000001918,0.47160000000000001918
25,70,0.55479999999999995985,0.55479999999999995985
26,70,0.61519999999999996909,0.61519999999999996909
27,70,0.50280000000000002469,0.50280000000000002469
28,70,0.66049999999999997602,0.66049999999999997602
29,70,0.19250000000000000444,0.19250000000000000444
30,70,0.017899999999999999245,0.017899999999999999245
31,70,0.053300000000000000155,0.053300000000000000155
32,70,0.069000000000000005773,0.069000000000000005773
33,70,0.021000000000000001305,0.021000000000000001305
34,70,0.021799999999999999933,0.021799999999999999933
35,70,0.033500000000000001998,0.033500000000000001998
36,70,0.13700000000000001066,0.13700000000000001066
37,70,0.25259999999999999121,0.25259999999999999121
38,70,0.4490999999999999992,0.4490999999999999992
39,70,0.081600000000000005862,0.081600000000000005862
40,70,0.12650000000000000133,0.12650000000000000133
41,70,0.24479999999999998983,0.24479999999999998983
42,70,0.16850000000000001088,0.16850000000000001088
43,70,0.35170000000000001261,0.35170000000000001261
44,70,0.18360000000000001319,0.18360000000000001319
45,70,0.0011000000000000000663,0.0011000000000000000663
46,70,0.0011000000000000000663,0.0011000000000000000663
47,70,0.020799999999999999045,0.020799999999999999045
48,70,0.022499999999999999167,0.022499999999999999167
49,70,0.13769999999999998908,0.13769999999999998908
50,70,0.15989999999999998659,0.15989999999999998659
51,70,0.24649999999999999689,0.24649999999999999689
52,70,0.40710000000000001741,0.40710000000000001741
53,70,0.38080000000000002736,0.38080000000000002736
54,70,0.31009999999999998677,0.31009999999999998677
55,70,0.29849999999999998757,0.29849999999999998757
56,70,0.36570000000000002505,0.36570000000000002505
57,70,0.20710000000000000631,0.20710000000000000631
58,70,0.2767999999999999905,0.2767999999999999905
59,70,0.19380000000000000004,0.19380000000000000004
60,70,0.094600000000000003531,0.094600000000000003531
61,70,0.25309999999999999165,0.25309999999999999165
62,70,0.51629999999999998117,0.51629999999999998117
63,70,0.43690000000000001057,0.43690000000000001057
64,70,0.60689999999999999503,0.60689999999999999503
65,70,0.92730000000000001315,0.92730000000000001315
66,70,0.99029999999999995808,0.99029999999999995808
67,70,0.97360000000000002096,0.97360000000000002096
68,70,0.9848000000000000087,0.9848000000000000087
69,70,0.94569999999999998508,0.94569999999999998508
70,70,0.84440000000000003944,0.84440000000000003944
-69,71.25,0.25900000000000000799,0.25900000000000000799
-68,71.25,0.75670000000000003926,0.75670000000000003926
-67,71.25,0.62270000000000003126,0.62270000000000003126
-66,71.25,0.94810000000000005382,0.94810000000000005382
-65,71.25,0.91600000000000003642,0.91600000000000003642
-64,71.25,0.85219999999999995755,0.85219999999999995755
-63,71.25,0.76490000000000002434,0.76490000000000002434
-62,71.25,0.75190000000000001279,0.75190000000000001279
-61,71.25,0.69569999999999998508,0.69569999999999998508
-60,71.25,0.61519999999999996909,0.61519999999999996909
-59,71.25,0.65359999999999995879,0.65359999999999995879
-58,71.25,0.77739999999999997993,0.77739999999999997993
-57,71.25,0.70479999999999998206,0.70479999999999998206
-56,71.25,0.90239999999999997993,0.90239999999999997993
-55,71.25,0.92769999999999996909,0.92769999999999996909
-54,71.25,0.47399999999999997691,0.47399999999999997691
-53,71.25,0.42690000000000000169,0.42690000000000000169
-52,71.25,0.88639999999999996572,0.88639999999999996572
-51,71.25,0.84750000000000003109,0.84750000000000003109
-50,71.25,0.66059999999999996501,0.66059999999999996501
-49,71.25,0.34300000000000002709,0.34300000000000002709
-48,71.25,0.20119999999999998996,0.20119999999999998996
-47,71.25,0.46200000000000002176,0.46200000000000002176
-46,71.25,0.38179999999999997273,0.38179999999999997273
-45,71.25,0.4981999999999999762,0.4981999999999999762
-44,71.25,0.56499999999999994671,0.56499999999999994671
-43,71.25,0.17819999999999999729,0.17819999999999999729
-42,71.25,0.087400000000000005462,0.087400000000000005462
-41,71.25,0.044799999999999999545,0.044799999999999999545
-40,71.25,0.05340000000000000302,0.05340000000000000302
-39,71.25,0.070199999999999998512,0.070199999999999998512
-38,71.25,0.30830000000000001847,0.30830000000000001847
-37,71.25,0.83799999999999996714,0.83799999999999996714
-36,71.25,0.93149999999999999467,0.93149999999999999467
-35,71.25,0.36680000000000001492,0.36680000000000001492
-34,71.25,0.20499999999999998779,0.20499999999999998779
-33,71.25,0.1088999999999999968,0.1088999999999999968
-32,71.25,0.075300000000000005818,0.075300000000000005818
-31,71.25,0.061999999999999999556,0.061999999999999999556
-30,71.25,0.038600000000000002365,0.038600000000000002365
-29,71.25,0.1034000000000000058,0.1034000000000000058
-28,71.25,0.054600000000000002698,0.054600000000000002698
-27,71.25,0.0033999999999999998106,0.0033999999999999998106
-26,71.25,0.0033999999999999998106,0.0033999999999999998106
-25,71.25,0.0097000000000000002887,0.0097000000000000002887
-24,71.25,0.089300000000000004374,0.089300000000000004374
-23,71.25,0.52520000000000000018,0.52520000000000000018
-22,71.25,0.67500000000000004441,0.67500000000000004441
-21,71.25,0.63409999999999999698,0.63409999999999999698
-20,71.25,0.57259999999999999787,0.57259999999999999787
-19,71.25,0.38990000000000002434,0.38990000000000002434
-18,71.25,0.29839999999999999858,0.29839999999999999858
-17,71.25,0.37209999999999998632,0.37209999999999998632
-16,71.25,0.42170000000000001927,0.42170000000000001927
-15,71.25,0.15220000000000000195,0.15220000000000000195
-14,71.25,0.057900000000000000078,0.057900000000000000078
-13,71.25,0.063899999999999998468,0.063899999999999998468
-12,71.25,0.23380000000000000782,0.23380000000000000782
-11,71.25,0.18210000000000001186,0.18210000000000001186
-10,71.25,0.2371000000000000052,0.2371000000000000052
-9,71.25,0.1839000000000000079,0.1839000000000000079
-8,71.25,0.17940000000000000391,0.17940000000000000391
-7,71.25,0.18019999999999999907,0.18019999999999999907
-6,71.25,0.089399999999999993361,0.089399999999999993361
-5,71.25,0.015199999999999999969,0.015199999999999999969
-4,71.25,0.0028999999999999998002,0.0028999999999999998002
-3,71.25,0.0020999999999999998702,0.0020999999999999998702
-2,71.25,0.0022999999999999999611,0.0022999999999999999611
-1,71.25,0.0047999999999999995795,0.0047999999999999995795
0,71.25,0.011499999999999999806,0.011499999999999999806
1,71.25,0.0027999999999999999716,0.0027999999999999999716
2,71.25,0.0018999999999999999962,0.0018999999999999999962
3,71.25,0.0015000000000000000312,0.0015000000000000000312
4,71.25,0.0030000000000000000625,0.0030000000000000000625
5,71.25,0.0067999999999999996211,0.0067999999999999996211
6,71.25,0.017000000000000001221,0.017000000000000001221
7,71.25,0.019400000000000000577,0.019400000000000000577
8,71.25,0.016199999999999999123,0.016199999999999999123
9,71.25,0.022599999999999998562,0.022599999999999998562
10,71.25,0.039399999999999997524,0.039399999999999997524
11,71.25,0.055000000000000000278,0.055000000000000000278
12,71.25,0.094299999999999994937,0.094299999999999994937
13,71.25,0.16059999999999999276,0.16059999999999999276
14,71.25,0.27479999999999998872,0.27479999999999998872
15,71.25,0.36480000000000001315,0.36480000000000001315
16,71.25,0.42109999999999997433,0.42109999999999997433
17,71.25,0.26540000000000002478,0.26540000000000002478
18,71.25,0.16400000000000000688,0.16400000000000000688
19,71.25,0.15299999999999999711,0.15299999999999999711
20,71.25,0.17799999999999999156,0.17799999999999999156
21,71.25,0.1865999999999999881,0.1865999999999999881
22,71.25,0.21729999999999999316,0.21729999999999999316
23,71.25,0.34179999999999999272,0.34179999999999999272
24,71.25,0.45919999999999999707,0.45919999999999999707
25,71.25,0.4813000000000000056,0.4813000000000000056
26,71.25,0.60419999999999995932,0.60419999999999995932
27,71.25,0.45469999999999999307,0.45469999999999999307
28,71.25,0.42370000000000002105,0.42370000000000002105
29,71.25,0.29289999999999999369,0.29289999999999999369
30,71.25,0.16220000000000001084,0.16220000000000001084
31,71.25,0.15199999999999999623,0.15199999999999999623
32,71.25,0.16320000000000001172,0.16320000000000001172
33,71.25,0.16059999999999999276,0.16059999999999999276
34,71.25,0.049799999999999997047,0.049799999999999997047
35,71.25,0.050900000000000000799,0.050900000000000000799
36,71.25,0.06289999999999999758,0.06289999999999999758
37,71.25,0.24560000000000001275,0.24560000000000001275
38,71.25,0.45129999999999997895,0.45129999999999997895
39,71.25,0.26350000000000001199,0.26350000000000001199
40,71.25,0.24540000000000000702,0.24540000000000000702
41,71.25,0.18229999999999998983,0.18229999999999998983
42,71.25,0.065299999999999996936,0.065299999999999996936
43,71.25,0.13259999999999999565,0.13259999999999999565
44,71.25,0.14499999999999999001,0.14499999999999999001
45,71.25,0.0044000000000000002651,0.0044000000000000002651
46,71.25,0.0035999999999999999015,0.0035999999999999999015
47,71.25,0.017200000000000000011,0.017200000000000000011
48,71.25,0.048300000000000002653,0.048300000000000002653
49,71.25,0.11949999999999999512,0.11949999999999999512
50,71.25,0.16830000000000000515,0.16830000000000000515
51,71.25,0.25850000000000000755,0.25850000000000000755
52,71.25,0.51959999999999995079,0.51959999999999995079
53,71.25,0.46420000000000000151,0.46420000000000000151
54,71.25,0.40220000000000000195,0.40220000000000000195
55,71.25,0.45719999999999999529,0.45719999999999999529
56,71.25,0.44629999999999997451,0.44629999999999997451
57,71.25,0.1655999999999999972,0.1655999999999999972
58,71.25,0.14280000000000001026,0.14280000000000001026
59,71.25,0.1781000000000000083,0.1781000000000000083
60,71.25,0.1459999999999999909,0.1459999999999999909
61,71.25,0.30390000000000000346,0.30390000000000000346
62,71.25,0.49890000000000001013,0.49890000000000001013
63,71.25,0.56840000000000001634,0.56840000000000001634
64,71.25,0.64480000000000003979,0.64480000000000003979
65,71.25,0.83009999999999994902,0.83009999999999994902
66,71.25,0.99639999999999995239,0.99639999999999995239
67,71.25,0.99360000000000003872,0.99360000000000003872
68,71.25,0.98740000000000005542,0.98740000000000005542
69,71.25,0.95830000000000004068,0.95830000000000004068
70,71.25,0.88070000000000003837,0.88070000000000003837
-69,72.5,0.40250000000000002442,0.40250000000000002442
-68,72.5,0.84230000000000004867,0.84230000000000004867
-67,72.5,0.55179999999999995719,0.55179999999999995719
-66,72.5,0.92320000000000002061,0.92320000000000002061
-65,72.5,0.87760000000000004672,0.87760000000000004672
-64,72.5,0.8233000000000000318,0.8233000000000000318
-63,72.5,0.74799999999999999822,0.74799999999999999822
-62,72.5,0.88339999999999996305,0.88339999999999996305
-61,72.5,0.81489999999999995772,0.81489999999999995772
-60,72.5,0.77929999999999999272,0.77929999999999999272
-59,72.5,0.83999999999999996891,0.83999999999999996891
-58,72.5,0.59119999999999994778,0.59119999999999994778
-57,72.5,0.33879999999999999005,0.33879999999999999005
-56,72.5,0.77710000000000001297,0.77710000000000001297
-55,72.5,0.82709999999999994635,0.82709999999999994635
-54,72.5,0.29889999999999999902,0.29889999999999999902
-53,72.5,0.3652000000000000246,0.3652000000000000246
-52,72.5,0.91349999999999997868,0.91349999999999997868
-51,72.5,0.80110000000000003428,0.80110000000000003428
-50,72.5,0.6349000000000000199,0.6349000000000000199
-49,72.5,0.43149999999999999467,0.43149999999999999467
-48,72.5,0.317000000000000004,0.317000000000000004
-47,72.5,0.28810000000000002274,0.28810000000000002274
-46,72.5,0.27910000000000001474,0.27910000000000001474
-45,72.5,0.63859999999999994547,0.63859999999999994547
-44,72.5,0.61519999999999996909,0.61519999999999996909
-43,72.5,0.23510000000000000342,0.23510000000000000342
-42,72.5,0.16400000000000000688,0.16400000000000000688
-41,72.5,0.13380000000000000226,0.13380000000000000226
-40,72.5,0.32440000000000002167,0.32440000000000002167
-39,72.5,0.19919999999999998819,0.19919999999999998819
-38,72.5,0.59360000000000001652,0.59360000000000001652
-37,72.5,0.85880000000000000782,0.85880000000000000782
-36,72.5,0.39219999999999999307,0.39219999999999999307
-35,72.5,0.13000000000000000444,0.13000000000000000444
-34,72.5,0.11650000000000000633,0.11650000000000000633
-33,72.5,0.078100000000000002753,0.078100000000000002753
-32,72.5,0.086199999999999998845,0.086199999999999998845
-31,72.5,0.060699999999999997014,0.060699999999999997014
-30,72.5,0.098100000000000006639,0.098100000000000006639
-29,72.5,0.22429999999999999938,0.22429999999999999938
-28,72.5,0.085199999999999997957,0.085199999999999997957
-27,72.5,0.0051999999999999997613,0.0051999999999999997613
-26,72.5,0.0094999999999999997641,0.0094999999999999997641
-25,72.5,0.02709999999999999909,0.02709999999999999909
-24,72.5,0.15800000000000000155,0.15800000000000000155
-23,72.5,0.42690000000000000169,0.42690000000000000169
-22,72.5,0.54620000000000001883,0.54620000000000001883
-21,72.5,0.57650000000000001243,0.57650000000000001243
-20,72.5,0.65580000000000004956,0.65580000000000004956
-19,72.5,0.44790000000000002034,0.44790000000000002034
-18,72.5,0.28229999999999999538,0.28229999999999999538
-17,72.5,0.30190000000000000169,0.30190000000000000169
-16,72.5,0.23330000000000000737,0.23330000000000000737
-15,72.5,0.11360000000000000653,0.11360000000000000653
-14,72.5,0.064299999999999996048,0.064299999999999996048
-13,72.5,0.091899999999999995581,0.091899999999999995581
-12,72.5,0.20449999999999998734,0.20449999999999998734
-11,72.5,0.21010000000000000897,0.21010000000000000897
-10,72.5,0.20930000000000001381,0.20930000000000001381
-9,72.5,0.18240000000000000657,0.18240000000000000657
-8,72.5,0.1759000000000000008,0.1759000000000000008
-7,72.5,0.13600000000000000977,0.13600000000000000977
-6,72.5,0.090999999999999997558,0.090999999999999997558
-5,72.5,0.028799999999999999212,0.028799999999999999212
-4,72.5,0.0054000000000000002859,0.0054000000000000002859
-3,72.5,0.0035000000000000000729,0.0035000000000000000729
-2,72.5,0.010899999999999999967,0.010899999999999999967
-1,72.5,0.010500000000000000652,0.010500000000000000652
0,72.5,0.0091000000000000004496,0.0091000000000000004496
1,72.5,0.0020000000000000000416,0.0020000000000000000416
2,72.5,0.0018999999999999999962,0.0018999999999999999962
3,72.5,0.0017999999999999999507,0.0017999999999999999507
4,72.5,0.0020999999999999998702,0.0020999999999999998702
5,72.5,0.0094000000000000003691,0.0094000000000000003691
6,72.5,0.018200000000000000899,0.018200000000000000899
7,72.5,0.023900000000000001105,0.023900000000000001105
8,72.5,0.044900000000000002409,0.044900000000000002409
9,72.5,0.045699999999999997569,0.045699999999999997569
10,72.5,0.07199999999999999456,0.07199999999999999456
11,72.5,0.11569999999999999729,0.11569999999999999729
12,72.5,0.070300000000000001377,0.070300000000000001377
13,72.5,0.10739999999999999547,0.10739999999999999547
14,72.5,0.24560000000000001275,0.24560000000000001275
15,72.5,0.33310000000000000719,0.33310000000000000719
16,72.5,0.26179999999999997717,0.26179999999999997717
17,72.5,0.14960000000000001075,0.14960000000000001075
18,72.5,0.17489999999999999991,0.17489999999999999991
19,72.5,0.21099999999999999312,0.21099999999999999312
20,72.5,0.15950000000000000289,0.15950000000000000289
21,72.5,0.23660000000000000475,0.23660000000000000475
22,72.5,0.31600000000000000311,0.31600000000000000311
23,72.5,0.34699999999999997513,0.34699999999999997513
24,72.5,0.37809999999999999165,0.37809999999999999165
25,72.5,0.36449999999999999067,0.36449999999999999067
26,72.5,0.38279999999999997362,0.38279999999999997362
27,72.5,0.42930000000000001492,0.42930000000000001492
28,72.5,0.58360000000000000764,0.58360000000000000764
29,72.5,0.39489999999999997327,0.39489999999999997327
30,72.5,0.40170000000000000151,0.40170000000000000151
31,72.5,0.46670000000000000373,0.46670000000000000373
32,72.5,0.30340000000000000302,0.30340000000000000302
33,72.5,0.3195999999999999952,0.3195999999999999952
34,72.5,0.24199999999999999289,0.24199999999999999289
35,72.5,0.084900000000000003242,0.084900000000000003242
36,72.5,0.0538000000000000006,0.0538000000000000006
37,72.5,0.10509999999999999898,0.10509999999999999898
38,72.5,0.45190000000000002389,0.45190000000000002389
39,72.5,0.36459999999999997966,0.36459999999999997966
40,72.5,0.32779999999999998028,0.32779999999999998028
41,72.5,0.25890000000000001901,0.25890000000000001901
42,72.5,0.099599999999999994094,0.099599999999999994094
43,72.5,0.20549999999999998823,0.20549999999999998823
44,72.5,0.24699999999999999734,0.24699999999999999734
45,72.5,0.072700000000000000733,0.072700000000000000733
46,72.5,0.082100000000000006306,0.082100000000000006306
47,72.5,0.055899999999999998301,0.055899999999999998301
48,72.5,0.1134000000000000008,0.1134000000000000008
49,72.5,0.16839999999999999414,0.16839999999999999414
50,72.5,0.28339999999999998526,0.28339999999999998526
51,72.5,0.37730000000000002425,0.37730000000000002425
52,72.5,0.51900000000000001688,0.51900000000000001688
53,72.5,0.43740000000000001101,0.43740000000000001101
54,72.5,0.43800000000000000044,0.43800000000000000044
55,72.5,0.44479999999999997318,0.44479999999999997318
56,72.5,0.3499999999999999778,0.3499999999999999778
57,72.5,0.18699999999999999956,0.18699999999999999956
58,72.5,0.1353000000000000036,0.1353000000000000036
59,72.5,0.22609999999999999543,0.22609999999999999543
60,72.5,0.2406000000000000083,0.2406000000000000083
61,72.5,0.35239999999999999103,0.35239999999999999103
62,72.5,0.53910000000000002363,0.53910000000000002363
63,72.5,0.74399999999999999467,0.74399999999999999467
64,72.5,0.72780000000000000249,0.72780000000000000249
65,72.5,0.78429999999999999716,0.78429999999999999716
66,72.5,0.99780000000000002025,0.99780000000000002025
67,72.5,0.96879999999999999449,0.96879999999999999449
68,72.5,0.98629999999999995453,0.98629999999999995453
69,72.5,0.97340000000000004299,0.97340000000000004299
70,72.5,0.94869999999999998774,0.94869999999999998774
-69,73.75,0.51349999999999995648,0.51349999999999995648
-68,73.75,0.88539999999999996483,0.88539999999999996483
-67,73.75,0.61360000000000003428,0.61360000000000003428
-66,73.75,0.90490000000000003766,0.90490000000000003766
-65,73.75,0.88959999999999994635,0.88959999999999994635
-64,73.75,0.88780000000000003357,0.88780000000000003357
-63,73.75,0.78549999999999997602,0.78549999999999997602
-62,73.75,0.93030000000000001581,0.93030000000000001581
-61,73.75,0.90680000000000005045,0.90680000000000005045
-60,73.75,0.86470000000000002416,0.86470000000000002416
-59,73.75,0.87490000000000001101,0.87490000000000001101
-58,73.75,0.50380000000000002558,0.50380000000000002558
-57,73.75,0.20539999999999999925,0.20539999999999999925
-56,73.75,0.58650000000000002132,0.58650000000000002132
-55,73.75,0.71360000000000001208,0.71360000000000001208
-54,73.75,0.388400000000000023,0.388400000000000023
-53,73.75,0.51900000000000001688,0.51900000000000001688
-52,73.75,0.9579999999999999627,0.9579999999999999627
-51,73.75,0.81140000000000001013,0.81140000000000001013
-50,73.75,0.69520000000000004015,0.69520000000000004015
-49,73.75,0.47510000000000002229,0.47510000000000002229
-48,73.75,0.31259999999999998899,0.31259999999999998899
-47,73.75,0.27739999999999997993,0.27739999999999997993
-46,73.75,0.43269999999999997353,0.43269999999999997353
-45,73.75,0.50490000000000001545,0.50490000000000001545
-44,73.75,0.48459999999999997522,0.48459999999999997522
-43,73.75,0.25759999999999999565,0.25759999999999999565
-42,73.75,0.13919999999999999041,0.13919999999999999041
-41,73.75,0.33329999999999998517,0.33329999999999998517
-40,73.75,0.61040000000000005365,0.61040000000000005365
-39,73.75,0.47289999999999998703,0.47289999999999998703
-38,73.75,0.9749999999999999778,0.9749999999999999778
-37,73.75,0.29789999999999999813,0.29789999999999999813
-36,73.75,0.095299999999999995826,0.095299999999999995826
-35,73.75,0.091499999999999998002,0.091499999999999998002
-34,73.75,0.10820000000000000451,0.10820000000000000451
-33,73.75,0.072700000000000000733,0.072700000000000000733
-32,73.75,0.046899999999999997247,0.046899999999999997247
-31,73.75,0.052400000000000002132,0.052400000000000002132
-30,73.75,0.1652000000000000135,0.1652000000000000135
-29,73.75,0.23080000000000000515,0.23080000000000000515
-28,73.75,0.041500000000000002165,0.041500000000000002165
-27,73.75,0.010000000000000000208,0.010000000000000000208
-26,73.75,0.042500000000000003053,0.042500000000000003053
-25,73.75,0.099000000000000004663,0.099000000000000004663
-24,73.75,0.2061999999999999944,0.2061999999999999944
-23,73.75,0.3411000000000000143,0.3411000000000000143
-22,73.75,0.33560000000000000941,0.33560000000000000941
-21,73.75,0.60099999999999997868,0.60099999999999997868
-20,73.75,0.77729999999999999094,0.77729999999999999094
-19,73.75,0.52219999999999999751,0.52219999999999999751
-18,73.75,0.35260000000000002451,0.35260000000000002451
-17,73.75,0.31319999999999997842,0.31319999999999997842
-16,73.75,0.1237000000000000044,0.1237000000000000044
-15,73.75,0.056399999999999998745,0.056399999999999998745
-14,73.75,0.063200000000000006173,0.063200000000000006173
-13,73.75,0.129500000000000004,0.129500000000000004
-12,73.75,0.11089999999999999858,0.11089999999999999858
-11,73.75,0.071400000000000005129,0.071400000000000005129
-10,73.75,0.110500000000000001,0.110500000000000001
-9,73.75,0.15629999999999999449,0.15629999999999999449
-8,73.75,0.16900000000000001132,0.16900000000000001132
-7,73.75,0.12720000000000000751,0.12720000000000000751
-6,73.75,0.11600000000000000588,0.11600000000000000588
-5,73.75,0.050200000000000001565,0.050200000000000001565
-4,73.75,0.00899999999999999932,0.00899999999999999932
-3,73.75,0.003899999999999999821,0.003899999999999999821
-2,73.75,0.021600000000000001144,0.021600000000000001144
-1,73.75,0.031099999999999999173,0.031099999999999999173
0,73.75,0.016899999999999998357,0.016899999999999998357
1,73.75,0.0040000000000000000833,0.0040000000000000000833
2,73.75,0.00029999999999999997372,0.00029999999999999997372
3,73.75,0.0016999999999999999053,0.0016999999999999999053
4,73.75,0.0020000000000000000416,0.0020000000000000000416
5,73.75,0.019800000000000001626,0.019800000000000001626
6,73.75,0.029200000000000000261,0.029200000000000000261
7,73.75,0.031500000000000000222,0.031500000000000000222
8,73.75,0.091200000000000003286,0.091200000000000003286
9,73.75,0.091399999999999995137,0.091399999999999995137
10,73.75,0.1233999999999999958,0.1233999999999999958
11,73.75,0.19029999999999999694,0.19029999999999999694
12,73.75,0.099799999999999999822,0.099799999999999999822
13,73.75,0.10489999999999999325,0.10489999999999999325
14,73.75,0.24460000000000001186,0.24460000000000001186
15,73.75,0.56889999999999996128,0.56889999999999996128
16,73.75,0.21379999999999999005,0.21379999999999999005
17,73.75,0.18129999999999998894,0.18129999999999998894
18,73.75,0.15240000000000000768,0.15240000000000000768
19,73.75,0.16569999999999998619,0.16569999999999998619
20,73.75,0.12729999999999999649,0.12729999999999999649
21,73.75,0.23489999999999999769,0.23489999999999999769
22,73.75,0.53569999999999995399,0.53569999999999995399
23,73.75,0.47239999999999998659,0.47239999999999998659
24,73.75,0.28970000000000001306,0.28970000000000001306
25,73.75,0.19620000000000001328,0.19620000000000001328
26,73.75,0.21840000000000001079,0.21840000000000001079
27,73.75,0.30780000000000001803,0.30780000000000001803
28,73.75,0.3418999999999999817,0.3418999999999999817
29,73.75,0.45869999999999999662,0.45869999999999999662
30,73.75,0.53520000000000000906,0.53520000000000000906
31,73.75,0.57720000000000004636,0.57720000000000004636
32,73.75,0.51539999999999996927,0.51539999999999996927
33,73.75,0.3731999999999999762,0.3731999999999999762
34,73.75,0.14080000000000000848,0.14080000000000000848
35,73.75,0.066699999999999995404,0.066699999999999995404
36,73.75,0.026200000000000001066,0.026200000000000001066
37,73.75,0.069599999999999995204,0.069599999999999995204
38,73.75,0.32640000000000002345,0.32640000000000002345
39,73.75,0.39600000000000001865,0.39600000000000001865
40,73.75,0.44009999999999999121,0.44009999999999999121
41,73.75,0.25679999999999997273,0.25679999999999997273
42,73.75,0.16630000000000000338,0.16630000000000000338
43,73.75,0.12039999999999999314,0.12039999999999999314
44,73.75,0.29720000000000001972,0.29720000000000001972
45,73.75,0.60309999999999996945,0.60309999999999996945
46,73.75,0.38829999999999997851,0.38829999999999997851
47,73.75,0.16639999999999999236,0.16639999999999999236
48,73.75,0.06909999999999999476,0.06909999999999999476
49,73.75,0.20690000000000000058,0.20690000000000000058
50,73.75,0.48020000000000001572,0.48020000000000001572
51,73.75,0.73180000000000000604,0.73180000000000000604
52,73.75,0.67269999999999996465,0.67269999999999996465
53,73.75,0.55500000000000004885,0.55500000000000004885
54,73.75,0.4536000000000000032,0.4536000000000000032
55,73.75,0.46329999999999998961,0.46329999999999998961
56,73.75,0.29280000000000000471,0.29280000000000000471
57,73.75,0.25959999999999999742,0.25959999999999999742
58,73.75,0.21759999999999998788,0.21759999999999998788
59,73.75,0.32290000000000002034,0.32290000000000002034
60,73.75,0.27850000000000002531,0.27850000000000002531
61,73.75,0.39389999999999997238,0.39389999999999997238
62,73.75,0.51910000000000000586,0.51910000000000000586
63,73.75,0.75209999999999999076,0.75209999999999999076
64,73.75,0.83860000000000001208,0.83860000000000001208
65,73.75,0.82410000000000005471,0.82410000000000005471
66,73.75,0.98980000000000001315,0.98980000000000001315
67,73.75,0.94850000000000000977,0.94850000000000000977
68,73.75,0.95879999999999998561,0.95879999999999998561
69,73.75,0.99719999999999997531,0.99719999999999997531
70,73.75,0.96640000000000003677,0.96640000000000003677
-69,75,0.61850000000000004974,0.61850000000000004974
-68,75,0.90129999999999999005,0.90129999999999999005
-67,75,0.80020000000000002238,0.80020000000000002238
-66,75,0.89870000000000005436,0.89870000000000005436
-65,75,0.94610000000000005205,0.94610000000000005205
-64,75,0.96719999999999994866,0.96719999999999994866
-63,75,0.91459999999999996856,0.91459999999999996856
-62,75,0.95169999999999999041,0.95169999999999999041
-61,75,0.95130000000000003446,0.95130000000000003446
-60,75,0.91449999999999997957,0.91449999999999997957
-59,75,0.8239999999999999547,0.8239999999999999547
-58,75,0.36299999999999998934,0.36299999999999998934
-57,75,0.12800000000000000266,0.12800000000000000266
-56,75,0.40649999999999997247,0.40649999999999997247
-55,75,0.46210000000000001075,0.46210000000000001075
-54,75,0.40639999999999998348,0.40639999999999998348
-53,75,0.73140000000000005009,0.73140000000000005009
-52,75,0.99139999999999994795,0.99139999999999994795
-51,75,0.85880000000000000782,0.85880000000000000782
-50,75,0.44679999999999997495,0.44679999999999997495
-49,75,0.39310000000000000497,0.39310000000000000497
-48,75,0.24449999999999999512,0.24449999999999999512
-47,75,0.28710000000000002185,0.28710000000000002185
-46,75,0.62270000000000003126,0.62270000000000003126
-45,75,0.28089999999999998304,0.28089999999999998304
-44,75,0.3340000000000000191,0.3340000000000000191
-43,75,0.30780000000000001803,0.30780000000000001803
-42,75,0.23869999999999999551,0.23869999999999999551
-41,75,0.54449999999999998401,0.54449999999999998401
-40,75,0.82999999999999996003,0.82999999999999996003
-39,75,0.9445999999999999952,0.9445999999999999952
-38,75,0.7206000000000000183,0.7206000000000000183
-37,75,0.13900000000000001243,0.13900000000000001243
-36,75,0.049599999999999998257,0.049599999999999998257
-35,75,0.096299999999999996714,0.096299999999999996714
-34,75,0.21010000000000000897,0.21010000000000000897
-33,75,0.058700000000000002176,0.058700000000000002176
-32,75,0.040300000000000002487,0.040300000000000002487
-31,75,0.074200000000000002065,0.074200000000000002065
-30,75,0.15090000000000000635,0.15090000000000000635
-29,75,0.076799999999999993272,0.076799999999999993272
-28,75,0.057599999999999998423,0.057599999999999998423
-27,75,0.030099999999999998285,0.030099999999999998285
-26,75,0.10799999999999999878,0.10799999999999999878
-25,75,0.30669999999999997264,0.30669999999999997264
-24,75,0.40539999999999998259,0.40539999999999998259
-23,75,0.2713999999999999746,0.2713999999999999746
-22,75,0.22800000000000000822,0.22800000000000000822
-21,75,0.42080000000000000737,0.42080000000000000737
-20,75,0.47070000000000000728,0.47070000000000000728
-19,75,0.31009999999999998677,0.31009999999999998677
-18,75,0.28999999999999998002,0.28999999999999998002
-17,75,0.17799999999999999156,0.17799999999999999156
-16,75,0.066699999999999995404,0.066699999999999995404
-15,75,0.034299999999999997158,0.034299999999999997158
-14,75,0.055000000000000000278,0.055000000000000000278
-13,75,0.067500000000000004441,0.067500000000000004441
-12,75,0.081100000000000005418,0.081100000000000005418
-11,75,0.047100000000000002975,0.047100000000000002975
-10,75,0.066600000000000006417,0.066600000000000006417
-9,75,0.085599999999999995537,0.085599999999999995537
-8,75,0.11269999999999999463,0.11269999999999999463
-7,75,0.15989999999999998659,0.15989999999999998659
-6,75,0.098500000000000004219,0.098500000000000004219
-5,75,0.078600000000000003197,0.078600000000000003197
-4,75,0.049299999999999996603,0.049299999999999996603
-3,75,0.014500000000000000736,0.014500000000000000736
-2,75,0.031300000000000001432,0.031300000000000001432
-1,75,0.037100000000000001033,0.037100000000000001033
0,75,0.014699999999999999525,0.014699999999999999525
1,75,0.0037000000000000001638,0.0037000000000000001638
2,75,0.00069999999999999999289,0.00069999999999999999289
3,75,0.0010000000000000000208,0.0010000000000000000208
4,75,0.003899999999999999821,0.003899999999999999821
5,75,0.036299999999999998934,0.036299999999999998934
6,75,0.093499999999999999778,0.093499999999999999778
7,75,0.13200000000000000622,0.13200000000000000622
8,75,0.14979999999999998872,0.14979999999999998872
9,75,0.158500000000000002,0.158500000000000002
10,75,0.16839999999999999414,0.16839999999999999414
11,75,0.47179999999999999716,0.47179999999999999716
12,75,0.35430000000000000382,0.35430000000000000382
13,75,0.61270000000000002238,0.61270000000000002238
14,75,0.60440000000000004832,0.60440000000000004832
15,75,0.53369999999999995222,0.53369999999999995222
16,75,0.34920000000000001039,0.34920000000000001039
17,75,0.26650000000000001465,0.26650000000000001465
18,75,0.23100000000000001088,0.23100000000000001088
19,75,0.18160000000000001141,0.18160000000000001141
20,75,0.19400000000000000577,0.19400000000000000577
21,75,0.50219999999999997975,0.50219999999999997975
22,75,0.65249999999999996891,0.65249999999999996891
23,75,0.59040000000000003588,0.59040000000000003588
24,75,0.36280000000000001137,0.36280000000000001137
25,75,0.19229999999999999871,0.19229999999999999871
26,75,0.18549999999999999822,0.18549999999999999822
27,75,0.26419999999999999041,0.26419999999999999041
28,75,0.31199999999999999956,0.31199999999999999956
29,75,0.43680000000000002158,0.43680000000000002158
30,75,0.45800000000000001821,0.45800000000000001821
31,75,0.50800000000000000711,0.50800000000000000711
32,75,0.37990000000000001545,0.37990000000000001545
33,75,0.53259999999999996234,0.53259999999999996234
34,75,0.12389999999999999625,0.12389999999999999625
35,75,0.053499999999999998945,0.053499999999999998945
36,75,0.064299999999999996048,0.064299999999999996048
37,75,0.29780000000000000915,0.29780000000000000915
38,75,0.52180000000000004157,0.52180000000000004157
39,75,0.51060000000000005382,0.51060000000000005382
40,75,0.58499999999999996447,0.58499999999999996447
41,75,0.21270000000000000018,0.21270000000000000018
42,75,0.21749999999999999889,0.21749999999999999889
43,75,0.14419999999999999485,0.14419999999999999485
44,75,0.26000000000000000888,0.26000000000000000888
45,75,0.40910000000000001918,0.40910000000000001918
46,75,0.49230000000000001537,0.49230000000000001537
47,75,0.13120000000000001106,0.13120000000000001106
48,75,0.059499999999999997335,0.059499999999999997335
49,75,0.18609999999999998765,0.18609999999999998765
50,75,0.64559999999999995168,0.64559999999999995168
51,75,0.88260000000000005116,0.88260000000000005116
52,75,0.72109999999999996323,0.72109999999999996323
53,75,0.64239999999999997105,0.64239999999999997105
54,75,0.3965000000000000191,0.3965000000000000191
55,75,0.43399999999999999689,0.43399999999999999689
56,75,0.4552999999999999825,0.4552999999999999825
57,75,0.48609999999999997655,0.48609999999999997655
58,75,0.38300000000000000711,0.38300000000000000711
59,75,0.43319999999999997398,0.43319999999999997398
60,75,0.29160000000000002585,0.29160000000000002585
61,75,0.43769999999999997797,0.43769999999999997797
62,75,0.56440000000000001279,0.56440000000000001279
63,75,0.70509999999999994902,0.70509999999999994902
64,75,0.79859999999999997655,0.79859999999999997655
65,75,0.78620000000000000995,0.78620000000000000995
66,75,0.98099999999999998312,0.98099999999999998312
67,75,0.95420000000000004814,0.95420000000000004814
68,75,0.97319999999999995399,0.97319999999999995399
69,75,0.98939999999999994618,0.98939999999999994618
70,75,0.90569999999999994955,0.90569999999999994955
-69,76.25,0.83499999999999996447,0.83499999999999996447
-68,76.25,0.91190000000000004388,0.91190000000000004388
-67,76.25,0.83789999999999997815,0.83789999999999997815
-66,76.25,0.78979999999999994653,0.78979999999999994653
-65,76.25,0.97519999999999995577,0.97519999999999995577
-64,76.25,0.97550000000000003375,0.97550000000000003375
-63,76.25,0.97250000000000003109,0.97250000000000003109
-62,76.25,0.93369999999999997442,0.93369999999999997442
-61,76.25,0.9096999999999999531,0.9096999999999999531
-60,76.25,0.79939999999999999947,0.79939999999999999947
-59,76.25,0.70199999999999995737,0.70199999999999995737
-58,76.25,0.3115999999999999881,0.3115999999999999881
-57,76.25,0.12439999999999999669,0.12439999999999999669
-56,76.25,0.29759999999999997566,0.29759999999999997566
-55,76.25,0.39260000000000000453,0.39260000000000000453
-54,76.25,0.37530000000000002247,0.37530000000000002247
-53,76.25,0.83599999999999996536,0.83599999999999996536
-52,76.25,0.95840000000000002967,0.95840000000000002967
-51,76.25,0.68420000000000003038,0.68420000000000003038
-50,76.25,0.38979999999999997984,0.38979999999999997984
-49,76.25,0.43890000000000001235,0.43890000000000001235
-48,76.25,0.21890000000000001124,0.21890000000000001124
-47,76.25,0.34579999999999999627,0.34579999999999999627
-46,76.25,0.80359999999999998099,0.80359999999999998099
-45,76.25,0.24079999999999998628,0.24079999999999998628
-44,76.25,0.33589999999999997637,0.33589999999999997637
-43,76.25,0.42089999999999999636,0.42089999999999999636
-42,76.25,0.42520000000000002238,0.42520000000000002238
-41,76.25,0.87780000000000002469,0.87780000000000002469
-40,76.25,0.99209999999999998188,0.99209999999999998188
-39,76.25,0.94869999999999998774,0.94869999999999998774
-38,76.25,0.33970000000000000195,0.33970000000000000195
-37,76.25,0.088499999999999995337,0.088499999999999995337
-36,76.25,0.061899999999999996692,0.061899999999999996692
-35,76.25,0.2097999999999999865,0.2097999999999999865
-34,76.25,0.15020000000000000018,0.15020000000000000018
-33,76.25,0.055100000000000003142,0.055100000000000003142
-32,76.25,0.030399999999999999939,0.030399999999999999939
-31,76.25,0.043499999999999997002,0.043499999999999997002
-30,76.25,0.087999999999999994893,0.087999999999999994893
-29,76.25,0.059099999999999999756,0.059099999999999999756
-28,76.25,0.075200000000000002953,0.075200000000000002953
-27,76.25,0.089899999999999993805,0.089899999999999993805
-26,76.25,0.2290000000000000091,0.2290000000000000091
-25,76.25,0.42389999999999999902,0.42389999999999999902
-24,76.25,0.43969999999999997975,0.43969999999999997975
-23,76.25,0.29230000000000000426,0.29230000000000000426
-22,76.25,0.26469999999999999085,0.26469999999999999085
-21,76.25,0.30849999999999999645,0.30849999999999999645
-20,76.25,0.24940000000000001057,0.24940000000000001057
-19,76.25,0.18090000000000000524,0.18090000000000000524
-18,76.25,0.21079999999999998739,0.21079999999999998739
-17,76.25,0.093600000000000002642,0.093600000000000002642
-16,76.25,0.05340000000000000302,0.05340000000000000302
-15,76.25,0.025399999999999998967,0.025399999999999998967
-14,76.25,0.042799999999999997768,0.042799999999999997768
-13,76.25,0.0538000000000000006,0.0538000000000000006
-12,76.25,0.057900000000000000078,0.057900000000000000078
-11,76.25,0.049599999999999998257,0.049599999999999998257
-10,76.25,0.053699999999999997735,0.053699999999999997735
-9,76.25,0.072900000000000006461,0.072900000000000006461
-8,76.25,0.14480000000000001203,0.14480000000000001203
-7,76.25,0.26019999999999998685,0.26019999999999998685
-6,76.25,0.14119999999999999218,0.14119999999999999218
-5,76.25,0.12449999999999999956,0.12449999999999999956
-4,76.25,0.19919999999999998819,0.19919999999999998819
-3,76.25,0.057599999999999998423,0.057599999999999998423
-2,76.25,0.033599999999999997924,0.033599999999999997924
-1,76.25,0.025100000000000000783,0.025100000000000000783
0,76.25,0.011199999999999999886,0.011199999999999999886
1,76.25,0.0037000000000000001638,0.0037000000000000001638
2,76.25,0.0016000000000000000767,0.0016000000000000000767
3,76.25,0.0010000000000000000208,0.0010000000000000000208
4,76.25,0.0080000000000000001665,0.0080000000000000001665
5,76.25,0.054800000000000001488,0.054800000000000001488
6,76.25,0.10839999999999999636,0.10839999999999999636
7,76.25,0.21870000000000000551,0.21870000000000000551
8,76.25,0.47530000000000000027,0.47530000000000000027
9,76.25,0.71199999999999996625,0.71199999999999996625
10,76.25,0.95820000000000005169,0.95820000000000005169
11,76.25,0.98440000000000005276,0.98440000000000005276
12,76.25,0.97270000000000000906,0.97270000000000000906
13,76.25,0.60189999999999999059,0.60189999999999999059
14,76.25,0.35580000000000000515,0.35580000000000000515
15,76.25,0.3563000000000000056,0.3563000000000000056
16,76.25,0.2963999999999999968,0.2963999999999999968
17,76.25,0.13259999999999999565,0.13259999999999999565
18,76.25,0.16850000000000001088,0.16850000000000001088
19,76.25,0.2661000000000000032,0.2661000000000000032
20,76.25,0.36349999999999998979,0.36349999999999998979
21,76.25,0.723300000000000054,0.723300000000000054
22,76.25,0.85740000000000005098,0.85740000000000005098
23,76.25,0.69789999999999996483,0.69789999999999996483
24,76.25,0.51429999999999997939,0.51429999999999997939
25,76.25,0.33650000000000002132,0.33650000000000002132
26,76.25,0.25940000000000001945,0.25940000000000001945
27,76.25,0.39079999999999998073,0.39079999999999998073
28,76.25,0.47699999999999997957,0.47699999999999997957
29,76.25,0.54100000000000003642,0.54100000000000003642
30,76.25,0.50329999999999996962,0.50329999999999996962
31,76.25,0.56489999999999995772,0.56489999999999995772
32,76.25,0.67830000000000001403,0.67830000000000001403
33,76.25,0.32710000000000000187,0.32710000000000000187
34,76.25,0.081500000000000002998,0.081500000000000002998
35,76.25,0.057900000000000000078,0.057900000000000000078
36,76.25,0.48799999999999998934,0.48799999999999998934
37,76.25,0.54230000000000000426,0.54230000000000000426
38,76.25,0.49280000000000001581,0.49280000000000001581
39,76.25,0.40350000000000002531,0.40350000000000002531
40,76.25,0.40699999999999997291,0.40699999999999997291
41,76.25,0.19129999999999999782,0.19129999999999999782
42,76.25,0.149499999999999994,0.149499999999999994
43,76.25,0.1643000000000000016,0.1643000000000000016
44,76.25,0.13150000000000000577,0.13150000000000000577
45,76.25,0.20060000000000000053,0.20060000000000000053
46,76.25,0.37940000000000001501,0.37940000000000001501
47,76.25,0.071699999999999999845,0.071699999999999999845
48,76.25,0.051700000000000002898,0.051700000000000002898
49,76.25,0.13739999999999999436,0.13739999999999999436
50,76.25,0.78059999999999996056,0.78059999999999996056
51,76.25,0.89970000000000005524,0.89970000000000005524
52,76.25,0.81379999999999996785,0.81379999999999996785
53,76.25,0.63600000000000000977,0.63600000000000000977
54,76.25,0.47189999999999998614,0.47189999999999998614
55,76.25,0.42199999999999998623,0.42199999999999998623
56,76.25,0.51090000000000002078,0.51090000000000002078
57,76.25,0.51529999999999998028,0.51529999999999998028
58,76.25,0.42899999999999999245,0.42899999999999999245
59,76.25,0.44919999999999998819,0.44919999999999998819
60,76.25,0.41739999999999999325,0.41739999999999999325
61,76.25,0.53769999999999995577,0.53769999999999995577
62,76.25,0.66969999999999996199,0.66969999999999996199
63,76.25,0.79000000000000003553,0.79000000000000003553
64,76.25,0.84540000000000004032,0.84540000000000004032
65,76.25,0.75309999999999999165,0.75309999999999999165
66,76.25,0.96799999999999997158,0.96799999999999997158
67,76.25,0.97880000000000000338,0.97880000000000000338
68,76.25,0.9536000000000000032,0.9536000000000000032
69,76.25,0.9668999999999999817,0.9668999999999999817
70,76.25,0.86040000000000005365,0.86040000000000005365
-69,77.5,0.9653000000000000469,0.9653000000000000469
-68,77.5,0.90080000000000004512,0.90080000000000004512
-67,77.5,0.85199999999999997957,0.85199999999999997957
-66,77.5,0.70779999999999998472,0.70779999999999998472
-65,77.5,0.93269999999999997353,0.93269999999999997353
-64,77.5,0.94879999999999997673,0.94879999999999997673
-63,77.5,0.95879999999999998561,0.95879999999999998561
-62,77.5,0.89400000000000001688,0.89400000000000001688
-61,77.5,0.88870000000000004547,0.88870000000000004547
-60,77.5,0.607099999999999973,0.607099999999999973
-59,77.5,0.51310000000000000053,0.51310000000000000053
-58,77.5,0.23769999999999999463,0.23769999999999999463
-57,77.5,0.11819999999999999951,0.11819999999999999951
-56,77.5,0.20310000000000000275,0.20310000000000000275
-55,77.5,0.32350000000000000977,0.32350000000000000977
-54,77.5,0.43780000000000002247,0.43780000000000002247
-53,77.5,0.92979999999999995985,0.92979999999999995985
-52,77.5,0.73089999999999999414,0.73089999999999999414
-51,77.5,0.40329999999999999183,0.40329999999999999183
-50,77.5,0.38779999999999997806,0.38779999999999997806
-49,77.5,0.61919999999999997264,0.61919999999999997264
-48,77.5,0.32000000000000000666,0.32000000000000000666
-47,77.5,0.4822000000000000175,0.4822000000000000175
-46,77.5,0.80930000000000001936,0.80930000000000001936
-45,77.5,0.47749999999999998002,0.47749999999999998002
-44,77.5,0.43900000000000000133,0.43900000000000000133
-43,77.5,0.5866000000000000103,0.5866000000000000103
-42,77.5,0.69140000000000001457,0.69140000000000001457
-41,77.5,0.98909999999999997922,0.98909999999999997922
-40,77.5,0.90149999999999996803,0.90149999999999996803
-39,77.5,0.68679999999999996607,0.68679999999999996607
-38,77.5,0.32960000000000000409,0.32960000000000000409
-37,77.5,0.084800000000000000377,0.084800000000000000377
-36,77.5,0.07720000000000000473,0.07720000000000000473
-35,77.5,0.2338999999999999968,0.2338999999999999968
-34,77.5,0.15890000000000001346,0.15890000000000001346
-33,77.5,0.08959999999999999909,0.08959999999999999909
-32,77.5,0.023900000000000001105,0.023900000000000001105
-31,77.5,0.024299999999999998684,0.024299999999999998684
-30,77.5,0.037400000000000002687,0.037400000000000002687
-29,77.5,0.026800000000000000905,0.026800000000000000905
-28,77.5,0.052400000000000002132,0.052400000000000002132
-27,77.5,0.1030999999999999972,0.1030999999999999972
-26,77.5,0.2200999999999999901,0.2200999999999999901
-25,77.5,0.2535999999999999921,0.2535999999999999921
-24,77.5,0.29010000000000002451,0.29010000000000002451
-23,77.5,0.30449999999999999289,0.30449999999999999289
-22,77.5,0.25219999999999997975,0.25219999999999997975
-21,77.5,0.28699999999999997735,0.28699999999999997735
-20,77.5,0.23980000000000001315,0.23980000000000001315
-19,77.5,0.18340000000000000746,0.18340000000000000746
-18,77.5,0.14799999999999999267,0.14799999999999999267
-17,77.5,0.075200000000000002953,0.075200000000000002953
-16,77.5,0.043900000000000001521,0.043900000000000001521
-15,77.5,0.024600000000000000339,0.024600000000000000339
-14,77.5,0.046199999999999998013,0.046199999999999998013
-13,77.5,0.052100000000000000477,0.052100000000000000477
-12,77.5,0.061899999999999996692,0.061899999999999996692
-11,77.5,0.047699999999999999345,0.047699999999999999345
-10,77.5,0.045499999999999998779,0.045499999999999998779
-9,77.5,0.14490000000000000102,0.14490000000000000102
-8,77.5,0.28679999999999999938,0.28679999999999999938
-7,77.5,0.38900000000000001243,0.38900000000000001243
-6,77.5,0.36059999999999997611,0.36059999999999997611
-5,77.5,0.32090000000000001856,0.32090000000000001856
-4,77.5,0.40520000000000000462,0.40520000000000000462
-3,77.5,0.18520000000000000351,0.18520000000000000351
-2,77.5,0.028099999999999999978,0.028099999999999999978
-1,77.5,0.016500000000000000777,0.016500000000000000777
0,77.5,0.010600000000000000047,0.010600000000000000047
1,77.5,0.0035000000000000000729,0.0035000000000000000729
2,77.5,0.0016000000000000000767,0.0016000000000000000767
3,77.5,0.0015000000000000000312,0.0015000000000000000312
4,77.5,0.0097999999999999996836,0.0097999999999999996836
5,77.5,0.055800000000000002376,0.055800000000000002376
6,77.5,0.091399999999999995137,0.091399999999999995137
7,77.5,0.1575999999999999901,0.1575999999999999901
8,77.5,0.35449999999999998179,0.35449999999999998179
9,77.5,0.60689999999999999503,0.60689999999999999503
10,77.5,0.92400000000000004352,0.92400000000000004352
11,77.5,0.86780000000000001581,0.86780000000000001581
12,77.5,0.88300000000000000711,0.88300000000000000711
13,77.5,0.64249999999999996003,0.64249999999999996003
14,77.5,0.43430000000000001936,0.43430000000000001936
15,77.5,0.47079999999999999627,0.47079999999999999627
16,77.5,0.27479999999999998872,0.27479999999999998872
17,77.5,0.059299999999999998546,0.059299999999999998546
18,77.5,0.12389999999999999625,0.12389999999999999625
19,77.5,0.34039999999999998037,0.34039999999999998037
20,77.5,0.49130000000000001448,0.49130000000000001448
21,77.5,0.6643000000000000016,0.6643000000000000016
22,77.5,0.80089999999999994529,0.80089999999999994529
23,77.5,0.70060000000000000053,0.70060000000000000053
24,77.5,0.80330000000000001403,0.80330000000000001403
25,77.5,0.60409999999999997033,0.60409999999999997033
26,77.5,0.5151999999999999913,0.5151999999999999913
27,77.5,0.55269999999999996909,0.55269999999999996909
28,77.5,0.44069999999999998064,0.44069999999999998064
29,77.5,0.37580000000000002292,0.37580000000000002292
30,77.5,0.47349999999999997646,0.47349999999999997646
31,77.5,0.85050000000000003375,0.85050000000000003375
32,77.5,0.48920000000000002371,0.48920000000000002371
33,77.5,0.3740999999999999881,0.3740999999999999881
34,77.5,0.074599999999999999645,0.074599999999999999645
35,77.5,0.29699999999999998623,0.29699999999999998623
36,77.5,0.99450000000000005063,0.99450000000000005063
37,77.5,0.39250000000000001554,0.39250000000000001554
38,77.5,0.78569999999999995399,0.78569999999999995399
39,77.5,0.79359999999999997211,0.79359999999999997211
40,77.5,0.23460000000000000298,0.23460000000000000298
41,77.5,0.47089999999999998526,0.47089999999999998526
42,77.5,0.28970000000000001306,0.28970000000000001306
43,77.5,0.17990000000000000435,0.17990000000000000435
44,77.5,0.14130000000000000893,0.14130000000000000893
45,77.5,0.30420000000000002593,0.30420000000000002593
46,77.5,0.4133999999999999897,0.4133999999999999897
47,77.5,0.026999999999999999695,0.026999999999999999695
48,77.5,0.02999999999999999889,0.02999999999999999889
49,77.5,0.17560000000000000608,0.17560000000000000608
50,77.5,0.53129999999999999449,0.53129999999999999449
51,77.5,0.73070000000000001616,0.73070000000000001616
52,77.5,0.80569999999999997176,0.80569999999999997176
53,77.5,0.65690000000000003944,0.65690000000000003944
54,77.5,0.61529999999999995808,0.61529999999999995808
55,77.5,0.43819999999999997842,0.43819999999999997842
56,77.5,0.61499999999999999112,0.61499999999999999112
57,77.5,0.63539999999999996483,0.63539999999999996483
58,77.5,0.45129999999999997895,0.45129999999999997895
59,77.5,0.48709999999999997744,0.48709999999999997744
60,77.5,0.52790000000000003588,0.52790000000000003588
61,77.5,0.67820000000000002505,0.67820000000000002505
62,77.5,0.63949999999999995737,0.63949999999999995737
63,77.5,0.7456000000000000405,0.7456000000000000405
64,77.5,0.88329999999999997407,0.88329999999999997407
65,77.5,0.79500000000000003997,0.79500000000000003997
66,77.5,0.95620000000000004992,0.95620000000000004992
67,77.5,0.98419999999999996376,0.98419999999999996376
68,77.5,0.955400000000000027,0.955400000000000027
69,77.5,0.96499999999999996891,0.96499999999999996891
70,77.5,0.8715000000000000524,0.8715000000000000524
-69,78.75,0.86529999999999995808,0.86529999999999995808
-68,78.75,0.9409999999999999476,0.9409999999999999476
-67,78.75,0.92200000000000004174,0.92200000000000004174
-66,78.75,0.74150000000000004796,0.74150000000000004796
-65,78.75,0.91300000000000003375,0.91300000000000003375
-64,78.75,0.96389999999999997904,0.96389999999999997904
-63,78.75,0.95260000000000000231,0.95260000000000000231
-62,78.75,0.9489999999999999547,0.9489999999999999547
-61,78.75,0.86529999999999995808,0.86529999999999995808
-60,78.75,0.39219999999999999307,0.39219999999999999307
-59,78.75,0.33010000000000000453,0.33010000000000000453
-58,78.75,0.20389999999999999791,0.20389999999999999791
-57,78.75,0.076300000000000006706,0.076300000000000006706
-56,78.75,0.072900000000000006461,0.072900000000000006461
-55,78.75,0.17899999999999999245,0.17899999999999999245
-54,78.75,0.56299999999999994493,0.56299999999999994493
-53,78.75,0.99329999999999996074,0.99329999999999996074
-52,78.75,0.56020000000000003126,0.56020000000000003126
-51,78.75,0.22759999999999999676,0.22759999999999999676
-50,78.75,0.35010000000000002229,0.35010000000000002229
-49,78.75,0.74739999999999995328,0.74739999999999995328
-48,78.75,0.58379999999999998561,0.58379999999999998561
-47,78.75,0.54649999999999998579,0.54649999999999998579
-46,78.75,0.76780000000000003801,0.76780000000000003801
-45,78.75,0.64329999999999998295,0.64329999999999998295
-44,78.75,0.68489999999999995328,0.68489999999999995328
-43,78.75,0.60409999999999997033,0.60409999999999997033
-42,78.75,0.94820000000000004281,0.94820000000000004281
-41,78.75,0.61339999999999994529,0.61339999999999994529
-40,78.75,0.67700000000000004619,0.67700000000000004619
-39,78.75,0.45460000000000000409,0.45460000000000000409
-38,78.75,0.26350000000000001199,0.26350000000000001199
-37,78.75,0.10649999999999999745,0.10649999999999999745
-36,78.75,0.063799999999999995604,0.063799999999999995604
-35,78.75,0.17330000000000000959,0.17330000000000000959
-34,78.75,0.254500000000000004,0.254500000000000004
-33,78.75,0.11029999999999999527,0.11029999999999999527
-32,78.75,0.031199999999999998568,0.031199999999999998568
-31,78.75,0.017299999999999999406,0.017299999999999999406
-30,78.75,0.014300000000000000211,0.014300000000000000211
-29,78.75,0.031899999999999997802,0.031899999999999997802
-28,78.75,0.057299999999999996769,0.057299999999999996769
-27,78.75,0.073999999999999996336,0.073999999999999996336
-26,78.75,0.15429999999999999272,0.15429999999999999272
-25,78.75,0.23039999999999999369,0.23039999999999999369
-24,78.75,0.27010000000000000675,0.27010000000000000675
-23,78.75,0.21370000000000000107,0.21370000000000000107
-22,78.75,0.20250000000000001332,0.20250000000000001332
-21,78.75,0.13550000000000000933,0.13550000000000000933
-20,78.75,0.1401999999999999913,0.1401999999999999913
-19,78.75,0.14549999999999999045,0.14549999999999999045
-18,78.75,0.089099999999999998646,0.089099999999999998646
-17,78.75,0.063000000000000000444,0.063000000000000000444
-16,78.75,0.035000000000000003331,0.035000000000000003331
-15,78.75,0.015299999999999999364,0.015299999999999999364
-14,78.75,0.042500000000000003053,0.042500000000000003053
-13,78.75,0.033500000000000001998,0.033500000000000001998
-12,78.75,0.044600000000000000755,0.044600000000000000755
-11,78.75,0.05999999999999999778,0.05999999999999999778
-10,78.75,0.10430000000000000382,0.10430000000000000382
-9,78.75,0.28110000000000001652,0.28110000000000001652
-8,78.75,0.41670000000000001483,0.41670000000000001483
-7,78.75,0.56469999999999997975,0.56469999999999997975
-6,78.75,0.6643000000000000016,0.6643000000000000016
-5,78.75,0.51659999999999994813,0.51659999999999994813
-4,78.75,0.5374999999999999778,0.5374999999999999778
-3,78.75,0.32069999999999998508,0.32069999999999998508
-2,78.75,0.028000000000000000583,0.028000000000000000583
-1,78.75,0.0053000000000000000236,0.0053000000000000000236
0,78.75,0.011199999999999999886,0.011199999999999999886
1,78.75,0.0047999999999999995795,0.0047999999999999995795
2,78.75,0.0016000000000000000767,0.0016000000000000000767
3,78.75,0.00069999999999999999289,0.00069999999999999999289
4,78.75,0.012300000000000000169,0.012300000000000000169
5,78.75,0.064399999999999998912,0.064399999999999998912
6,78.75,0.094799999999999995381,0.094799999999999995381
7,78.75,0.10440000000000000668,0.10440000000000000668
8,78.75,0.41530000000000000249,0.41530000000000000249
9,78.75,0.69650000000000000799,0.69650000000000000799
10,78.75,0.74829999999999996518,0.74829999999999996518
11,78.75,0.97440000000000004388,0.97440000000000004388
12,78.75,0.99180000000000001492,0.99180000000000001492
13,78.75,0.70379999999999998117,0.70379999999999998117
14,78.75,0.68769999999999997797,0.68769999999999997797
15,78.75,0.60319999999999995843,0.60319999999999995843
16,78.75,0.27089999999999997415,0.27089999999999997415
17,78.75,0.1433000000000000107,0.1433000000000000107
18,78.75,0.21379999999999999005,0.21379999999999999005
19,78.75,0.28179999999999999494,0.28179999999999999494
20,78.75,0.37980000000000002647,0.37980000000000002647
21,78.75,0.61360000000000003428,0.61360000000000003428
22,78.75,0.73809999999999997833,0.73809999999999997833
23,78.75,0.7159999999999999698,0.7159999999999999698
24,78.75,0.74219999999999997087,0.74219999999999997087
25,78.75,0.6463999999999999746,0.6463999999999999746
26,78.75,0.57640000000000002345,0.57640000000000002345
27,78.75,0.51980000000000003979,0.51980000000000003979
28,78.75,0.35389999999999999236,0.35389999999999999236
29,78.75,0.31390000000000001235,0.31390000000000001235
30,78.75,0.839199999999999946,0.839199999999999946
31,78.75,0.79169999999999995932,0.79169999999999995932
32,78.75,0.76280000000000003357,0.76280000000000003357
33,78.75,0.6893000000000000238,0.6893000000000000238
34,78.75,0.46929999999999999494,0.46929999999999999494
35,78.75,0.98309999999999997389,0.98309999999999997389
36,78.75,0.9275999999999999801,0.9275999999999999801
37,78.75,0.42720000000000002416,0.42720000000000002416
38,78.75,0.57159999999999999698,0.57159999999999999698
39,78.75,0.62239999999999995328,0.62239999999999995328
40,78.75,0.54439999999999999503,0.54439999999999999503
41,78.75,0.29039999999999999147,0.29039999999999999147
42,78.75,0.59219999999999994866,0.59219999999999994866
43,78.75,0.20010000000000000009,0.20010000000000000009
44,78.75,0.23250000000000001221,0.23250000000000001221
45,78.75,0.42609999999999997877,0.42609999999999997877
46,78.75,0.64870000000000005436,0.64870000000000005436
47,78.75,0.055699999999999999512,0.055699999999999999512
48,78.75,0.02089999999999999844,0.02089999999999999844
49,78.75,0.087800000000000003042,0.087800000000000003042
50,78.75,0.11890000000000000568,0.11890000000000000568
51,78.75,0.46989999999999998437,0.46989999999999998437
52,78.75,0.6420000000000000151,0.6420000000000000151
53,78.75,0.62749999999999994671,0.62749999999999994671
54,78.75,0.75129999999999996785,0.75129999999999996785
55,78.75,0.53149999999999997247,0.53149999999999997247
56,78.75,0.61950000000000005063,0.61950000000000005063
57,78.75,0.7153000000000000469,0.7153000000000000469
58,78.75,0.46750000000000002665,0.46750000000000002665
59,78.75,0.50780000000000002913,0.50780000000000002913
60,78.75,0.64180000000000003713,0.64180000000000003713
61,78.75,0.78790000000000004476,0.78790000000000004476
62,78.75,0.71719999999999994866,0.71719999999999994866
63,78.75,0.75519999999999998241,0.75519999999999998241
64,78.75,0.84679999999999999716,0.84679999999999999716
65,78.75,0.89459999999999995079,0.89459999999999995079
66,78.75,0.9882999999999999563,0.9882999999999999563
67,78.75,0.97970000000000001528,0.97970000000000001528
68,78.75,0.95330000000000003624,0.95330000000000003624
69,78.75,0.97199999999999997513,0.97199999999999997513
70,78.75,0.89939999999999997726,0.89939999999999997726
-69,80,0.91210000000000002185,0.91210000000000002185
-68,80,0.81450000000000000178,0.81450000000000000178
-67,80,0.95140000000000002345,0.95140000000000002345
-66,80,0.81299999999999994493,0.81299999999999994493
-65,80,0.90010000000000001119,0.90010000000000001119
-64,80,0.92700000000000004619,0.92700000000000004619
-63,80,0.88419999999999998597,0.88419999999999998597
-62,80,0.9260000000000000453,0.9260000000000000453
-61,80,0.73009999999999997122,0.73009999999999997122
-60,80,0.32159999999999999698,0.32159999999999999698
-59,80,0.21290000000000000591,0.21290000000000000591
-58,80,0.18909999999999999032,0.18909999999999999032
-57,80,0.063600000000000003753,0.063600000000000003753
-56,80,0.02359999999999999945,0.02359999999999999945
-55,80,0.081900000000000000577,0.081900000000000000577
-54,80,0.42670000000000002371,0.42670000000000002371
-53,80,0.93340000000000000746,0.93340000000000000746
-52,80,0.37980000000000002647,0.37980000000000002647
-51,80,0.18570000000000000395,0.18570000000000000395
-50,80,0.41839999999999999414,0.41839999999999999414
-49,80,0.7775999999999999579,0.7775999999999999579
-48,80,0.73360000000000002984,0.73360000000000002984
-47,80,0.55340000000000000302,0.55340000000000000302
-46,80,0.68489999999999995328,0.68489999999999995328
-45,80,0.74529999999999996252,0.74529999999999996252
-44,80,0.95079999999999997851,0.95079999999999997851
-43,80,0.74590000000000000746,0.74590000000000000746
-42,80,0.9768000000000000016,0.9768000000000000016
-41,80,0.37580000000000002292,0.37580000000000002292
-40,80,0.55289999999999994706,0.55289999999999994706
-39,80,0.32850000000000001421,0.32850000000000001421
-38,80,0.16659999999999999809,0.16659999999999999809
-37,80,0.11250000000000000278,0.11250000000000000278
-36,80,0.092399999999999996025,0.092399999999999996025
-35,80,0.19189999999999998725,0.19189999999999998725
-34,80,0.28089999999999998304,0.28089999999999998304
-33,80,0.14260000000000000453,0.14260000000000000453
-32,80,0.040300000000000002487,0.040300000000000002487
-31,80,0.016600000000000000172,0.016600000000000000172
-30,80,0.028000000000000000583,0.028000000000000000583
-29,80,0.048599999999999997369,0.048599999999999997369
-28,80,0.052100000000000000477,0.052100000000000000477
-27,80,0.045199999999999997125,0.045199999999999997125
-26,80,0.1175999999999999962,0.1175999999999999962
-25,80,0.27169999999999999707,0.27169999999999999707
-24,80,0.20869999999999999662,0.20869999999999999662
-23,80,0.097199999999999994738,0.097199999999999994738
-22,80,0.075300000000000005818,0.075300000000000005818
-21,80,0.070099999999999995648,0.070099999999999995648
-20,80,0.064600000000000004641,0.064600000000000004641
-19,80,0.057099999999999997979,0.057099999999999997979
-18,80,0.058000000000000002942,0.058000000000000002942
-17,80,0.037400000000000002687,0.037400000000000002687
-16,80,0.032800000000000002764,0.032800000000000002764
-15,80,0.020000000000000000416,0.020000000000000000416
-14,80,0.02709999999999999909,0.02709999999999999909
-13,80,0.032000000000000000666,0.032000000000000000666
-12,80,0.025499999999999998362,0.025499999999999998362
-11,80,0.040700000000000000067,0.040700000000000000067
-10,80,0.065100000000000005085,0.065100000000000005085
-9,80,0.3240999999999999992,0.3240999999999999992
-8,80,0.60470000000000001528,0.60470000000000001528
-7,80,0.75960000000000005294,0.75960000000000005294
-6,80,0.88519999999999998685,0.88519999999999998685
-5,80,0.88349999999999995204,0.88349999999999995204
-4,80,0.65710000000000001741,0.65710000000000001741
-3,80,0.35530000000000000471,0.35530000000000000471
-2,80,0.055399999999999997857,0.055399999999999997857
-1,80,0.010600000000000000047,0.010600000000000000047
0,80,0.013299999999999999323,0.013299999999999999323
1,80,0.0067000000000000002262,0.0067000000000000002262
2,80,0.003899999999999999821,0.003899999999999999821
3,80,0.00089999999999999997537,0.00089999999999999997537
4,80,0.016000000000000000333,0.016000000000000000333
5,80,0.28189999999999998392,0.28189999999999998392
6,80,0.37530000000000002247,0.37530000000000002247
7,80,0.30220000000000002416,0.30220000000000002416
8,80,0.58199999999999996181,0.58199999999999996181
9,80,0.75519999999999998241,0.75519999999999998241
10,80,0.85350000000000003642,0.85350000000000003642
11,80,0.89049999999999995826,0.89049999999999995826
12,80,0.92959999999999998188,0.92959999999999998188
13,80,0.93000000000000004885,0.93000000000000004885
14,80,0.97519999999999995577,0.97519999999999995577
15,80,0.9721999999999999531,0.9721999999999999531
16,80,0.64929999999999998828,0.64929999999999998828
17,80,0.3286000000000000032,0.3286000000000000032
18,80,0.26219999999999998863,0.26219999999999998863
19,80,0.17869999999999999774,0.17869999999999999774
20,80,0.23849999999999998979,0.23849999999999998979
21,80,0.44690000000000001945,0.44690000000000001945
22,80,0.69940000000000002167,0.69940000000000002167
23,80,0.87429999999999996607,0.87429999999999996607
24,80,0.75129999999999996785,0.75129999999999996785
25,80,0.58850000000000002309,0.58850000000000002309
26,80,0.50539999999999996039,0.50539999999999996039
27,80,0.48780000000000001137,0.48780000000000001137
28,80,0.35809999999999997389,0.35809999999999997389
29,80,0.43590000000000000968,0.43590000000000000968
30,80,0.99150000000000004796,0.99150000000000004796
31,80,0.94120000000000003659,0.94120000000000003659
32,80,0.87749999999999994671,0.87749999999999994671
33,80,0.86819999999999997176,0.86819999999999997176
34,80,0.93469999999999997531,0.93469999999999997531
35,80,0.70950000000000001954,0.70950000000000001954
36,80,0.61580000000000001403,0.61580000000000001403
37,80,0.67589999999999994529,0.67589999999999994529
38,80,0.58550000000000002043,0.58550000000000002043
39,80,0.57909999999999994813,0.57909999999999994813
40,80,0.66559999999999996945,0.66559999999999996945
41,80,0.43109999999999998321,0.43109999999999998321
42,80,0.88470000000000004192,0.88470000000000004192
43,80,0.35680000000000000604,0.35680000000000000604
44,80,0.34839999999999998748,0.34839999999999998748
45,80,0.45469999999999999307,0.45469999999999999307
46,80,0.49749999999999999778,0.49749999999999999778
47,80,0.10520000000000000184,0.10520000000000000184
48,80,0.047600000000000003419,0.047600000000000003419
49,80,0.03230000000000000232,0.03230000000000000232
50,80,0.047100000000000002975,0.047100000000000002975
51,80,0.32269999999999998685,0.32269999999999998685
52,80,0.62419999999999997708,0.62419999999999997708
53,80,0.67420000000000002149,0.67420000000000002149
54,80,0.63519999999999998685,0.63519999999999998685
55,80,0.5686999999999999833,0.5686999999999999833
56,80,0.63949999999999995737,0.63949999999999995737
57,80,0.83630000000000004334,0.83630000000000004334
58,80,0.65939999999999998614,0.65939999999999998614
59,80,0.70499999999999996003,0.70499999999999996003
60,80,0.84209999999999995968,0.84209999999999995968
61,80,0.89890000000000003233,0.89890000000000003233
62,80,0.88990000000000002434,0.88990000000000002434
63,80,0.79569999999999996287,0.79569999999999996287
64,80,0.84899999999999997691,0.84899999999999997691
65,80,0.96260000000000001119,0.96260000000000001119
66,80,0.99850000000000005418,0.99850000000000005418
67,80,0.96770000000000000462,0.96770000000000000462
68,80,0.96779999999999999361,0.96779999999999999361
69,80,0.98540000000000005365,0.98540000000000005365
70,80,0.93999999999999994671,0.93999999999999994671
-69,81.25,0.76670000000000004814,0.76670000000000004814
-68,81.25,0.74480000000000001759,0.74480000000000001759
-67,81.25,0.84989999999999998881,0.84989999999999998881
-66,81.25,0.94379999999999997229,0.94379999999999997229
-65,81.25,0.9597999999999999865,0.9597999999999999865
-64,81.25,0.9445999999999999952,0.9445999999999999952
-63,81.25,0.72089999999999998526,0.72089999999999998526
-62,81.25,0.80489999999999994884,0.80489999999999994884
-61,81.25,0.64719999999999999751,0.64719999999999999751
-60,81.25,0.29409999999999997256,0.29409999999999997256
-59,81.25,0.21799999999999999933,0.21799999999999999933
-58,81.25,0.18790000000000001146,0.18790000000000001146
-57,81.25,0.085000000000000006106,0.085000000000000006106
-56,81.25,0.032099999999999996592,0.032099999999999996592
-55,81.25,0.074300000000000004929,0.074300000000000004929
-54,81.25,0.24260000000000001008,0.24260000000000001008
-53,81.25,0.74939999999999995506,0.74939999999999995506
-52,81.25,0.60329999999999994742,0.60329999999999994742
-51,81.25,0.37240000000000000879,0.37240000000000000879
-50,81.25,0.60770000000000001794,0.60770000000000001794
-49,81.25,0.7472999999999999643,0.7472999999999999643
-48,81.25,0.74509999999999998455,0.74509999999999998455
-47,81.25,0.80700000000000005063,0.80700000000000005063
-46,81.25,0.64780000000000004245,0.64780000000000004245
-45,81.25,0.68679999999999996607,0.68679999999999996607
-44,81.25,0.96809999999999996056,0.96809999999999996056
-43,81.25,0.9572000000000000508,0.9572000000000000508
-42,81.25,0.9043999999999999817,0.9043999999999999817
-41,81.25,0.5971999999999999531,0.5971999999999999531
-40,81.25,0.5241000000000000103,0.5241000000000000103
-39,81.25,0.22329999999999999849,0.22329999999999999849
-38,81.25,0.11409999999999999309,0.11409999999999999309
-37,81.25,0.099500000000000005107,0.099500000000000005107
-36,81.25,0.12600000000000000089,0.12600000000000000089
-35,81.25,0.25869999999999998552,0.25869999999999998552
-34,81.25,0.24629999999999999116,0.24629999999999999116
-33,81.25,0.21019999999999999796,0.21019999999999999796
-32,81.25,0.062700000000000005729,0.062700000000000005729
-31,81.25,0.014999999999999999445,0.014999999999999999445
-30,81.25,0.033300000000000003209,0.033300000000000003209
-29,81.25,0.051099999999999999589,0.051099999999999999589
-28,81.25,0.055699999999999999512,0.055699999999999999512
-27,81.25,0.048899999999999999023,0.048899999999999999023
-26,81.25,0.12349999999999999867,0.12349999999999999867
-25,81.25,0.15620000000000000551,0.15620000000000000551
-24,81.25,0.075300000000000005818,0.075300000000000005818
-23,81.25,0.040599999999999997202,0.040599999999999997202
-22,81.25,0.048300000000000002653,0.048300000000000002653
-21,81.25,0.068000000000000004885,0.068000000000000004885
-20,81.25,0.040199999999999999623,0.040199999999999999623
-19,81.25,0.029299999999999999656,0.029299999999999999656
-18,81.25,0.037699999999999997402,0.037699999999999997402
-17,81.25,0.039500000000000000389,0.039500000000000000389
-16,81.25,0.052299999999999999267,0.052299999999999999267
-15,81.25,0.0567000000000000004,0.0567000000000000004
-14,81.25,0.054699999999999998623,0.054699999999999998623
-13,81.25,0.067299999999999998712,0.067299999999999998712
-12,81.25,0.034299999999999997158,0.034299999999999997158
-11,81.25,0.054699999999999998623,0.054699999999999998623
-10,81.25,0.1030999999999999972,0.1030999999999999972
-9,81.25,0.38009999999999999343,0.38009999999999999343
-8,81.25,0.77659999999999995701,0.77659999999999995701
-7,81.25,0.97299999999999997602,0.97299999999999997602
-6,81.25,0.98399999999999998579,0.98399999999999998579
-5,81.25,0.98570000000000002061,0.98570000000000002061
-4,81.25,0.83689999999999997726,0.83689999999999997726
-3,81.25,0.47489999999999998881,0.47489999999999998881
-2,81.25,0.065900000000000000244,0.065900000000000000244
-1,81.25,0.010800000000000000572,0.010800000000000000572
0,81.25,0.0044000000000000002651,0.0044000000000000002651
1,81.25,0.0025999999999999998807,0.0025999999999999998807
2,81.25,0.0027000000000000001429,0.0027000000000000001429
3,81.25,0.0013999999999999999858,0.0013999999999999999858
4,81.25,0.014999999999999999445,0.014999999999999999445
5,81.25,0.54990000000000005542,0.54990000000000005542
6,81.25,0.89039999999999996927,0.89039999999999996927
7,81.25,0.74809999999999998721,0.74809999999999998721
8,81.25,0.67310000000000003162,0.67310000000000003162
9,81.25,0.75490000000000001545,0.75490000000000001545
10,81.25,0.92969999999999997087,0.92969999999999997087
11,81.25,0.73609999999999997655,0.73609999999999997655
12,81.25,0.54930000000000001048,0.54930000000000001048
13,81.25,0.5856999999999999984,0.5856999999999999984
14,81.25,0.78390000000000004121,0.78390000000000004121
15,81.25,0.89029999999999998028,0.89029999999999998028
16,81.25,0.85409999999999997033,0.85409999999999997033
17,81.25,0.51810000000000000497,0.51810000000000000497
18,81.25,0.36680000000000001492,0.36680000000000001492
19,81.25,0.2432999999999999885,0.2432999999999999885
20,81.25,0.42670000000000002371,0.42670000000000002371
21,81.25,0.52080000000000004068,0.52080000000000004068
22,81.25,0.51770000000000004903,0.51770000000000004903
23,81.25,0.68069999999999997176,0.68069999999999997176
24,81.25,0.62690000000000001279,0.62690000000000001279
25,81.25,0.54490000000000005098,0.54490000000000005098
26,81.25,0.52680000000000004601,0.52680000000000004601
27,81.25,0.43409999999999998588,0.43409999999999998588
28,81.25,0.37259999999999998677,0.37259999999999998677
29,81.25,0.75890000000000001901,0.75890000000000001901
30,81.25,0.95709999999999995079,0.95709999999999995079
31,81.25,0.89410000000000000586,0.89410000000000000586
32,81.25,0.97030000000000005134,0.97030000000000005134
33,81.25,0.94910000000000005471,0.94910000000000005471
34,81.25,0.98450000000000004174,0.98450000000000004174
35,81.25,0.76400000000000001243,0.76400000000000001243
36,81.25,0.73399999999999998579,0.73399999999999998579
37,81.25,0.65129999999999999005,0.65129999999999999005
38,81.25,0.81100000000000005418,0.81100000000000005418
39,81.25,0.82620000000000004547,0.82620000000000004547
40,81.25,0.98019999999999996021,0.98019999999999996021
41,81.25,0.25509999999999999343,0.25509999999999999343
42,81.25,0.89419999999999999485,0.89419999999999999485
43,81.25,0.50029999999999996696,0.50029999999999996696
44,81.25,0.4213999999999999968,0.4213999999999999968
45,81.25,0.25719999999999998419,0.25719999999999998419
46,81.25,0.30969999999999997531,0.30969999999999997531
47,81.25,0.18759999999999998899,0.18759999999999998899
48,81.25,0.14180000000000000937,0.14180000000000000937
49,81.25,0.026300000000000000461,0.026300000000000000461
50,81.25,0.026999999999999999695,0.026999999999999999695
51,81.25,0.11029999999999999527,0.11029999999999999527
52,81.25,0.486599999999999977,0.486599999999999977
53,81.25,0.59299999999999997158,0.59299999999999997158
54,81.25,0.52910000000000001474,0.52910000000000001474
55,81.25,0.64849999999999996536,0.64849999999999996536
56,81.25,0.7153000000000000469,0.7153000000000000469
57,81.25,0.8626000000000000334,0.8626000000000000334
58,81.25,0.83099999999999996092,0.83099999999999996092
59,81.25,0.88300000000000000711,0.88300000000000000711
60,81.25,0.92730000000000001315,0.92730000000000001315
61,81.25,0.95220000000000004636,0.95220000000000004636
62,81.25,0.98699999999999998845,0.98699999999999998845
63,81.25,0.82269999999999998685,0.82269999999999998685
64,81.25,0.8518000000000000016,0.8518000000000000016
65,81.25,0.95509999999999994902,0.95509999999999994902
66,81.25,0.99829999999999996518,0.99829999999999996518
67,81.25,0.97019999999999995133,0.97019999999999995133
68,81.25,0.9795000000000000373,0.9795000000000000373
69,81.25,0.98929999999999995719,0.98929999999999995719
70,81.25,0.97070000000000000728,0.97070000000000000728
-69,82.5,0.72919999999999995932,0.72919999999999995932
-68,82.5,0.78620000000000000995,0.78620000000000000995
-67,82.5,0.77620000000000000107,0.77620000000000000107
-66,82.5,0.96770000000000000462,0.96770000000000000462
-65,82.5,0.96089999999999997637,0.96089999999999997637
-64,82.5,0.95899999999999996358,0.95899999999999996358
-63,82.5,0.69699999999999995293,0.69699999999999995293
-62,82.5,0.70520000000000004903,0.70520000000000004903
-61,82.5,0.69510000000000005116,0.69510000000000005116
-60,82.5,0.38159999999999999476,0.38159999999999999476
-59,82.5,0.22930000000000000382,0.22930000000000000382
-58,82.5,0.20640000000000000013,0.20640000000000000013
-57,82.5,0.15529999999999999361,0.15529999999999999361
-56,82.5,0.11450000000000000455,0.11450000000000000455
-55,82.5,0.12970000000000000973,0.12970000000000000973
-54,82.5,0.21110000000000000986,0.21110000000000000986
-53,82.5,0.68720000000000003304,0.68720000000000003304
-52,82.5,0.80859999999999998543,0.80859999999999998543
-51,82.5,0.8456000000000000183,0.8456000000000000183
-50,82.5,0.84860000000000002096,0.84860000000000002096
-49,82.5,0.71450000000000002398,0.71450000000000002398
-48,82.5,0.76839999999999997193,0.76839999999999997193
-47,82.5,0.8963999999999999746,0.8963999999999999746
-46,82.5,0.50600000000000000533,0.50600000000000000533
-45,82.5,0.67390000000000005453,0.67390000000000005453
-44,82.5,0.9025999999999999579,0.9025999999999999579
-43,82.5,0.94430000000000002824,0.94430000000000002824
-42,82.5,0.90300000000000002487,0.90300000000000002487
-41,82.5,0.73629999999999995453,0.73629999999999995453
-40,82.5,0.41089999999999998748,0.41089999999999998748
-39,82.5,0.098799999999999998934,0.098799999999999998934
-38,82.5,0.061400000000000003186,0.061400000000000003186
-37,82.5,0.088499999999999995337,0.088499999999999995337
-36,82.5,0.12180000000000000548,0.12180000000000000548
-35,82.5,0.25380000000000002558,0.25380000000000002558
-34,82.5,0.27350000000000002087,0.27350000000000002087
-33,82.5,0.24740000000000000879,0.24740000000000000879
-32,82.5,0.12779999999999999694,0.12779999999999999694
-31,82.5,0.0653999999999999998,0.0653999999999999998
-30,82.5,0.056199999999999999956,0.056199999999999999956
-29,82.5,0.052299999999999999267,0.052299999999999999267
-28,82.5,0.05070000000000000201,0.05070000000000000201
-27,82.5,0.032599999999999997036,0.032599999999999997036
-26,82.5,0.043299999999999998213,0.043299999999999998213
-25,82.5,0.081900000000000000577,0.081900000000000000577
-24,82.5,0.018499999999999999084,0.018499999999999999084
-23,82.5,0.018399999999999999689,0.018399999999999999689
-22,82.5,0.02670000000000000151,0.02670000000000000151
-21,82.5,0.0240000000000000005,0.0240000000000000005
-20,82.5,0.021700000000000000538,0.021700000000000000538
-19,82.5,0.019099999999999998923,0.019099999999999998923
-18,82.5,0.011900000000000000855,0.011900000000000000855
-17,82.5,0.033899999999999999578,0.033899999999999999578
-16,82.5,0.056099999999999997091,0.056099999999999997091
-15,82.5,0.091100000000000000422,0.091100000000000000422
-14,82.5,0.10249999999999999389,0.10249999999999999389
-13,82.5,0.10009999999999999454,0.10009999999999999454
-12,82.5,0.060499999999999998224,0.060499999999999998224
-11,82.5,0.13270000000000001239,0.13270000000000001239
-10,82.5,0.21010000000000000897,0.21010000000000000897
-9,82.5,0.33410000000000000808,0.33410000000000000808
-8,82.5,0.65620000000000000551,0.65620000000000000551
-7,82.5,0.95050000000000001155,0.95050000000000001155
-6,82.5,0.83169999999999999485,0.83169999999999999485
-5,82.5,0.91039999999999998703,0.91039999999999998703
-4,82.5,0.9597999999999999865,0.9597999999999999865
-3,82.5,0.52510000000000001119,0.52510000000000001119
-2,82.5,0.080299999999999996381,0.080299999999999996381
-1,82.5,0.0240000000000000005,0.0240000000000000005
0,82.5,0.012200000000000000774,0.012200000000000000774
1,82.5,0.0025999999999999998807,0.0025999999999999998807
2,82.5,0.003899999999999999821,0.003899999999999999821
3,82.5,0.0023999999999999997898,0.0023999999999999997898
4,82.5,0.048599999999999997369,0.048599999999999997369
5,82.5,0.50700000000000000622,0.50700000000000000622
6,82.5,0.98440000000000005276,0.98440000000000005276
7,82.5,0.99490000000000000657,0.99490000000000000657
8,82.5,0.93610000000000004317,0.93610000000000004317
9,82.5,0.99770000000000003126,0.99770000000000003126
10,82.5,0.99119999999999996998,0.99119999999999996998
11,82.5,0.94640000000000001901,0.94640000000000001901
12,82.5,0.67420000000000002149,0.67420000000000002149
13,82.5,0.65149999999999996803,0.65149999999999996803
14,82.5,0.69979999999999997762,0.69979999999999997762
15,82.5,0.964199999999999946,0.964199999999999946
16,82.5,0.88160000000000005027,0.88160000000000005027
17,82.5,0.84330000000000004956,0.84330000000000004956
18,82.5,0.63590000000000002078,0.63590000000000002078
19,82.5,0.58819999999999994511,0.58819999999999994511
20,82.5,0.59899999999999997691,0.59899999999999997691
21,82.5,0.43980000000000002425,0.43980000000000002425
22,82.5,0.32700000000000001288,0.32700000000000001288
23,82.5,0.35380000000000000338,0.35380000000000000338
24,82.5,0.31369999999999997886,0.31369999999999997886
25,82.5,0.28510000000000002007,0.28510000000000002007
26,82.5,0.42280000000000000915,0.42280000000000000915
27,82.5,0.33450000000000001954,0.33450000000000001954
28,82.5,0.27829999999999999183,0.27829999999999999183
29,82.5,0.73709999999999997744,0.73709999999999997744
30,82.5,0.83289999999999997371,0.83289999999999997371
31,82.5,0.82809999999999994724,0.82809999999999994724
32,82.5,0.99680000000000001936,0.99680000000000001936
33,82.5,0.98019999999999996021,0.98019999999999996021
34,82.5,0.91839999999999999414,0.91839999999999999414
35,82.5,0.6293999999999999595,0.6293999999999999595
36,82.5,0.70150000000000001243,0.70150000000000001243
37,82.5,0.86180000000000001048,0.86180000000000001048
38,82.5,0.95230000000000003535,0.95230000000000003535
39,82.5,0.86739999999999994884,0.86739999999999994884
40,82.5,0.87199999999999999734,0.87199999999999999734
41,82.5,0.41899999999999998357,0.41899999999999998357
42,82.5,0.9721999999999999531,0.9721999999999999531
43,82.5,0.47520000000000001128,0.47520000000000001128
44,82.5,0.28599999999999997646,0.28599999999999997646
45,82.5,0.26939999999999997282,0.26939999999999997282
46,82.5,0.16809999999999999942,0.16809999999999999942
47,82.5,0.23560000000000000386,0.23560000000000000386
48,82.5,0.30790000000000000702,0.30790000000000000702
49,82.5,0.048199999999999999789,0.048199999999999999789
50,82.5,0.036100000000000000144,0.036100000000000000144
51,82.5,0.062700000000000005729,0.062700000000000005729
52,82.5,0.31230000000000002203,0.31230000000000002203
53,82.5,0.44080000000000002514,0.44080000000000002514
54,82.5,0.5597999999999999643,0.5597999999999999643
55,82.5,0.76949999999999996181,0.76949999999999996181
56,82.5,0.7927999999999999492,0.7927999999999999492
57,82.5,0.83909999999999995701,0.83909999999999995701
58,82.5,0.95969999999999999751,0.95969999999999999751
59,82.5,0.93779999999999996696,0.93779999999999996696
60,82.5,0.95469999999999999307,0.95469999999999999307
61,82.5,0.98729999999999995541,0.98729999999999995541
62,82.5,0.99929999999999996607,0.99929999999999996607
63,82.5,0.92610000000000003428,0.92610000000000003428
64,82.5,0.85060000000000002274,0.85060000000000002274
65,82.5,0.9606999999999999984,0.9606999999999999984
66,82.5,0.9929000000000000048,0.9929000000000000048
67,82.5,0.99609999999999998543,0.99609999999999998543
68,82.5,0.99509999999999998455,0.99509999999999998455
69,82.5,0.99050000000000004707,0.99050000000000004707
70,82.5,0.98080000000000000515,0.98080000000000000515
-69,83.75,0.72370000000000000995,0.72370000000000000995
-68,83.75,0.74050000000000004707,0.74050000000000004707
-67,83.75,0.73929999999999995719,0.73929999999999995719
-66,83.75,0.91630000000000000338,0.91630000000000000338
-65,83.75,0.93389999999999995239,0.93389999999999995239
-64,83.75,0.98799999999999998934,0.98799999999999998934
-63,83.75,0.78639999999999998792,0.78639999999999998792
-62,83.75,0.70950000000000001954,0.70950000000000001954
-61,83.75,0.74709999999999998632,0.74709999999999998632
-60,83.75,0.47670000000000001261,0.47670000000000001261
-59,83.75,0.24299999999999999378,0.24299999999999999378
-58,83.75,0.32029999999999997362,0.32029999999999997362
-57,83.75,0.30570000000000002727,0.30570000000000002727
-56,83.75,0.32259999999999999787,0.32259999999999999787
-55,83.75,0.29420000000000001705,0.29420000000000001705
-54,83.75,0.33669999999999999929,0.33669999999999999929
-53,83.75,0.55210000000000003517,0.55210000000000003517
-52,83.75,0.89349999999999996092,0.89349999999999996092
-51,83.75,0.93889999999999995683,0.93889999999999995683
-50,83.75,0.97379999999999999893,0.97379999999999999893
-49,83.75,0.93489999999999995328,0.93489999999999995328
-48,83.75,0.92840000000000000302,0.92840000000000000302
-47,83.75,0.89790000000000003144,0.89790000000000003144
-46,83.75,0.5346999999999999531,0.5346999999999999531
-45,83.75,0.785800000000000054,0.785800000000000054
-44,83.75,0.9204999999999999849,0.9204999999999999849
-43,83.75,0.93859999999999998987,0.93859999999999998987
-42,83.75,0.77390000000000003233,0.77390000000000003233
-41,83.75,0.58169999999999999485,0.58169999999999999485
-40,83.75,0.28989999999999999103,0.28989999999999999103
-39,83.75,0.090499999999999997113,0.090499999999999997113
-38,83.75,0.044400000000000001965,0.044400000000000001965
-37,83.75,0.17150000000000001354,0.17150000000000001354
-36,83.75,0.18940000000000001279,0.18940000000000001279
-35,83.75,0.29089999999999999192,0.29089999999999999192
-34,83.75,0.43919999999999997931,0.43919999999999997931
-33,83.75,0.30959999999999998632,0.30959999999999998632
-32,83.75,0.13980000000000000759,0.13980000000000000759
-31,83.75,0.062799999999999994715,0.062799999999999994715
-30,83.75,0.06909999999999999476,0.06909999999999999476
-29,83.75,0.060699999999999997014,0.060699999999999997014
-28,83.75,0.036600000000000000588,0.036600000000000000588
-27,83.75,0.02670000000000000151,0.02670000000000000151
-26,83.75,0.057900000000000000078,0.057900000000000000078
-25,83.75,0.037499999999999998612,0.037499999999999998612
-24,83.75,0.0079000000000000007716,0.0079000000000000007716
-23,83.75,0.0054000000000000002859,0.0054000000000000002859
-22,83.75,0.0033999999999999998106,0.0033999999999999998106
-21,83.75,0.011799999999999999725,0.011799999999999999725
-20,83.75,0.00899999999999999932,0.00899999999999999932
-19,83.75,0.0053000000000000000236,0.0053000000000000000236
-18,83.75,0.0080000000000000001665,0.0080000000000000001665
-17,83.75,0.021399999999999998884,0.021399999999999998884
-16,83.75,0.038300000000000000711,0.038300000000000000711
-15,83.75,0.081199999999999994404,0.081199999999999994404
-14,83.75,0.17299999999999998712,0.17299999999999998712
-13,83.75,0.14510000000000000675,0.14510000000000000675
-12,83.75,0.13719999999999998863,0.13719999999999998863
-11,83.75,0.27650000000000002354,0.27650000000000002354
-10,83.75,0.34720000000000000862,0.34720000000000000862
-9,83.75,0.36309999999999997833,0.36309999999999997833
-8,83.75,0.62829999999999996962,0.62829999999999996962
-7,83.75,0.83640000000000003233,0.83640000000000003233
-6,83.75,0.85309999999999996945,0.85309999999999996945
-5,83.75,0.82630000000000003446,0.82630000000000003446
-4,83.75,0.96140000000000003233,0.96140000000000003233
-3,83.75,0.84940000000000004388,0.84940000000000004388
-2,83.75,0.17649999999999999023,0.17649999999999999023
-1,83.75,0.049700000000000001121,0.049700000000000001121
0,83.75,0.017500000000000001665,0.017500000000000001665
1,83.75,0.0035000000000000000729,0.0035000000000000000729
2,83.75,0.0030000000000000000625,0.0030000000000000000625
3,83.75,0.020600000000000000255,0.020600000000000000255
4,83.75,0.17430000000000001048,0.17430000000000001048
5,83.75,0.57930000000000003713,0.57930000000000003713
6,83.75,0.92540000000000000036,0.92540000000000000036
7,83.75,0.94450000000000000622,0.94450000000000000622
8,83.75,0.8295000000000000151,0.8295000000000000151
9,83.75,0.86299999999999998934,0.86299999999999998934
10,83.75,0.86980000000000001759,0.86980000000000001759
11,83.75,0.94730000000000003091,0.94730000000000003091
12,83.75,0.93769999999999997797,0.93769999999999997797
13,83.75,0.90210000000000001297,0.90210000000000001297
14,83.75,0.91849999999999998312,0.91849999999999998312
15,83.75,0.91910000000000002807,0.91910000000000002807
16,83.75,0.78220000000000000639,0.78220000000000000639
17,83.75,0.73170000000000001705,0.73170000000000001705
18,83.75,0.70509999999999994902,0.70509999999999994902
19,83.75,0.47329999999999999849,0.47329999999999999849
20,83.75,0.6222999999999999643,0.6222999999999999643
21,83.75,0.6983000000000000318,0.6983000000000000318
22,83.75,0.64049999999999995826,0.64049999999999995826
23,83.75,0.33810000000000001164,0.33810000000000001164
24,83.75,0.3160999999999999921,0.3160999999999999921
25,83.75,0.23769999999999999463,0.23769999999999999463
26,83.75,0.27260000000000000897,0.27260000000000000897
27,83.75,0.22839999999999999192,0.22839999999999999192
28,83.75,0.17119999999999999107,0.17119999999999999107
29,83.75,0.30220000000000002416,0.30220000000000002416
30,83.75,0.50219999999999997975,0.50219999999999997975
31,83.75,0.62709999999999999076,0.62709999999999999076
32,83.75,0.91669999999999995932,0.91669999999999995932
33,83.75,0.98860000000000003428,0.98860000000000003428
34,83.75,0.83420000000000005258,0.83420000000000005258
35,83.75,0.51200000000000001066,0.51200000000000001066
36,83.75,0.68269999999999997353,0.68269999999999997353
37,83.75,0.88300000000000000711,0.88300000000000000711
38,83.75,0.78239999999999998437,0.78239999999999998437
39,83.75,0.91200000000000003286,0.91200000000000003286
40,83.75,0.34429999999999999494,0.34429999999999999494
41,83.75,0.49580000000000001847,0.49580000000000001847
42,83.75,0.9882999999999999563,0.9882999999999999563
43,83.75,0.50560000000000004938,0.50560000000000004938
44,83.75,0.3508999999999999897,0.3508999999999999897
45,83.75,0.23769999999999999463,0.23769999999999999463
46,83.75,0.11020000000000000628,0.11020000000000000628
47,83.75,0.21010000000000000897,0.21010000000000000897
48,83.75,0.43020000000000002682,0.43020000000000002682
49,83.75,0.10059999999999999498,0.10059999999999999498
50,83.75,0.074700000000000002509,0.074700000000000002509
51,83.75,0.06909999999999999476,0.06909999999999999476
52,83.75,0.18470000000000000306,0.18470000000000000306
53,83.75,0.36199999999999998845,0.36199999999999998845
54,83.75,0.46179999999999998828,0.46179999999999998828
55,83.75,0.71120000000000005436,0.71120000000000005436
56,83.75,0.81640000000000001457,0.81640000000000001457
57,83.75,0.73540000000000005365,0.73540000000000005365
58,83.75,0.90239999999999997993,0.90239999999999997993
59,83.75,0.95260000000000000231,0.95260000000000000231
60,83.75,0.97980000000000000426,0.97980000000000000426
61,83.75,0.99129999999999995897,0.99129999999999995897
62,83.75,0.99139999999999994795,0.99139999999999994795
63,83.75,0.97670000000000001261,0.97670000000000001261
64,83.75,0.91490000000000004654,0.91490000000000004654
65,83.75,0.9588999999999999746,0.9588999999999999746
66,83.75,0.95960000000000000853,0.95960000000000000853
67,83.75,0.92430000000000001048,0.92430000000000001048
68,83.75,0.9659999999999999698,0.9659999999999999698
69,83.75,0.99250000000000004885,0.99250000000000004885
70,83.75,0.98709999999999997744,0.98709999999999997744
-69,85,0.7097999999999999865,0.7097999999999999865
-68,85,0.6500000000000000222,0.6500000000000000222
-67,85,0.77880000000000004778,0.77880000000000004778
-66,85,0.76859999999999994991,0.76859999999999994991
-65,85,0.91590000000000004743,0.91590000000000004743
-64,85,0.97840000000000004743,0.97840000000000004743
-63,85,0.91649999999999998135,0.91649999999999998135
-62,85,0.79169999999999995932,0.79169999999999995932
-61,85,0.71809999999999996056,0.71809999999999996056
-60,85,0.47099999999999997424,0.47099999999999997424
-59,85,0.38059999999999999387,0.38059999999999999387
-58,85,0.56379999999999996785,0.56379999999999996785
-57,85,0.41510000000000002451,0.41510000000000002451
-56,85,0.49519999999999997353,0.49519999999999997353
-55,85,0.57410000000000005471,0.57410000000000005471
-54,85,0.5695999999999999952,0.5695999999999999952
-53,85,0.5563000000000000167,0.5563000000000000167
-52,85,0.84770000000000000906,0.84770000000000000906
-51,85,0.97709999999999996856,0.97709999999999996856
-50,85,0.9990999999999999881,0.9990999999999999881
-49,85,0.99129999999999995897,0.99129999999999995897
-48,85,0.96670000000000000373,0.96670000000000000373
-47,85,0.93259999999999998455,0.93259999999999998455
-46,85,0.66890000000000005009,0.66890000000000005009
-45,85,0.86180000000000001048,0.86180000000000001048
-44,85,0.99419999999999997264,0.99419999999999997264
-43,85,0.82750000000000001332,0.82750000000000001332
-42,85,0.47730000000000000204,0.47730000000000000204
-41,85,0.42720000000000002416,0.42720000000000002416
-40,85,0.21529999999999999138,0.21529999999999999138
-39,85,0.15190000000000000724,0.15190000000000000724
-38,85,0.21659999999999998699,0.21659999999999998699
-37,85,0.27689999999999997948,0.27689999999999997948
-36,85,0.16719999999999998752,0.16719999999999998752
-35,85,0.16939999999999999503,0.16939999999999999503
-34,85,0.20969999999999999751,0.20969999999999999751
-33,85,0.17380000000000001004,0.17380000000000001004
-32,85,0.12020000000000000129,0.12020000000000000129
-31,85,0.04469999999999999668,0.04469999999999999668
-30,85,0.017899999999999999245,0.017899999999999999245
-29,85,0.028500000000000001027,0.028500000000000001027
-28,85,0.029499999999999998446,0.029499999999999998446
-27,85,0.037900000000000003131,0.037900000000000003131
-26,85,0.049200000000000000677,0.049200000000000000677
-25,85,0.022700000000000001427,0.022700000000000001427
-24,85,0.019900000000000001021,0.019900000000000001021
-23,85,0.0067999999999999996211,0.0067999999999999996211
-22,85,0.0047999999999999995795,0.0047999999999999995795
-21,85,0.013700000000000000372,0.013700000000000000372
-20,85,0.008300000000000000086,0.008300000000000000086
-19,85,0.0099000000000000008132,0.0099000000000000008132
-18,85,0.021299999999999999489,0.021299999999999999489
-17,85,0.050299999999999997491,0.050299999999999997491
-16,85,0.10040000000000000313,0.10040000000000000313
-15,85,0.10259999999999999676,0.10259999999999999676
-14,85,0.20380000000000000893,0.20380000000000000893
-13,85,0.14890000000000000457,0.14890000000000000457
-12,85,0.24010000000000000786,0.24010000000000000786
-11,85,0.54469999999999996199,0.54469999999999996199
-10,85,0.46110000000000000986,0.46110000000000000986
-9,85,0.49390000000000000568,0.49390000000000000568
-8,85,0.42670000000000002371,0.42670000000000002371
-7,85,0.6983000000000000318,0.6983000000000000318
-6,85,0.80030000000000001137,0.80030000000000001137
-5,85,0.97740000000000004654,0.97740000000000004654
-4,85,0.99629999999999996341,0.99629999999999996341
-3,85,0.70569999999999999396,0.70569999999999999396
-2,85,0.11719999999999999862,0.11719999999999999862
-1,85,0.047199999999999998901,0.047199999999999998901
0,85,0.021499999999999998279,0.021499999999999998279
1,85,0.0050000000000000001041,0.0050000000000000001041
2,85,0.010399999999999999523,0.010399999999999999523
3,85,0.069800000000000000933,0.069800000000000000933
4,85,0.21110000000000000986,0.21110000000000000986
5,85,0.42640000000000000124,0.42640000000000000124
6,85,0.84909999999999996589,0.84909999999999996589
7,85,0.84670000000000000817,0.84670000000000000817
8,85,0.76119999999999998774,0.76119999999999998774
9,85,0.70409999999999994813,0.70409999999999994813
10,85,0.86980000000000001759,0.86980000000000001759
11,85,0.84870000000000000995,0.84870000000000000995
12,85,0.97109999999999996323,0.97109999999999996323
13,85,0.93950000000000000178,0.93950000000000000178
14,85,0.96770000000000000462,0.96770000000000000462
15,85,0.87980000000000002647,0.87980000000000002647
16,85,0.60289999999999999147,0.60289999999999999147
17,85,0.42530000000000001137,0.42530000000000001137
18,85,0.46899999999999997247,0.46899999999999997247
19,85,0.43630000000000002114,0.43630000000000002114
20,85,0.37569999999999997842,0.37569999999999997842
21,85,0.35210000000000002407,0.35210000000000002407
22,85,0.71789999999999998259,0.71789999999999998259
23,85,0.43709999999999998854,0.43709999999999998854
24,85,0.31309999999999998943,0.31309999999999998943
25,85,0.14790000000000000369,0.14790000000000000369
26,85,0.211999999999999994,0.211999999999999994
27,85,0.14419999999999999485,0.14419999999999999485
28,85,0.47670000000000001261,0.47670000000000001261
29,85,0.2280999999999999972,0.2280999999999999972
30,85,0.40420000000000000373,0.40420000000000000373
31,85,0.66310000000000002274,0.66310000000000002274
32,85,0.69799999999999995381,0.69799999999999995381
33,85,0.85760000000000002895,0.85760000000000002895
34,85,0.83940000000000003499,0.83940000000000003499
35,85,0.65080000000000004512,0.65080000000000004512
36,85,0.61280000000000001137,0.61280000000000001137
37,85,0.73229999999999995097,0.73229999999999995097
38,85,0.75539999999999996039,0.75539999999999996039
39,85,0.89829999999999998739,0.89829999999999998739
40,85,0.15470000000000000417,0.15470000000000000417
41,85,0.48890000000000000124,0.48890000000000000124
42,85,0.56659999999999999254,0.56659999999999999254
43,85,0.86709999999999998188,0.86709999999999998188
44,85,0.39029999999999998028,0.39029999999999998028
45,85,0.18069999999999999951,0.18069999999999999951
46,85,0.12230000000000000593,0.12230000000000000593
47,85,0.10459999999999999853,0.10459999999999999853
48,85,0.23380000000000000782,0.23380000000000000782
49,85,0.18090000000000000524,0.18090000000000000524
50,85,0.11369999999999999551,0.11369999999999999551
51,85,0.10730000000000000648,0.10730000000000000648
52,85,0.11119999999999999329,0.11119999999999999329
53,85,0.37819999999999998064,0.37819999999999998064
54,85,0.33069999999999999396,0.33069999999999999396
55,85,0.51539999999999996927,0.51539999999999996927
56,85,0.50770000000000004015,0.50770000000000004015
57,85,0.607099999999999973,0.607099999999999973
58,85,0.85209999999999996856,0.85209999999999996856
59,85,0.87639999999999995683,0.87639999999999995683
60,85,0.9625000000000000222,0.9625000000000000222
61,85,0.98780000000000001137,0.98780000000000001137
62,85,0.98470000000000001972,0.98470000000000001972
63,85,0.98199999999999998401,0.98199999999999998401
64,85,0.97260000000000002007,0.97260000000000002007
65,85,0.96189999999999997726,0.96189999999999997726
66,85,0.89839999999999997637,0.89839999999999997637
67,85,0.85299999999999998046,0.85299999999999998046
68,85,0.91590000000000004743,0.91590000000000004743
69,85,0.98980000000000001315,0.98980000000000001315
70,85,0.99590000000000000746,0.99590000000000000746
-69,86.25,0.660800000000000054,0.660800000000000054
-68,86.25,0.62909999999999999254,0.62909999999999999254
-67,86.25,0.76019999999999998685,0.76019999999999998685
-66,86.25,0.62729999999999996874,0.62729999999999996874
-65,86.25,0.90680000000000005045,0.90680000000000005045
-64,86.25,0.97580000000000000071,0.97580000000000000071
-63,86.25,0.98670000000000002149,0.98670000000000002149
-62,86.25,0.88480000000000003091,0.88480000000000003091
-61,86.25,0.67749999999999999112,0.67749999999999999112
-60,86.25,0.46810000000000001608,0.46810000000000001608
-59,86.25,0.59550000000000002931,0.59550000000000002931
-58,86.25,0.80130000000000001226,0.80130000000000001226
-57,86.25,0.49990000000000001101,0.49990000000000001101
-56,86.25,0.55149999999999999023,0.55149999999999999023
-55,86.25,0.80610000000000003872,0.80610000000000003872
-54,86.25,0.71870000000000000551,0.71870000000000000551
-53,86.25,0.79259999999999997122,0.79259999999999997122
-52,86.25,0.68630000000000002114,0.68630000000000002114
-51,86.25,0.98950000000000004619,0.98950000000000004619
-50,86.25,0.99929999999999996607,0.99929999999999996607
-49,86.25,0.98650000000000004352,0.98650000000000004352
-48,86.25,0.99390000000000000568,0.99390000000000000568
-47,86.25,0.96479999999999999094,0.96479999999999999094
-46,86.25,0.80310000000000003606,0.80310000000000003606
-45,86.25,0.8134000000000000119,0.8134000000000000119
-44,86.25,0.98909999999999997922,0.98909999999999997922
-43,86.25,0.65849999999999997424,0.65849999999999997424
-42,86.25,0.43290000000000000702,0.43290000000000000702
-41,86.25,0.37069999999999997398,0.37069999999999997398
-40,86.25,0.26419999999999999041,0.26419999999999999041
-39,86.25,0.31219999999999997753,0.31219999999999997753
-38,86.25,0.38890000000000002345,0.38890000000000002345
-37,86.25,0.18379999999999999116,0.18379999999999999116
-36,86.25,0.08069999999999999396,0.08069999999999999396
-35,86.25,0.054300000000000001044,0.054300000000000001044
-34,86.25,0.052499999999999998057,0.052499999999999998057
-33,86.25,0.062700000000000005729,0.062700000000000005729
-32,86.25,0.051700000000000002898,0.051700000000000002898
-31,86.25,0.011400000000000000411,0.011400000000000000411
-30,86.25,0.010800000000000000572,0.010800000000000000572
-29,86.25,0.018100000000000001504,0.018100000000000001504
-28,86.25,0.035299999999999998046,0.035299999999999998046
-27,86.25,0.059900000000000001854,0.059900000000000001854
-26,86.25,0.060400000000000002298,0.060400000000000002298
-25,86.25,0.052900000000000002576,0.052900000000000002576
-24,86.25,0.066500000000000003553,0.066500000000000003553
-23,86.25,0.057599999999999998423,0.057599999999999998423
-22,86.25,0.021799999999999999933,0.021799999999999999933
-21,86.25,0.015499999999999999889,0.015499999999999999889
-20,86.25,0.012200000000000000774,0.012200000000000000774
-19,86.25,0.02069999999999999965,0.02069999999999999965
-18,86.25,0.060799999999999999878,0.060799999999999999878
-17,86.25,0.14399999999999998912,0.14399999999999998912
-16,86.25,0.22000000000000000111,0.22000000000000000111
-15,86.25,0.1665000000000000091,0.1665000000000000091
-14,86.25,0.18140000000000000568,0.18140000000000000568
-13,86.25,0.14000000000000001332,0.14000000000000001332
-12,86.25,0.30080000000000001181,0.30080000000000001181
-11,86.25,0.68379999999999996341,0.68379999999999996341
-10,86.25,0.66530000000000000249,0.66530000000000000249
-9,86.25,0.75129999999999996785,0.75129999999999996785
-8,86.25,0.62390000000000001013,0.62390000000000001013
-7,86.25,0.48890000000000000124,0.48890000000000000124
-6,86.25,0.61150000000000004352,0.61150000000000004352
-5,86.25,0.84199999999999997069,0.84199999999999997069
-4,86.25,0.89459999999999995079,0.89459999999999995079
-3,86.25,0.70750000000000001776,0.70750000000000001776
-2,86.25,0.11479999999999999927,0.11479999999999999927
-1,86.25,0.042900000000000000633,0.042900000000000000633
0,86.25,0.024400000000000001549,0.024400000000000001549
1,86.25,0.0080999999999999995615,0.0080999999999999995615
2,86.25,0.024500000000000000944,0.024500000000000000944
3,86.25,0.21420000000000000151,0.21420000000000000151
4,86.25,0.5222999999999999865,0.5222999999999999865
5,86.25,0.60240000000000004654,0.60240000000000004654
6,86.25,0.91539999999999999147,0.91539999999999999147
7,86.25,0.81330000000000002292,0.81330000000000002292
8,86.25,0.57999999999999996003,0.57999999999999996003
9,86.25,0.39700000000000001954,0.39700000000000001954
10,86.25,0.58819999999999994511,0.58819999999999994511
11,86.25,0.87180000000000001936,0.87180000000000001936
12,86.25,0.99780000000000002025,0.99780000000000002025
13,86.25,0.95879999999999998561,0.95879999999999998561
14,86.25,0.8650999999999999801,0.8650999999999999801
15,86.25,0.73880000000000001226,0.73880000000000001226
16,86.25,0.50770000000000004015,0.50770000000000004015
17,86.25,0.27479999999999998872,0.27479999999999998872
18,86.25,0.2847999999999999976,0.2847999999999999976
19,86.25,0.45329999999999998073,0.45329999999999998073
20,86.25,0.57550000000000001155,0.57550000000000001155
21,86.25,0.43499999999999999778,0.43499999999999999778
22,86.25,0.39319999999999999396,0.39319999999999999396
23,86.25,0.5108000000000000318,0.5108000000000000318
24,86.25,0.44590000000000001856,0.44590000000000001856
25,86.25,0.17210000000000000298,0.17210000000000000298
26,86.25,0.19700000000000000844,0.19700000000000000844
27,86.25,0.31909999999999999476,0.31909999999999999476
28,86.25,0.51380000000000003446,0.51380000000000003446
29,86.25,0.1981999999999999873,0.1981999999999999873
30,86.25,0.33329999999999998517,0.33329999999999998517
31,86.25,0.34699999999999997513,0.34699999999999997513
32,86.25,0.44309999999999999387,0.44309999999999999387
33,86.25,0.51280000000000003357,0.51280000000000003357
34,86.25,0.83799999999999996714,0.83799999999999996714
35,86.25,0.78949999999999997957,0.78949999999999997957
36,86.25,0.51770000000000004903,0.51770000000000004903
37,86.25,0.70860000000000000764,0.70860000000000000764
38,86.25,0.59599999999999997424,0.59599999999999997424
39,86.25,0.98970000000000002416,0.98970000000000002416
40,86.25,0.28360000000000001874,0.28360000000000001874
41,86.25,0.65100000000000002309,0.65100000000000002309
42,86.25,0.20289999999999999702,0.20289999999999999702
43,86.25,0.67720000000000002416,0.67720000000000002416
44,86.25,0.30449999999999999289,0.30449999999999999289
45,86.25,0.37199999999999999734,0.37199999999999999734
46,86.25,0.099599999999999994094,0.099599999999999994094
47,86.25,0.064699999999999993627,0.064699999999999993627
48,86.25,0.16769999999999998797,0.16769999999999998797
49,86.25,0.20749999999999999001,0.20749999999999999001
50,86.25,0.22989999999999999325,0.22989999999999999325
51,86.25,0.22179999999999999716,0.22179999999999999716
52,86.25,0.15800000000000000155,0.15800000000000000155
53,86.25,0.35870000000000001883,0.35870000000000001883
54,86.25,0.43509999999999998677,0.43509999999999998677
55,86.25,0.41689999999999999281,0.41689999999999999281
56,86.25,0.34379999999999999449,0.34379999999999999449
57,86.25,0.61160000000000003251,0.61160000000000003251
58,86.25,0.83799999999999996714,0.83799999999999996714
59,86.25,0.85409999999999997033,0.85409999999999997033
60,86.25,0.96309999999999995612,0.96309999999999995612
61,86.25,0.98809999999999997833,0.98809999999999997833
62,86.25,0.99180000000000001492,0.99180000000000001492
63,86.25,0.98450000000000004174,0.98450000000000004174
64,86.25,0.99180000000000001492,0.99180000000000001492
65,86.25,0.98570000000000002061,0.98570000000000002061
66,86.25,0.86860000000000003872,0.86860000000000003872
67,86.25,0.80920000000000003038,0.80920000000000003038
68,86.25,0.85250000000000003553,0.85250000000000003553
69,86.25,0.98680000000000001048,0.98680000000000001048
70,86.25,0.99160000000000003695,0.99160000000000003695
-69,87.5,0.59370000000000000551,0.59370000000000000551
-68,87.5,0.62619999999999997886,0.62619999999999997886
-67,87.5,0.65839999999999998526,0.65839999999999998526
-66,87.5,0.62209999999999998632,0.62209999999999998632
-65,87.5,0.85909999999999997478,0.85909999999999997478
-64,87.5,0.97970000000000001528,0.97970000000000001528
-63,87.5,0.98929999999999995719,0.98929999999999995719
-62,87.5,0.94999999999999995559,0.94999999999999995559
-61,87.5,0.74029999999999995808,0.74029999999999995808
-60,87.5,0.56299999999999994493,0.56299999999999994493
-59,87.5,0.69689999999999996394,0.69689999999999996394
-58,87.5,0.90729999999999999538,0.90729999999999999538
-57,87.5,0.78549999999999997602,0.78549999999999997602
-56,87.5,0.75560000000000004938,0.75560000000000004938
-55,87.5,0.96630000000000004778,0.96630000000000004778
-54,87.5,0.83770000000000000018,0.83770000000000000018
-53,87.5,0.8579999999999999849,0.8579999999999999849
-52,87.5,0.67439999999999999947,0.67439999999999999947
-51,87.5,0.94879999999999997673,0.94879999999999997673
-50,87.5,0.99990000000000001101,0.99990000000000001101
-49,87.5,0.99480000000000001759,0.99480000000000001759
-48,87.5,0.96889999999999998348,0.96889999999999998348
-47,87.5,0.96609999999999995879,0.96609999999999995879
-46,87.5,0.78949999999999997957,0.78949999999999997957
-45,87.5,0.67249999999999998668,0.67249999999999998668
-44,87.5,0.98399999999999998579,0.98399999999999998579
-43,87.5,0.72309999999999996501,0.72309999999999996501
-42,87.5,0.59370000000000000551,0.59370000000000000551
-41,87.5,0.36390000000000000124,0.36390000000000000124
-40,87.5,0.33200000000000001732,0.33200000000000001732
-39,87.5,0.50370000000000003659,0.50370000000000003659
-38,87.5,0.52159999999999995257,0.52159999999999995257
-37,87.5,0.14119999999999999218,0.14119999999999999218
-36,87.5,0.052499999999999998057,0.052499999999999998057
-35,87.5,0.031899999999999997802,0.031899999999999997802
-34,87.5,0.025299999999999999573,0.025299999999999999573
-33,87.5,0.032399999999999998246,0.032399999999999998246
-32,87.5,0.027500000000000000139,0.027500000000000000139
-31,87.5,0.0094000000000000003691,0.0094000000000000003691
-30,87.5,0.007700000000000000247,0.007700000000000000247
-29,87.5,0.022700000000000001427,0.022700000000000001427
-28,87.5,0.075200000000000002953,0.075200000000000002953
-27,87.5,0.20499999999999998779,0.20499999999999998779
-26,87.5,0.17669999999999999596,0.17669999999999999596
-25,87.5,0.46139999999999997682,0.46139999999999997682
-24,87.5,0.41589999999999999192,0.41589999999999999192
-23,87.5,0.15829999999999999627,0.15829999999999999627
-22,87.5,0.1030999999999999972,0.1030999999999999972
-21,87.5,0.066500000000000003553,0.066500000000000003553
-20,87.5,0.049500000000000002331,0.049500000000000002331
-19,87.5,0.071300000000000002265,0.071300000000000002265
-18,87.5,0.10119999999999999829,0.10119999999999999829
-17,87.5,0.30969999999999997531,0.30969999999999997531
-16,87.5,0.38900000000000001243,0.38900000000000001243
-15,87.5,0.23810000000000000608,0.23810000000000000608
-14,87.5,0.15090000000000000635,0.15090000000000000635
-13,87.5,0.16809999999999999942,0.16809999999999999942
-12,87.5,0.34860000000000002096,0.34860000000000002096
-11,87.5,0.7097999999999999865,0.7097999999999999865
-10,87.5,0.82940000000000002611,0.82940000000000002611
-9,87.5,0.75590000000000001634,0.75590000000000001634
-8,87.5,0.35289999999999999147,0.35289999999999999147
-7,87.5,0.25030000000000002247,0.25030000000000002247
-6,87.5,0.54759999999999997566,0.54759999999999997566
-5,87.5,0.85399999999999998135,0.85399999999999998135
-4,87.5,0.93700000000000005507,0.93700000000000005507
-3,87.5,0.79820000000000002061,0.79820000000000002061
-2,87.5,0.18349999999999999645,0.18349999999999999645
-1,87.5,0.043299999999999998213,0.043299999999999998213
0,87.5,0.030800000000000000988,0.030800000000000000988
1,87.5,0.02050000000000000086,0.02050000000000000086
2,87.5,0.053999999999999999389,0.053999999999999999389
3,87.5,0.34160000000000001474,0.34160000000000001474
4,87.5,0.6766999999999999682,0.6766999999999999682
5,87.5,0.91359999999999996767,0.91359999999999996767
6,87.5,0.84060000000000001386,0.84060000000000001386
7,87.5,0.450900000000000023,0.450900000000000023
8,87.5,0.35939999999999999725,0.35939999999999999725
9,87.5,0.1981999999999999873,0.1981999999999999873
10,87.5,0.33629999999999998783,0.33629999999999998783
11,87.5,0.67439999999999999947,0.67439999999999999947
12,87.5,0.88859999999999994547,0.88859999999999994547
13,87.5,0.98319999999999996287,0.98319999999999996287
14,87.5,0.92259999999999997566,0.92259999999999997566
15,87.5,0.71020000000000005347,0.71020000000000005347
16,87.5,0.44759999999999999787,0.44759999999999999787
17,87.5,0.18779999999999999472,0.18779999999999999472
18,87.5,0.25800000000000000711,0.25800000000000000711
19,87.5,0.43059999999999998277,0.43059999999999998277
20,87.5,0.62800000000000000266,0.62800000000000000266
21,87.5,0.82250000000000000888,0.82250000000000000888
22,87.5,0.79979999999999995541,0.79979999999999995541
23,87.5,0.74129999999999995897,0.74129999999999995897
24,87.5,0.58799999999999996714,0.58799999999999996714
25,87.5,0.46949999999999997291,0.46949999999999997291
26,87.5,0.35520000000000001572,0.35520000000000001572
27,87.5,0.73619999999999996554,0.73619999999999996554
28,87.5,0.8329999999999999627,0.8329999999999999627
29,87.5,0.32450000000000001066,0.32450000000000001066
30,87.5,0.45639999999999997238,0.45639999999999997238
31,87.5,0.39389999999999997238,0.39389999999999997238
32,87.5,0.27439999999999997726,0.27439999999999997726
33,87.5,0.48599999999999998757,0.48599999999999998757
34,87.5,0.74219999999999997087,0.74219999999999997087
35,87.5,0.83069999999999999396,0.83069999999999999396
36,87.5,0.61950000000000005063,0.61950000000000005063
37,87.5,0.54169999999999995932,0.54169999999999995932
38,87.5,0.62549999999999994493,0.62549999999999994493
39,87.5,0.90129999999999999005,0.90129999999999999005
40,87.5,0.51559999999999994724,0.51559999999999994724
41,87.5,0.89359999999999994991,0.89359999999999994991
42,87.5,0.4758999999999999897,0.4758999999999999897
43,87.5,0.36730000000000001537,0.36730000000000001537
44,87.5,0.45050000000000001155,0.45050000000000001155
45,87.5,0.52659999999999995701,0.52659999999999995701
46,87.5,0.17660000000000000697,0.17660000000000000697
47,87.5,0.094299999999999994937,0.094299999999999994937
48,87.5,0.12800000000000000266,0.12800000000000000266
49,87.5,0.25030000000000002247,0.25030000000000002247
50,87.5,0.3463999999999999857,0.3463999999999999857
51,87.5,0.31759999999999999343,0.31759999999999999343
52,87.5,0.32600000000000001199,0.32600000000000001199
53,87.5,0.35599999999999998312,0.35599999999999998312
54,87.5,0.49519999999999997353,0.49519999999999997353
55,87.5,0.39519999999999999574,0.39519999999999999574
56,87.5,0.33110000000000000542,0.33110000000000000542
57,87.5,0.52159999999999995257,0.52159999999999995257
58,87.5,0.72430000000000005489,0.72430000000000005489
59,87.5,0.91069999999999995399,0.91069999999999995399
60,87.5,0.98460000000000003073,0.98460000000000003073
61,87.5,0.99629999999999996341,0.99629999999999996341
62,87.5,0.99099999999999999201,0.99099999999999999201
63,87.5,0.9981999999999999762,0.9981999999999999762
64,87.5,0.99990000000000001101,0.99990000000000001101
65,87.5,0.99960000000000004405,0.99960000000000004405
66,87.5,0.90569999999999994955,0.90569999999999994955
67,87.5,0.78459999999999996412,0.78459999999999996412
68,87.5,0.75760000000000005116,0.75760000000000005116
69,87.5,0.9802999999999999492,0.9802999999999999492
70,87.5,0.99490000000000000657,0.99490000000000000657
-69,88.75,0.5436999999999999611,0.5436999999999999611
-68,88.75,0.64939999999999997726,0.64939999999999997726
-67,88.75,0.63070000000000003837,0.63070000000000003837
-66,88.75,0.62309999999999998721,0.62309999999999998721
-65,88.75,0.7831000000000000183,0.7831000000000000183
-64,88.75,0.98740000000000005542,0.98740000000000005542
-63,88.75,0.98580000000000000959,0.98580000000000000959
-62,88.75,0.97140000000000004121,0.97140000000000004121
-61,88.75,0.79559999999999997389,0.79559999999999997389
-60,88.75,0.58169999999999999485,0.58169999999999999485
-59,88.75,0.69630000000000003002,0.69630000000000003002
-58,88.75,0.95650000000000001688,0.95650000000000001688
-57,88.75,0.93140000000000000568,0.93140000000000000568
-56,88.75,0.9829999999999999849,0.9829999999999999849
-55,88.75,0.95079999999999997851,0.95079999999999997851
-54,88.75,0.87980000000000002647,0.87980000000000002647
-53,88.75,0.86870000000000002771,0.86870000000000002771
-52,88.75,0.83599999999999996536,0.83599999999999996536
-51,88.75,0.86709999999999998188,0.86709999999999998188
-50,88.75,0.99990000000000001101,0.99990000000000001101
-49,88.75,0.99890000000000001013,0.99890000000000001013
-48,88.75,0.89559999999999995168,0.89559999999999995168
-47,88.75,0.96389999999999997904,0.96389999999999997904
-46,88.75,0.79610000000000002984,0.79610000000000002984
-45,88.75,0.79710000000000003073,0.79710000000000003073
-44,88.75,0.94959999999999999964,0.94959999999999999964
-43,88.75,0.89359999999999994991,0.89359999999999994991
-42,88.75,0.65690000000000003944,0.65690000000000003944
-41,88.75,0.43490000000000000879,0.43490000000000000879
-40,88.75,0.42370000000000002105,0.42370000000000002105
-39,88.75,0.64600000000000001865,0.64600000000000001865
-38,88.75,0.54490000000000005098,0.54490000000000005098
-37,88.75,0.31009999999999998677,0.31009999999999998677
-36,88.75,0.1968999999999999917,0.1968999999999999917
-35,88.75,0.13359999999999999654,0.13359999999999999654
-34,88.75,0.024500000000000000944,0.024500000000000000944
-33,88.75,0.037900000000000003131,0.037900000000000003131
-32,88.75,0.055800000000000002376,0.055800000000000002376
-31,88.75,0.036299999999999998934,0.036299999999999998934
-30,88.75,0.022200000000000000983,0.022200000000000000983
-29,88.75,0.086800000000000002154,0.086800000000000002154
-28,88.75,0.37540000000000001146,0.37540000000000001146
-27,88.75,0.84330000000000004956,0.84330000000000004956
-26,88.75,0.50639999999999996128,0.50639999999999996128
-25,88.75,0.3338999999999999746,0.3338999999999999746
-24,88.75,0.56450000000000000178,0.56450000000000000178
-23,88.75,0.3375000000000000222,0.3375000000000000222
-22,88.75,0.18110000000000001097,0.18110000000000001097
-21,88.75,0.14050000000000001377,0.14050000000000001377
-20,88.75,0.12109999999999999931,0.12109999999999999931
-19,88.75,0.14699999999999999178,0.14699999999999999178
-18,88.75,0.19359999999999999432,0.19359999999999999432
-17,88.75,0.40489999999999998215,0.40489999999999998215
-16,88.75,0.48630000000000001004,0.48630000000000001004
-15,88.75,0.29370000000000001661,0.29370000000000001661
-14,88.75,0.18900000000000000133,0.18900000000000000133
-13,88.75,0.26059999999999999831,0.26059999999999999831
-12,88.75,0.50209999999999999076,0.50209999999999999076
-11,88.75,0.86080000000000000959,0.86080000000000000959
-10,88.75,0.82899999999999995914,0.82899999999999995914
-9,88.75,0.5454999999999999849,0.5454999999999999849
-8,88.75,0.24820000000000000395,0.24820000000000000395
-7,88.75,0.17150000000000001354,0.17150000000000001354
-6,88.75,0.38069999999999998286,0.38069999999999998286
-5,88.75,0.77400000000000002132,0.77400000000000002132
-4,88.75,0.93089999999999994973,0.93089999999999994973
-3,88.75,0.98380000000000000782,0.98380000000000000782
-2,88.75,0.32719999999999999085,0.32719999999999999085
-1,88.75,0.037400000000000002687,0.037400000000000002687
0,88.75,0.023900000000000001105,0.023900000000000001105
1,88.75,0.053100000000000001366,0.053100000000000001366
2,88.75,0.15290000000000000813,0.15290000000000000813
3,88.75,0.27129999999999998561,0.27129999999999998561
4,88.75,0.76410000000000000142,0.76410000000000000142
5,88.75,0.93630000000000002114,0.93630000000000002114
6,88.75,0.38879999999999997895,0.38879999999999997895
7,88.75,0.19339999999999998859,0.19339999999999998859
8,88.75,0.1990999999999999992,0.1990999999999999992
9,88.75,0.13900000000000001243,0.13900000000000001243
10,88.75,0.17690000000000000169,0.17690000000000000169
11,88.75,0.3195999999999999952,0.3195999999999999952
12,88.75,0.34810000000000002052,0.34810000000000002052
13,88.75,0.67540000000000000036,0.67540000000000000036
14,88.75,0.79130000000000000338,0.79130000000000000338
15,88.75,0.57059999999999999609,0.57059999999999999609
16,88.75,0.25440000000000001501,0.25440000000000001501
17,88.75,0.13989999999999999658,0.13989999999999999658
18,88.75,0.19880000000000000449,0.19880000000000000449
19,88.75,0.46329999999999998961,0.46329999999999998961
20,88.75,0.81140000000000001013,0.81140000000000001013
21,88.75,0.75390000000000001457,0.75390000000000001457
22,88.75,0.79749999999999998668,0.79749999999999998668
23,88.75,0.93100000000000004974,0.93100000000000004974
24,88.75,0.857099999999999973,0.857099999999999973
25,88.75,0.94050000000000000266,0.94050000000000000266
26,88.75,0.99509999999999998455,0.99509999999999998455
27,88.75,0.9152000000000000135,0.9152000000000000135
28,88.75,0.79959999999999997744,0.79959999999999997744
29,88.75,0.5241000000000000103,0.5241000000000000103
30,88.75,0.61209999999999997744,0.61209999999999997744
31,88.75,0.48459999999999997522,0.48459999999999997522
32,88.75,0.28970000000000001306,0.28970000000000001306
33,88.75,0.44230000000000002647,0.44230000000000002647
34,88.75,0.68899999999999994582,0.68899999999999994582
35,88.75,0.794599999999999973,0.794599999999999973
36,88.75,0.60289999999999999147,0.60289999999999999147
37,88.75,0.59630000000000005222,0.59630000000000005222
38,88.75,0.61499999999999999112,0.61499999999999999112
39,88.75,0.93630000000000002114,0.93630000000000002114
40,88.75,0.68859999999999998987,0.68859999999999998987
41,88.75,0.7561999999999999833,0.7561999999999999833
42,88.75,0.44900000000000001021,0.44900000000000001021
43,88.75,0.36399999999999999023,0.36399999999999999023
44,88.75,0.33410000000000000808,0.33410000000000000808
45,88.75,0.49040000000000000258,0.49040000000000000258
46,88.75,0.3089000000000000079,0.3089000000000000079
47,88.75,0.10720000000000000362,0.10720000000000000362
48,88.75,0.094700000000000006395,0.094700000000000006395
49,88.75,0.35260000000000002451,0.35260000000000002451
50,88.75,0.39939999999999997726,0.39939999999999997726
51,88.75,0.46110000000000000986,0.46110000000000000986
52,88.75,0.42470000000000002194,0.42470000000000002194
53,88.75,0.34239999999999998215,0.34239999999999998215
54,88.75,0.34499999999999997335,0.34499999999999997335
55,88.75,0.34360000000000001652,0.34360000000000001652
56,88.75,0.24929999999999999383,0.24929999999999999383
57,88.75,0.53949999999999997957,0.53949999999999997957
58,88.75,0.74799999999999999822,0.74799999999999999822
59,88.75,0.96050000000000002043,0.96050000000000002043
60,88.75,0.95869999999999999662,0.95869999999999999662
61,88.75,0.9384000000000000119,0.9384000000000000119
62,88.75,0.99829999999999996518,0.99829999999999996518
63,88.75,0.99699999999999999734,0.99699999999999999734
64,88.75,0.99709999999999998632,0.99709999999999998632
65,88.75,0.99609999999999998543,0.99609999999999998543
66,88.75,0.90369999999999994778,0.90369999999999994778
67,88.75,0.77569999999999994511,0.77569999999999994511
68,88.75,0.81200000000000005507,0.81200000000000005507
69,88.75,0.89659999999999995257,0.89659999999999995257
70,88.75,0.98289999999999999591,0.98289999999999999591
-69,90,0.52419999999999999929,0.52419999999999999929
-68,90,0.74109999999999998099,0.74109999999999998099
-67,90,0.69330000000000002736,0.69330000000000002736
-66,90,0.62790000000000001368,0.62790000000000001368
-65,90,0.8025999999999999801,0.8025999999999999801
-64,90,0.98319999999999996287,0.98319999999999996287
-63,90,0.99339999999999994973,0.99339999999999994973
-62,90,0.97529999999999994476,0.97529999999999994476
-61,90,0.83879999999999999005,0.83879999999999999005
-60,90,0.57350000000000000977,0.57350000000000000977
-59,90,0.70479999999999998206,0.70479999999999998206
-58,90,0.99429999999999996163,0.99429999999999996163
-57,90,0.96240000000000003322,0.96240000000000003322
-56,90,0.98219999999999996199,0.98219999999999996199
-55,90,0.96899999999999997247,0.96899999999999997247
-54,90,0.85240000000000004654,0.85240000000000004654
-53,90,0.8679000000000000048,0.8679000000000000048
-52,90,0.81759999999999999343,0.81759999999999999343
-51,90,0.97570000000000001172,0.97570000000000001172
-50,90,0.99899999999999999911,0.99899999999999999911
-49,90,0.99870000000000003215,0.99870000000000003215
-48,90,0.93979999999999996874,0.93979999999999996874
-47,90,0.99360000000000003872,0.99360000000000003872
-46,90,0.91900000000000003908,0.91900000000000003908
-45,90,0.97009999999999996234,0.97009999999999996234
-44,90,0.9876000000000000334,0.9876000000000000334
-43,90,0.94179999999999997051,0.94179999999999997051
-42,90,0.64049999999999995826,0.64049999999999995826
-41,90,0.5108000000000000318,0.5108000000000000318
-40,90,0.57459999999999999964,0.57459999999999999964
-39,90,0.72089999999999998526,0.72089999999999998526
-38,90,0.58760000000000001119,0.58760000000000001119
-37,90,0.67390000000000005453,0.67390000000000005453
-36,90,0.34510000000000001785,0.34510000000000001785
-35,90,0.16850000000000001088,0.16850000000000001088
-34,90,0.050000000000000002776,0.050000000000000002776
-33,90,0.073400000000000006906,0.073400000000000006906
-32,90,0.055399999999999997857,0.055399999999999997857
-31,90,0.090800000000000005707,0.090800000000000005707
-30,90,0.19259999999999999343,0.19259999999999999343
-29,90,0.46219999999999999973,0.46219999999999999973
-28,90,0.93330000000000001847,0.93330000000000001847
-27,90,0.47930000000000000382,0.47930000000000000382
-26,90,0.19220000000000000973,0.19220000000000000973
-25,90,0.36690000000000000391,0.36690000000000000391
-24,90,0.46970000000000000639,0.46970000000000000639
-23,90,0.55030000000000001137,0.55030000000000001137
-22,90,0.23030000000000000471,0.23030000000000000471
-21,90,0.24360000000000001097,0.24360000000000001097
-20,90,0.33250000000000001776,0.33250000000000001776
-19,90,0.30809999999999998499,0.30809999999999998499
-18,90,0.35780000000000000693,0.35780000000000000693
-17,90,0.52980000000000004867,0.52980000000000004867
-16,90,0.51639999999999997016,0.51639999999999997016
-15,90,0.37380000000000002114,0.37380000000000002114
-14,90,0.36099999999999998757,0.36099999999999998757
-13,90,0.55789999999999995151,0.55789999999999995151
-12,90,0.69169999999999998153,0.69169999999999998153
-11,90,0.88480000000000003091,0.88480000000000003091
-10,90,0.67090000000000005187,0.67090000000000005187
-9,90,0.32050000000000000711,0.32050000000000000711
-8,90,0.15479999999999999316,0.15479999999999999316
-7,90,0.10770000000000000406,0.10770000000000000406
-6,90,0.21809999999999998832,0.21809999999999998832
-5,90,0.46510000000000001341,0.46510000000000001341
-4,90,0.73689999999999999947,0.73689999999999999947
-3,90,0.94059999999999999165,0.94059999999999999165
-2,90,0.66020000000000000906,0.66020000000000000906
-1,90,0.10000000000000000555,0.10000000000000000555
0,90,0.03579999999999999849,0.03579999999999999849
1,90,0.063500000000000000888,0.063500000000000000888
2,90,0.22059999999999999054,0.22059999999999999054
3,90,0.31909999999999999476,0.31909999999999999476
4,90,0.50949999999999995293,0.50949999999999995293
5,90,0.80369999999999996998,0.80369999999999996998
6,90,0.15049999999999999489,0.15049999999999999489
7,90,0.087700000000000000178,0.087700000000000000178
8,90,0.062700000000000005729,0.062700000000000005729
9,90,0.064500000000000001776,0.064500000000000001776
10,90,0.079299999999999995492,0.079299999999999995492
11,90,0.14680000000000001381,0.14680000000000001381
12,90,0.13900000000000001243,0.13900000000000001243
13,90,0.23449999999999998623,0.23449999999999998623
14,90,0.34160000000000001474,0.34160000000000001474
15,90,0.3125,0.3125
16,90,0.1549000000000000099,0.1549000000000000099
17,90,0.12790000000000001368,0.12790000000000001368
18,90,0.18160000000000001141,0.18160000000000001141
19,90,0.36830000000000001625,0.36830000000000001625
20,90,0.69469999999999998419,0.69469999999999998419
21,90,0.88929999999999997939,0.88929999999999997939
22,90,0.83089999999999997193,0.83089999999999997193
23,90,0.82630000000000003446,0.82630000000000003446
24,90,0.86490000000000000213,0.86490000000000000213
25,90,0.9659999999999999698,0.9659999999999999698
26,90,0.9474000000000000199,0.9474000000000000199
27,90,0.092799999999999993605,0.092799999999999993605
28,90,0.29899999999999998801,0.29899999999999998801
29,90,0.77290000000000003144,0.77290000000000003144
30,90,0.74860000000000004317,0.74860000000000004317
31,90,0.41670000000000001483,0.41670000000000001483
32,90,0.46710000000000001519,0.46710000000000001519
33,90,0.42549999999999998934,0.42549999999999998934
34,90,0.63309999999999999609,0.63309999999999999609
35,90,0.80849999999999999645,0.80849999999999999645
36,90,0.61290000000000000036,0.61290000000000000036
37,90,0.51529999999999998028,0.51529999999999998028
38,90,0.6983000000000000318,0.6983000000000000318
39,90,0.84819999999999995399,0.84819999999999995399
40,90,0.98890000000000000124,0.98890000000000000124
41,90,0.64400000000000001688,0.64400000000000001688
42,90,0.5822000000000000508,0.5822000000000000508
43,90,0.18410000000000001363,0.18410000000000001363
44,90,0.24349999999999999423,0.24349999999999999423
45,90,0.34010000000000001341,0.34010000000000001341
46,90,0.34649999999999997469,0.34649999999999997469
47,90,0.099500000000000005107,0.099500000000000005107
48,90,0.13300000000000000711,0.13300000000000000711
49,90,0.49170000000000002593,0.49170000000000002593
50,90,0.65620000000000000551,0.65620000000000000551
51,90,0.70609999999999994991,0.70609999999999994991
52,90,0.62509999999999998899,0.62509999999999998899
53,90,0.43780000000000002247,0.43780000000000002247
54,90,0.45379999999999998117,0.45379999999999998117
55,90,0.4375,0.4375
56,90,0.36570000000000002505,0.36570000000000002505
57,90,0.65580000000000004956,0.65580000000000004956
58,90,0.87560000000000004494,0.87560000000000004494
59,90,0.97250000000000003109,0.97250000000000003109
60,90,0.91310000000000002274,0.91310000000000002274
61,90,0.81610000000000004761,0.81610000000000004761
62,90,0.98129999999999995008,0.98129999999999995008
63,90,0.98719999999999996643,0.98719999999999996643
64,90,0.99309999999999998277,0.99309999999999998277
65,90,0.98950000000000004619,0.98950000000000004619
66,90,0.90429999999999999272,0.90429999999999999272
67,90,0.74309999999999998277,0.74309999999999998277
68,90,0.85729999999999995097,0.85729999999999995097
69,90,0.88870000000000004547,0.88870000000000004547
70,90,0.98370000000000001883,0.98370000000000001883
-69,91.25,0.5099000000000000199,0.5099000000000000199
-68,91.25,0.73499999999999998668,0.73499999999999998668
-67,91.25,0.71020000000000005347,0.71020000000000005347
-66,91.25,0.68989999999999995772,0.68989999999999995772
-65,91.25,0.85480000000000000426,0.85480000000000000426
-64,91.25,0.81020000000000003126,0.81020000000000003126
-63,91.25,0.96679999999999999272,0.96679999999999999272
-62,91.25,0.96309999999999995612,0.96309999999999995612
-61,91.25,0.78190000000000003944,0.78190000000000003944
-60,91.25,0.62670000000000003482,0.62670000000000003482
-59,91.25,0.8508999999999999897,0.8508999999999999897
-58,91.25,0.99750000000000005329,0.99750000000000005329
-57,91.25,0.98960000000000003517,0.98960000000000003517
-56,91.25,0.94069999999999998064,0.94069999999999998064
-55,91.25,0.84119999999999994778,0.84119999999999994778
-54,91.25,0.85380000000000000338,0.85380000000000000338
-53,91.25,0.73340000000000005187,0.73340000000000005187
-52,91.25,0.78390000000000004121,0.78390000000000004121
-51,91.25,0.98040000000000004921,0.98040000000000004921
-50,91.25,0.97540000000000004476,0.97540000000000004476
-49,91.25,0.96619999999999994778,0.96619999999999994778
-48,91.25,0.97580000000000000071,0.97580000000000000071
-47,91.25,0.99750000000000005329,0.99750000000000005329
-46,91.25,0.87929999999999997051,0.87929999999999997051
-45,91.25,0.99429999999999996163,0.99429999999999996163
-44,91.25,0.99219999999999997087,0.99219999999999997087
-43,91.25,0.94450000000000000622,0.94450000000000000622
-42,91.25,0.72350000000000003197,0.72350000000000003197
-41,91.25,0.63509999999999999787,0.63509999999999999787
-40,91.25,0.64659999999999995257,0.64659999999999995257
-39,91.25,0.82069999999999998508,0.82069999999999998508
-38,91.25,0.89510000000000000675,0.89510000000000000675
-37,91.25,0.79069999999999995843,0.79069999999999995843
-36,91.25,0.40970000000000000862,0.40970000000000000862
-35,91.25,0.33450000000000001954,0.33450000000000001954
-34,91.25,0.25740000000000001767,0.25740000000000001767
-33,91.25,0.23719999999999999418,0.23719999999999999418
-32,91.25,0.16059999999999999276,0.16059999999999999276
-31,91.25,0.29770000000000002016,0.29770000000000002016
-30,91.25,0.74509999999999998455,0.74509999999999998455
-29,91.25,0.97260000000000002007,0.97260000000000002007
-28,91.25,0.98440000000000005276,0.98440000000000005276
-27,91.25,0.42109999999999997433,0.42109999999999997433
-26,91.25,0.21609999999999998654,0.21609999999999998654
-25,91.25,0.54430000000000000604,0.54430000000000000604
-24,91.25,0.46000000000000001998,0.46000000000000001998
-23,91.25,0.54520000000000001794,0.54520000000000001794
-22,91.25,0.33469999999999999751,0.33469999999999999751
-21,91.25,0.3534999999999999809,0.3534999999999999809
-20,91.25,0.4526999999999999913,0.4526999999999999913
-19,91.25,0.60550000000000003819,0.60550000000000003819
-18,91.25,0.69140000000000001457,0.69140000000000001457
-17,91.25,0.79790000000000005365,0.79790000000000005365
-16,91.25,0.77310000000000000941,0.77310000000000000941
-15,91.25,0.44629999999999997451,0.44629999999999997451
-14,91.25,0.48249999999999998446,0.48249999999999998446
-13,91.25,0.79569999999999996287,0.79569999999999996287
-12,91.25,0.86339999999999994529,0.86339999999999994529
-11,91.25,0.74829999999999996518,0.74829999999999996518
-10,91.25,0.4481999999999999873,0.4481999999999999873
-9,91.25,0.20569999999999999396,0.20569999999999999396
-8,91.25,0.08069999999999999396,0.08069999999999999396
-7,91.25,0.056599999999999997535,0.056599999999999997535
-6,91.25,0.13300000000000000711,0.13300000000000000711
-5,91.25,0.33719999999999999973,0.33719999999999999973
-4,91.25,0.58879999999999999005,0.58879999999999999005
-3,91.25,0.95240000000000002434,0.95240000000000002434
-2,91.25,0.70399999999999995914,0.70399999999999995914
-1,91.25,0.16900000000000001132,0.16900000000000001132
0,91.25,0.049700000000000001121,0.049700000000000001121
1,91.25,0.077499999999999999445,0.077499999999999999445
2,91.25,0.19279999999999999916,0.19279999999999999916
3,91.25,0.31390000000000001235,0.31390000000000001235
4,91.25,0.59330000000000004956,0.59330000000000004956
5,91.25,0.79879999999999995453,0.79879999999999995453
6,91.25,0.12349999999999999867,0.12349999999999999867
7,91.25,0.043900000000000001521,0.043900000000000001521
8,91.25,0.01490000000000000005,0.01490000000000000005
9,91.25,0.021200000000000000094,0.021200000000000000094
10,91.25,0.033000000000000001554,0.033000000000000001554
11,91.25,0.062600000000000002864,0.062600000000000002864
12,91.25,0.1221000000000000002,0.1221000000000000002
13,91.25,0.080000000000000001665,0.080000000000000001665
14,91.25,0.1472999999999999865,0.1472999999999999865
15,91.25,0.13630000000000000449,0.13630000000000000449
16,91.25,0.098100000000000006639,0.098100000000000006639
17,91.25,0.11070000000000000673,0.11070000000000000673
18,91.25,0.23219999999999998974,0.23219999999999998974
19,91.25,0.35809999999999997389,0.35809999999999997389
20,91.25,0.5652000000000000357,0.5652000000000000357
21,91.25,0.90300000000000002487,0.90300000000000002487
22,91.25,0.96450000000000002398,0.96450000000000002398
23,91.25,0.92910000000000003695,0.92910000000000003695
24,91.25,0.89600000000000001865,0.89600000000000001865
25,91.25,0.8016999999999999682,0.8016999999999999682
26,91.25,0.76259999999999994458,0.76259999999999994458
27,91.25,0.030999999999999999778,0.030999999999999999778
28,91.25,0.044400000000000001965,0.044400000000000001965
29,91.25,0.68859999999999998987,0.68859999999999998987
30,91.25,0.91420000000000001261,0.91420000000000001261
31,91.25,0.3650999999999999801,0.3650999999999999801
32,91.25,0.40529999999999999361,0.40529999999999999361
33,91.25,0.55420000000000002593,0.55420000000000002593
34,91.25,0.8106999999999999762,0.8106999999999999762
35,91.25,0.75860000000000005205,0.75860000000000005205
36,91.25,0.61529999999999995808,0.61529999999999995808
37,91.25,0.64459999999999995079,0.64459999999999995079
38,91.25,0.84440000000000003944,0.84440000000000003944
39,91.25,0.90639999999999998348,0.90639999999999998348
40,91.25,0.90729999999999999538,0.90729999999999999538
41,91.25,0.89519999999999999574,0.89519999999999999574
42,91.25,0.78990000000000004654,0.78990000000000004654
43,91.25,0.19480000000000000093,0.19480000000000000093
44,91.25,0.32209999999999999742,0.32209999999999999742
45,91.25,0.29880000000000001004,0.29880000000000001004
46,91.25,0.34060000000000001386,0.34060000000000001386
47,91.25,0.26800000000000001599,0.26800000000000001599
48,91.25,0.41449999999999997957,0.41449999999999997957
49,91.25,0.81769999999999998241,0.81769999999999998241
50,91.25,0.84889999999999998792,0.84889999999999998792
51,91.25,0.80179999999999995719,0.80179999999999995719
52,91.25,0.75260000000000004672,0.75260000000000004672
53,91.25,0.89980000000000004423,0.89980000000000004423
54,91.25,0.78900000000000003464,0.78900000000000003464
55,91.25,0.53169999999999995044,0.53169999999999995044
56,91.25,0.53300000000000002931,0.53300000000000002931
57,91.25,0.64459999999999995079,0.64459999999999995079
58,91.25,0.86309999999999997833,0.86309999999999997833
59,91.25,0.98640000000000005453,0.98640000000000005453
60,91.25,0.90229999999999999094,0.90229999999999999094
61,91.25,0.6989999999999999547,0.6989999999999999547
62,91.25,0.97130000000000005222,0.97130000000000005222
63,91.25,0.96040000000000003144,0.96040000000000003144
64,91.25,0.98060000000000002718,0.98060000000000002718
65,91.25,0.91679999999999994831,0.91679999999999994831
66,91.25,0.83469999999999999751,0.83469999999999999751
67,91.25,0.70479999999999998206,0.70479999999999998206
68,91.25,0.74270000000000002682,0.74270000000000002682
69,91.25,0.83499999999999996447,0.83499999999999996447
70,91.25,0.97389999999999998792,0.97389999999999998792
-69,92.5,0.50549999999999994937,0.50549999999999994937
-68,92.5,0.66320000000000001172,0.66320000000000001172
-67,92.5,0.7775999999999999579,0.7775999999999999579
-66,92.5,0.76839999999999997193,0.76839999999999997193
-65,92.5,0.86319999999999996732,0.86319999999999996732
-64,92.5,0.50309999999999999165,0.50309999999999999165
-63,92.5,0.73370000000000001883,0.73370000000000001883
-62,92.5,0.91100000000000003197,0.91100000000000003197
-61,92.5,0.75239999999999995772,0.75239999999999995772
-60,92.5,0.69969999999999998863,0.69969999999999998863
-59,92.5,0.95340000000000002522,0.95340000000000002522
-58,92.5,0.99339999999999994973,0.99339999999999994973
-57,92.5,0.99070000000000002505,0.99070000000000002505
-56,92.5,0.94340000000000001634,0.94340000000000001634
-55,92.5,0.90420000000000000373,0.90420000000000000373
-54,92.5,0.96140000000000003233,0.96140000000000003233
-53,92.5,0.74580000000000001847,0.74580000000000001847
-52,92.5,0.8338999999999999746,0.8338999999999999746
-51,92.5,0.95469999999999999307,0.95469999999999999307
-50,92.5,0.94869999999999998774,0.94869999999999998774
-49,92.5,0.95550000000000001599,0.95550000000000001599
-48,92.5,0.9257999999999999563,0.9257999999999999563
-47,92.5,0.90290000000000003588,0.90290000000000003588
-46,92.5,0.67130000000000000782,0.67130000000000000782
-45,92.5,0.97670000000000001261,0.97670000000000001261
-44,92.5,0.97780000000000000249,0.97780000000000000249
-43,92.5,0.93720000000000003304,0.93720000000000003304
-42,92.5,0.83160000000000000586,0.83160000000000000586
-41,92.5,0.58560000000000000941,0.58560000000000000941
-40,92.5,0.62870000000000003659,0.62870000000000003659
-39,92.5,0.89090000000000002522,0.89090000000000002522
-38,92.5,0.92949999999999999289,0.92949999999999999289
-37,92.5,0.71050000000000002043,0.71050000000000002043
-36,92.5,0.5188000000000000389,0.5188000000000000389
-35,92.5,0.29409999999999997256,0.29409999999999997256
-34,92.5,0.37550000000000000044,0.37550000000000000044
-33,92.5,0.33939999999999997948,0.33939999999999997948
-32,92.5,0.3340000000000000191,0.3340000000000000191
-31,92.5,0.50009999999999998899,0.50009999999999998899
-30,92.5,0.89959999999999995524,0.89959999999999995524
-29,92.5,0.82120000000000004103,0.82120000000000004103
-28,92.5,0.87629999999999996785,0.87629999999999996785
-27,92.5,0.47580000000000000071,0.47580000000000000071
-26,92.5,0.46289999999999997815,0.46289999999999997815
-25,92.5,0.47960000000000002629,0.47960000000000002629
-24,92.5,0.48809999999999997833,0.48809999999999997833
-23,92.5,0.62690000000000001279,0.62690000000000001279
-22,92.5,0.55149999999999999023,0.55149999999999999023
-21,92.5,0.46920000000000000595,0.46920000000000000595
-20,92.5,0.63190000000000001723,0.63190000000000001723
-19,92.5,0.90310000000000001386,0.90310000000000001386
-18,92.5,0.81620000000000003659,0.81620000000000003659
-17,92.5,0.92720000000000002416,0.92720000000000002416
-16,92.5,0.82979999999999998206,0.82979999999999998206
-15,92.5,0.60640000000000005009,0.60640000000000005009
-14,92.5,0.68979999999999996874,0.68979999999999996874
-13,92.5,0.94069999999999998064,0.94069999999999998064
-12,92.5,0.78029999999999999361,0.78029999999999999361
-11,92.5,0.53820000000000001172,0.53820000000000001172
-10,92.5,0.30759999999999998455,0.30759999999999998455
-9,92.5,0.20210000000000000187,0.20210000000000000187
-8,92.5,0.075999999999999998113,0.075999999999999998113
-7,92.5,0.044299999999999999101,0.044299999999999999101
-6,92.5,0.093200000000000005063,0.093200000000000005063
-5,92.5,0.23069999999999998841,0.23069999999999998841
-4,92.5,0.34310000000000001608,0.34310000000000001608
-3,92.5,0.79320000000000001616,0.79320000000000001616
-2,92.5,0.40820000000000000728,0.40820000000000000728
-1,92.5,0.16289999999999998925,0.16289999999999998925
0,92.5,0.060499999999999998224,0.060499999999999998224
1,92.5,0.12659999999999999032,0.12659999999999999032
2,92.5,0.22339999999999998748,0.22339999999999998748
3,92.5,0.18570000000000000395,0.18570000000000000395
4,92.5,0.35220000000000001306,0.35220000000000001306
5,92.5,0.482099999999999973,0.482099999999999973
6,92.5,0.064199999999999993183,0.064199999999999993183
7,92.5,0.015400000000000000494,0.015400000000000000494
8,92.5,0.0065999999999999999639,0.0065999999999999999639
9,92.5,0.0085000000000000006106,0.0085000000000000006106
10,92.5,0.014800000000000000655,0.014800000000000000655
11,92.5,0.030200000000000001149,0.030200000000000001149
12,92.5,0.074999999999999997224,0.074999999999999997224
13,92.5,0.084000000000000005218,0.084000000000000005218
14,92.5,0.12650000000000000133,0.12650000000000000133
15,92.5,0.05920000000000000262,0.05920000000000000262
16,92.5,0.035200000000000002121,0.035200000000000002121
17,92.5,0.075999999999999998113,0.075999999999999998113
18,92.5,0.17489999999999999991,0.17489999999999999991
19,92.5,0.41330000000000000071,0.41330000000000000071
20,92.5,0.76619999999999999218,0.76619999999999999218
21,92.5,0.67830000000000001403,0.67830000000000001403
22,92.5,0.73890000000000000124,0.73890000000000000124
23,92.5,0.76690000000000002611,0.76690000000000002611
24,92.5,0.9177999999999999492,0.9177999999999999492
25,92.5,0.72629999999999994564,0.72629999999999994564
26,92.5,0.46949999999999997291,0.46949999999999997291
27,92.5,0.003899999999999999821,0.003899999999999999821
28,92.5,0.0016000000000000000767,0.0016000000000000000767
29,92.5,0.25240000000000001323,0.25240000000000001323
30,92.5,0.66210000000000002185,0.66210000000000002185
31,92.5,0.45750000000000001776,0.45750000000000001776
32,92.5,0.31519999999999998019,0.31519999999999998019
33,92.5,0.6918999999999999595,0.6918999999999999595
34,92.5,0.68850000000000000089,0.68850000000000000089
35,92.5,0.82750000000000001332,0.82750000000000001332
36,92.5,0.50870000000000004103,0.50870000000000004103
37,92.5,0.62900000000000000355,0.62900000000000000355
38,92.5,0.96519999999999994689,0.96519999999999994689
39,92.5,0.88149999999999995026,0.88149999999999995026
40,92.5,0.97009999999999996234,0.97009999999999996234
41,92.5,0.88800000000000001155,0.88800000000000001155
42,92.5,0.90400000000000002576,0.90400000000000002576
43,92.5,0.26029999999999997584,0.26029999999999997584
44,92.5,0.26369999999999998996,0.26369999999999998996
45,92.5,0.21729999999999999316,0.21729999999999999316
46,92.5,0.41439999999999999059,0.41439999999999999059
47,92.5,0.41630000000000000338,0.41630000000000000338
48,92.5,0.76349999999999995648,0.76349999999999995648
49,92.5,0.93259999999999998455,0.93259999999999998455
50,92.5,0.85229999999999994653,0.85229999999999994653
51,92.5,0.85299999999999998046,0.85299999999999998046
52,92.5,0.92689999999999994618,0.92689999999999994618
53,92.5,0.93359999999999998543,0.93359999999999998543
54,92.5,0.74139999999999994795,0.74139999999999994795
55,92.5,0.4900999999999999801,0.4900999999999999801
56,92.5,0.526699999999999946,0.526699999999999946
57,92.5,0.67720000000000002416,0.67720000000000002416
58,92.5,0.79030000000000000249,0.79030000000000000249
59,92.5,0.98529999999999995364,0.98529999999999995364
60,92.5,0.64990000000000003322,0.64990000000000003322
61,92.5,0.68210000000000003961,0.68210000000000003961
62,92.5,0.91600000000000003642,0.91600000000000003642
63,92.5,0.94220000000000003748,0.94220000000000003748
64,92.5,0.95730000000000003979,0.95730000000000003979
65,92.5,0.83189999999999997282,0.83189999999999997282
66,92.5,0.77729999999999999094,0.77729999999999999094
67,92.5,0.65249999999999996891,0.65249999999999996891
68,92.5,0.63070000000000003837,0.63070000000000003837
69,92.5,0.73409999999999997478,0.73409999999999997478
70,92.5,0.97050000000000002931,0.97050000000000002931
-69,93.75,0.49259999999999998233,0.49259999999999998233
-68,93.75,0.69969999999999998863,0.69969999999999998863
-67,93.75,0.88049999999999994937,0.88049999999999994937
-66,93.75,0.87450000000000005507,0.87450000000000005507
-65,93.75,0.86899999999999999467,0.86899999999999999467
-64,93.75,0.44629999999999997451,0.44629999999999997451
-63,93.75,0.58309999999999995168,0.58309999999999995168
-62,93.75,0.86870000000000002771,0.86870000000000002771
-61,93.75,0.7429000000000000048,0.7429000000000000048
-60,93.75,0.71809999999999996056,0.71809999999999996056
-59,93.75,0.92410000000000003251,0.92410000000000003251
-58,93.75,0.88619999999999998774,0.88619999999999998774
-57,93.75,0.94010000000000004672,0.94010000000000004672
-56,93.75,0.96770000000000000462,0.96770000000000000462
-55,93.75,0.97650000000000003464,0.97650000000000003464
-54,93.75,0.96699999999999997069,0.96699999999999997069
-53,93.75,0.91510000000000002451,0.91510000000000002451
-52,93.75,0.97230000000000005311,0.97230000000000005311
-51,93.75,0.94710000000000005294,0.94710000000000005294
-50,93.75,0.92269999999999996465,0.92269999999999996465
-49,93.75,0.94550000000000000711,0.94550000000000000711
-48,93.75,0.88360000000000005205,0.88360000000000005205
-47,93.75,0.60809999999999997389,0.60809999999999997389
-46,93.75,0.64319999999999999396,0.64319999999999999396
-45,93.75,0.97899999999999998135,0.97899999999999998135
-44,93.75,0.98890000000000000124,0.98890000000000000124
-43,93.75,0.94069999999999998064,0.94069999999999998064
-42,93.75,0.80130000000000001226,0.80130000000000001226
-41,93.75,0.48430000000000000826,0.48430000000000000826
-40,93.75,0.65200000000000002398,0.65200000000000002398
-39,93.75,0.93999999999999994671,0.93999999999999994671
-38,93.75,0.94389999999999996128,0.94389999999999996128
-37,93.75,0.70369999999999999218,0.70369999999999999218
-36,93.75,0.4159999999999999809,0.4159999999999999809
-35,93.75,0.23080000000000000515,0.23080000000000000515
-34,93.75,0.35310000000000002496,0.35310000000000002496
-33,93.75,0.33829999999999998961,0.33829999999999998961
-32,93.75,0.39589999999999997415,0.39589999999999997415
-31,93.75,0.34120000000000000329,0.34120000000000000329
-30,93.75,0.79049999999999998046,0.79049999999999998046
-29,93.75,0.7079999999999999627,0.7079999999999999627
-28,93.75,0.76119999999999998774,0.76119999999999998774
-27,93.75,0.62199999999999999734,0.62199999999999999734
-26,93.75,0.53110000000000001652,0.53110000000000001652
-25,93.75,0.72960000000000002629,0.72960000000000002629
-24,93.75,0.64919999999999999929,0.64919999999999999929
-23,93.75,0.77470000000000005524,0.77470000000000005524
-22,93.75,0.86170000000000002149,0.86170000000000002149
-21,93.75,0.7670000000000000151,0.7670000000000000151
-20,93.75,0.92820000000000002505,0.92820000000000002505
-19,93.75,0.94850000000000000977,0.94850000000000000977
-18,93.75,0.7153000000000000469,0.7153000000000000469
-17,93.75,0.86890000000000000568,0.86890000000000000568
-16,93.75,0.95850000000000001865,0.95850000000000001865
-15,93.75,0.91049999999999997602,0.91049999999999997602
-14,93.75,0.8784999999999999476,0.8784999999999999476
-13,93.75,0.7543999999999999595,0.7543999999999999595
-12,93.75,0.47110000000000001874,0.47110000000000001874
-11,93.75,0.37130000000000001892,0.37130000000000001892
-10,93.75,0.22200000000000000289,0.22200000000000000289
-9,93.75,0.16930000000000000604,0.16930000000000000604
-8,93.75,0.064299999999999996048,0.064299999999999996048
-7,93.75,0.033899999999999999578,0.033899999999999999578
-6,93.75,0.068500000000000005329,0.068500000000000005329
-5,93.75,0.17039999999999999591,0.17039999999999999591
-4,93.75,0.24010000000000000786,0.24010000000000000786
-3,93.75,0.61980000000000001759,0.61980000000000001759
-2,93.75,0.36180000000000001048,0.36180000000000001048
-1,93.75,0.15040000000000000591,0.15040000000000000591
0,93.75,0.061899999999999996692,0.061899999999999996692
1,93.75,0.11079999999999999571,0.11079999999999999571
2,93.75,0.18499999999999999778,0.18499999999999999778
3,93.75,0.24079999999999998628,0.24079999999999998628
4,93.75,0.30009999999999997788,0.30009999999999997788
5,93.75,0.58069999999999999396,0.58069999999999999396
6,93.75,0.040099999999999996758,0.040099999999999996758
7,93.75,0.013499999999999999847,0.013499999999999999847
8,93.75,0.0061999999999999997821,0.0061999999999999997821
9,93.75,0.0061999999999999997821,0.0061999999999999997821
10,93.75,0.0082000000000000006911,0.0082000000000000006911
11,93.75,0.030300000000000000544,0.030300000000000000544
12,93.75,0.10130000000000000115,0.10130000000000000115
13,93.75,0.1233999999999999958,0.1233999999999999958
14,93.75,0.061300000000000000322,0.061300000000000000322
15,93.75,0.039899999999999997968,0.039899999999999997968
16,93.75,0.022100000000000001588,0.022100000000000001588
17,93.75,0.021299999999999999489,0.021299999999999999489
18,93.75,0.037999999999999999056,0.037999999999999999056
19,93.75,0.052299999999999999267,0.052299999999999999267
20,93.75,0.2909999999999999809,0.2909999999999999809
21,93.75,0.29089999999999999192,0.29089999999999999192
22,93.75,0.53239999999999998437,0.53239999999999998437
23,93.75,0.62370000000000003215,0.62370000000000003215
24,93.75,0.94699999999999995293,0.94699999999999995293
25,93.75,0.69579999999999997407,0.69579999999999997407
26,93.75,0.93549999999999999822,0.93549999999999999822
27,93.75,0.007700000000000000247,0.007700000000000000247
28,93.75,0.0061000000000000003872,0.0061000000000000003872
29,93.75,0.088099999999999997757,0.088099999999999997757
30,93.75,0.73240000000000005098,0.73240000000000005098
31,93.75,0.58330000000000004068,0.58330000000000004068
32,93.75,0.1134000000000000008,0.1134000000000000008
33,93.75,0.57940000000000002611,0.57940000000000002611
34,93.75,0.68920000000000003482,0.68920000000000003482
35,93.75,0.93959999999999999076,0.93959999999999999076
36,93.75,0.53869999999999995666,0.53869999999999995666
37,93.75,0.69889999999999996572,0.69889999999999996572
38,93.75,0.95120000000000004547,0.95120000000000004547
39,93.75,0.93640000000000001013,0.93640000000000001013
40,93.75,0.95430000000000003713,0.95430000000000003713
41,93.75,0.9043999999999999817,0.9043999999999999817
42,93.75,0.60129999999999994564,0.60129999999999994564
43,93.75,0.60380000000000000338,0.60380000000000000338
44,93.75,0.31130000000000002114,0.31130000000000002114
45,93.75,0.2371000000000000052,0.2371000000000000052
46,93.75,0.39529999999999998472,0.39529999999999998472
47,93.75,0.25559999999999999387,0.25559999999999999387
48,93.75,0.79569999999999996287,0.79569999999999996287
49,93.75,0.95699999999999996181,0.95699999999999996181
50,93.75,0.95750000000000001776,0.95750000000000001776
51,93.75,0.77449999999999996625,0.77449999999999996625
52,93.75,0.98529999999999995364,0.98529999999999995364
53,93.75,0.96889999999999998348,0.96889999999999998348
54,93.75,0.90029999999999998916,0.90029999999999998916
55,93.75,0.44400000000000000577,0.44400000000000000577
56,93.75,0.40999999999999997558,0.40999999999999997558
57,93.75,0.53439999999999998614,0.53439999999999998614
58,93.75,0.82960000000000000409,0.82960000000000000409
59,93.75,0.87729999999999996874,0.87729999999999996874
60,93.75,0.60199999999999997957,0.60199999999999997957
61,93.75,0.70040000000000002256,0.70040000000000002256
62,93.75,0.85160000000000002363,0.85160000000000002363
63,93.75,0.93459999999999998632,0.93459999999999998632
64,93.75,0.96169999999999999929,0.96169999999999999929
65,93.75,0.89580000000000004068,0.89580000000000004068
66,93.75,0.79600000000000004086,0.79600000000000004086
67,93.75,0.56259999999999998899,0.56259999999999998899
68,93.75,0.5204999999999999627,0.5204999999999999627
69,93.75,0.71519999999999994689,0.71519999999999994689
70,93.75,0.95640000000000002789,0.95640000000000002789
-69,95,0.44759999999999999787,0.44759999999999999787
-68,95,0.76290000000000002256,0.76290000000000002256
-67,95,0.93589999999999995417,0.93589999999999995417
-66,95,0.95789999999999997371,0.95789999999999997371
-65,95,0.88929999999999997939,0.88929999999999997939
-64,95,0.56640000000000001457,0.56640000000000001457
-63,95,0.59619999999999995222,0.59619999999999995222
-62,95,0.87909999999999999254,0.87909999999999999254
-61,95,0.78010000000000001563,0.78010000000000001563
-60,95,0.77590000000000003411,0.77590000000000003411
-59,95,0.78669999999999995488,0.78669999999999995488
-58,95,0.68389999999999995239,0.68389999999999995239
-57,95,0.79720000000000001972,0.79720000000000001972
-56,95,0.95999999999999996447,0.95999999999999996447
-55,95,0.86099999999999998757,0.86099999999999998757
-54,95,0.94910000000000005471,0.94910000000000005471
-53,95,0.9251000000000000334,0.9251000000000000334
-52,95,0.9956000000000000405,0.9956000000000000405
-51,95,0.9028000000000000469,0.9028000000000000469
-50,95,0.97519999999999995577,0.97519999999999995577
-49,95,0.99760000000000004228,0.99760000000000004228
-48,95,0.83650000000000002132,0.83650000000000002132
-47,95,0.44829999999999997629,0.44829999999999997629
-46,95,0.7400999999999999801,0.7400999999999999801
-45,95,0.97580000000000000071,0.97580000000000000071
-44,95,0.99180000000000001492,0.99180000000000001492
-43,95,0.93089999999999994973,0.93089999999999994973
-42,95,0.73219999999999996199,0.73219999999999996199
-41,95,0.53159999999999996145,0.53159999999999996145
-40,95,0.85760000000000002895,0.85760000000000002895
-39,95,0.99919999999999997708,0.99919999999999997708
-38,95,0.97289999999999998703,0.97289999999999998703
-37,95,0.47120000000000000773,0.47120000000000000773
-36,95,0.29249999999999998224,0.29249999999999998224
-35,95,0.19089999999999998637,0.19089999999999998637
-34,95,0.21499999999999999667,0.21499999999999999667
-33,95,0.14060000000000000275,0.14060000000000000275
-32,95,0.24970000000000000528,0.24970000000000000528
-31,95,0.27760000000000001341,0.27760000000000001341
-30,95,0.58369999999999999662,0.58369999999999999662
-29,95,0.35139999999999999014,0.35139999999999999014
-28,95,0.59479999999999999538,0.59479999999999999538
-27,95,0.63500000000000000888,0.63500000000000000888
-26,95,0.38819999999999998952,0.38819999999999998952
-25,95,0.94350000000000000533,0.94350000000000000533
-24,95,0.91169999999999995488,0.91169999999999995488
-23,95,0.91659999999999997033,0.91659999999999997033
-22,95,0.98660000000000003251,0.98660000000000003251
-21,95,0.97550000000000003375,0.97550000000000003375
-20,95,0.99439999999999995062,0.99439999999999995062
-19,95,0.85909999999999997478,0.85909999999999997478
-18,95,0.58140000000000002789,0.58140000000000002789
-17,95,0.86309999999999997833,0.86309999999999997833
-16,95,0.89219999999999999307,0.89219999999999999307
-15,95,0.66390000000000004565,0.66390000000000004565
-14,95,0.58740000000000003322,0.58740000000000003322
-13,95,0.52820000000000000284,0.52820000000000000284
-12,95,0.26540000000000002478,0.26540000000000002478
-11,95,0.18490000000000000879,0.18490000000000000879
-10,95,0.20019999999999998908,0.20019999999999998908
-9,95,0.13900000000000001243,0.13900000000000001243
-8,95,0.052600000000000000921,0.052600000000000000921
-7,95,0.02670000000000000151,0.02670000000000000151
-6,95,0.054100000000000002254,0.054100000000000002254
-5,95,0.16450000000000000733,0.16450000000000000733
-4,95,0.20319999999999999174,0.20319999999999999174
-3,95,0.44629999999999997451,0.44629999999999997451
-2,95,0.5590000000000000524,0.5590000000000000524
-1,95,0.192000000000000004,0.192000000000000004
0,95,0.16980000000000000648,0.16980000000000000648
1,95,0.15190000000000000724,0.15190000000000000724
2,95,0.19059999999999999165,0.19059999999999999165
3,95,0.17910000000000000919,0.17910000000000000919
4,95,0.10979999999999999483,0.10979999999999999483
5,95,0.81899999999999995026,0.81899999999999995026
6,95,0.037800000000000000266,0.037800000000000000266
7,95,0.012800000000000000613,0.012800000000000000613
8,95,0.0091000000000000004496,0.0091000000000000004496
9,95,0.0063000000000000000444,0.0063000000000000000444
10,95,0.0050000000000000001041,0.0050000000000000001041
11,95,0.026399999999999999856,0.026399999999999999856
12,95,0.051499999999999997169,0.051499999999999997169
13,95,0.090599999999999999978,0.090599999999999999978
14,95,0.047000000000000000111,0.047000000000000000111
15,95,0.017500000000000001665,0.017500000000000001665
16,95,0.010000000000000000208,0.010000000000000000208
17,95,0.0097999999999999996836,0.0097999999999999996836
18,95,0.017500000000000001665,0.017500000000000001665
19,95,0.049799999999999997047,0.049799999999999997047
20,95,0.1378999999999999948,0.1378999999999999948
21,95,0.21990000000000001212,0.21990000000000001212
22,95,0.34510000000000001785,0.34510000000000001785
23,95,0.74160000000000003695,0.74160000000000003695
24,95,0.66400000000000003464,0.66400000000000003464
25,95,0.7026999999999999913,0.7026999999999999913
26,95,0.64170000000000004814,0.64170000000000004814
27,95,0.12479999999999999427,0.12479999999999999427
28,95,0.0064000000000000003067,0.0064000000000000003067
29,95,0.016500000000000000777,0.016500000000000000777
30,95,0.30190000000000000169,0.30190000000000000169
31,95,0.81499999999999994671,0.81499999999999994671
32,95,0.12410000000000000198,0.12410000000000000198
33,95,0.31209999999999998854,0.31209999999999998854
34,95,0.71089999999999997637,0.71089999999999997637
35,95,0.92749999999999999112,0.92749999999999999112
36,95,0.58279999999999998472,0.58279999999999998472
37,95,0.65780000000000005134,0.65780000000000005134
38,95,0.66900000000000003908,0.66900000000000003908
39,95,0.81650000000000000355,0.81650000000000000355
40,95,0.92369999999999996554,0.92369999999999996554
41,95,0.83240000000000002878,0.83240000000000002878
42,95,0.69569999999999998508,0.69569999999999998508
43,95,0.42940000000000000391,0.42940000000000000391
44,95,0.54159999999999997033,0.54159999999999997033
45,95,0.42899999999999999245,0.42899999999999999245
46,95,0.17330000000000000959,0.17330000000000000959
47,95,0.20180000000000000715,0.20180000000000000715
48,95,0.56889999999999996128,0.56889999999999996128
49,95,0.93830000000000002292,0.93830000000000002292
50,95,0.9526999999999999913,0.9526999999999999913
51,95,0.97819999999999995843,0.97819999999999995843
52,95,0.98170000000000001705,0.98170000000000001705
53,95,0.99050000000000004707,0.99050000000000004707
54,95,0.96870000000000000551,0.96870000000000000551
55,95,0.39750000000000001998,0.39750000000000001998
56,95,0.36540000000000000258,0.36540000000000000258
57,95,0.42070000000000001839,0.42070000000000001839
58,95,0.73399999999999998579,0.73399999999999998579
59,95,0.69259999999999999343,0.69259999999999999343
60,95,0.59379999999999999449,0.59379999999999999449
61,95,0.73709999999999997744,0.73709999999999997744
62,95,0.90480000000000004867,0.90480000000000004867
63,95,0.97479999999999999982,0.97479999999999999982
64,95,0.9588999999999999746,0.9588999999999999746
65,95,0.93530000000000002025,0.93530000000000002025
66,95,0.79859999999999997655,0.79859999999999997655
67,95,0.51980000000000003979,0.51980000000000003979
68,95,0.43619999999999997664,0.43619999999999997664
69,95,0.79959999999999997744,0.79959999999999997744
70,95,0.96970000000000000639,0.96970000000000000639
-69,96.25,0.3875000000000000111,0.3875000000000000111
-68,96.25,0.7490999999999999881,0.7490999999999999881
-67,96.25,0.94779999999999997584,0.94779999999999997584
-66,96.25,0.97829999999999994742,0.97829999999999994742
-65,96.25,0.84909999999999996589,0.84909999999999996589
-64,96.25,0.67439999999999999947,0.67439999999999999947
-63,96.25,0.61299999999999998934,0.61299999999999998934
-62,96.25,0.86040000000000005365,0.86040000000000005365
-61,96.25,0.84530000000000005134,0.84530000000000005134
-60,96.25,0.82450000000000001066,0.82450000000000001066
-59,96.25,0.71409999999999995701,0.71409999999999995701
-58,96.25,0.64970000000000005524,0.64970000000000005524
-57,96.25,0.85670000000000001705,0.85670000000000001705
-56,96.25,0.72840000000000004743,0.72840000000000004743
-55,96.25,0.69620000000000004103,0.69620000000000004103
-54,96.25,0.92940000000000000391,0.92940000000000000391
-53,96.25,0.91839999999999999414,0.91839999999999999414
-52,96.25,0.99370000000000002771,0.99370000000000002771
-51,96.25,0.94579999999999997407,0.94579999999999997407
-50,96.25,0.76160000000000005471,0.76160000000000005471
-49,96.25,0.85899999999999998579,0.85899999999999998579
-48,96.25,0.65410000000000001474,0.65410000000000001474
-47,96.25,0.40250000000000002442,0.40250000000000002442
-46,96.25,0.90220000000000000195,0.90220000000000000195
-45,96.25,0.99350000000000004974,0.99350000000000004974
-44,96.25,0.96169999999999999929,0.96169999999999999929
-43,96.25,0.93620000000000003215,0.93620000000000003215
-42,96.25,0.82369999999999998774,0.82369999999999998774
-41,96.25,0.77239999999999997549,0.77239999999999997549
-40,96.25,0.95789999999999997371,0.95789999999999997371
-39,96.25,0.98729999999999995541,0.98729999999999995541
-38,96.25,0.94340000000000001634,0.94340000000000001634
-37,96.25,0.33939999999999997948,0.33939999999999997948
-36,96.25,0.24899999999999999911,0.24899999999999999911
-35,96.25,0.15690000000000001168,0.15690000000000001168
-34,96.25,0.16400000000000000688,0.16400000000000000688
-33,96.25,0.11329999999999999793,0.11329999999999999793
-32,96.25,0.17289999999999999813,0.17289999999999999813
-31,96.25,0.35909999999999997478,0.35909999999999997478
-30,96.25,0.60960000000000003073,0.60960000000000003073
-29,96.25,0.37490000000000001101,0.37490000000000001101
-28,96.25,0.47210000000000001963,0.47210000000000001963
-27,96.25,0.34660000000000001918,0.34660000000000001918
-26,96.25,0.52649999999999996803,0.52649999999999996803
-25,96.25,0.90820000000000000728,0.90820000000000000728
-24,96.25,0.92420000000000002149,0.92420000000000002149
-23,96.25,0.88790000000000002256,0.88790000000000002256
-22,96.25,0.8811999999999999833,0.8811999999999999833
-21,96.25,0.97199999999999997513,0.97199999999999997513
-20,96.25,0.99639999999999995239,0.99639999999999995239
-19,96.25,0.85140000000000004565,0.85140000000000004565
-18,96.25,0.48780000000000001137,0.48780000000000001137
-17,96.25,0.53729999999999999982,0.53729999999999999982
-16,96.25,0.65229999999999999094,0.65229999999999999094
-15,96.25,0.39519999999999999574,0.39519999999999999574
-14,96.25,0.26219999999999998863,0.26219999999999998863
-13,96.25,0.28830000000000000071,0.28830000000000000071
-12,96.25,0.19259999999999999343,0.19259999999999999343
-11,96.25,0.13370000000000001328,0.13370000000000001328
-10,96.25,0.1436999999999999944,0.1436999999999999944
-9,96.25,0.09500000000000000111,0.09500000000000000111
-8,96.25,0.046499999999999999667,0.046499999999999999667
-7,96.25,0.02050000000000000086,0.02050000000000000086
-6,96.25,0.024099999999999999895,0.024099999999999999895
-5,96.25,0.086699999999999999289,0.086699999999999999289
-4,96.25,0.24219999999999999862,0.24219999999999999862
-3,96.25,0.51139999999999996572,0.51139999999999996572
-2,96.25,0.66229999999999999982,0.66229999999999999982
-1,96.25,0.12889999999999998681,0.12889999999999998681
0,96.25,0.05999999999999999778,0.05999999999999999778
1,96.25,0.050999999999999996725,0.050999999999999996725
2,96.25,0.011299999999999999281,0.011299999999999999281
3,96.25,0.0025999999999999998807,0.0025999999999999998807
4,96.25,0.0075999999999999999847,0.0075999999999999999847
5,96.25,0.47549999999999997824,0.47549999999999997824
6,96.25,0.046699999999999998457,0.046699999999999998457
7,96.25,0.0086999999999999994005,0.0086999999999999994005
8,96.25,0.010300000000000000128,0.010300000000000000128
9,96.25,0.0091000000000000004496,0.0091000000000000004496
10,96.25,0.0057999999999999996003,0.0057999999999999996003
11,96.25,0.021399999999999998884,0.021399999999999998884
12,96.25,0.03309999999999999748,0.03309999999999999748
13,96.25,0.0269000000000000003,0.0269000000000000003
14,96.25,0.018100000000000001504,0.018100000000000001504
15,96.25,0.0094000000000000003691,0.0094000000000000003691
16,96.25,0.0027000000000000001429,0.0027000000000000001429
17,96.25,0.0044000000000000002651,0.0044000000000000002651
18,96.25,0.0025999999999999998807,0.0025999999999999998807
19,96.25,0.0040000000000000000833,0.0040000000000000000833
20,96.25,0.0074000000000000003275,0.0074000000000000003275
21,96.25,0.018100000000000001504,0.018100000000000001504
22,96.25,0.10730000000000000648,0.10730000000000000648
23,96.25,0.54990000000000005542,0.54990000000000005542
24,96.25,0.84299999999999997158,0.84299999999999997158
25,96.25,0.68950000000000000178,0.68950000000000000178
26,96.25,0.43480000000000001981,0.43480000000000001981
27,96.25,0.083799999999999999489,0.083799999999999999489
28,96.25,0.015499999999999999889,0.015499999999999999889
29,96.25,0.013100000000000000533,0.013100000000000000533
30,96.25,0.067599999999999993427,0.067599999999999993427
31,96.25,0.70020000000000004459,0.70020000000000004459
32,96.25,0.098599999999999993205,0.098599999999999993205
33,96.25,0.18690000000000001057,0.18690000000000001057
34,96.25,0.68649999999999999911,0.68649999999999999911
35,96.25,0.85160000000000002363,0.85160000000000002363
36,96.25,0.63609999999999999876,0.63609999999999999876
37,96.25,0.67379999999999995453,0.67379999999999995453
38,96.25,0.85609999999999997211,0.85609999999999997211
39,96.25,0.75790000000000001812,0.75790000000000001812
40,96.25,0.85280000000000000249,0.85280000000000000249
41,96.25,0.73740000000000005542,0.73740000000000005542
42,96.25,0.74599999999999999645,0.74599999999999999645
43,96.25,0.43459999999999998632,0.43459999999999998632
44,96.25,0.7874999999999999778,0.7874999999999999778
45,96.25,0.41499999999999998002,0.41499999999999998002
46,96.25,0.093600000000000002642,0.093600000000000002642
47,96.25,0.14860000000000000986,0.14860000000000000986
48,96.25,0.35339999999999999192,0.35339999999999999192
49,96.25,0.87109999999999998543,0.87109999999999998543
50,96.25,0.89149999999999995914,0.89149999999999995914
51,96.25,0.82999999999999996003,0.82999999999999996003
52,96.25,0.92310000000000003162,0.92310000000000003162
53,96.25,0.98770000000000002238,0.98770000000000002238
54,96.25,0.95689999999999997282,0.95689999999999997282
55,96.25,0.46650000000000002576,0.46650000000000002576
56,96.25,0.26929999999999998384,0.26929999999999998384
57,96.25,0.66679999999999994831,0.66679999999999994831
58,96.25,0.7741000000000000103,0.7741000000000000103
59,96.25,0.7150999999999999579,0.7150999999999999579
60,96.25,0.68340000000000000746,0.68340000000000000746
61,96.25,0.87619999999999997886,0.87619999999999997886
62,96.25,0.9900999999999999801,0.9900999999999999801
63,96.25,0.99170000000000002593,0.99170000000000002593
64,96.25,0.96040000000000003144,0.96040000000000003144
65,96.25,0.93789999999999995595,0.93789999999999995595
66,96.25,0.78320000000000000728,0.78320000000000000728
67,96.25,0.56410000000000004583,0.56410000000000004583
68,96.25,0.4490999999999999992,0.4490999999999999992
69,96.25,0.77569999999999994511,0.77569999999999994511
70,96.25,0.98999999999999999112,0.98999999999999999112
-69,97.5,0.41330000000000000071,0.41330000000000000071
-68,97.5,0.65859999999999996323,0.65859999999999996323
-67,97.5,0.92249999999999998668,0.92249999999999998668
-66,97.5,0.97929999999999994831,0.97929999999999994831
-65,97.5,0.78449999999999997513,0.78449999999999997513
-64,97.5,0.64649999999999996358,0.64649999999999996358
-63,97.5,0.71699999999999997069,0.71699999999999997069
-62,97.5,0.76029999999999997584,0.76029999999999997584
-61,97.5,0.89280000000000003801,0.89280000000000003801
-60,97.5,0.89139999999999997016,0.89139999999999997016
-59,97.5,0.8697000000000000286,0.8697000000000000286
-58,97.5,0.77949999999999997069,0.77949999999999997069
-57,97.5,0.98689999999999999947,0.98689999999999999947
-56,97.5,0.62549999999999994493,0.62549999999999994493
-55,97.5,0.69569999999999998508,0.69569999999999998508
-54,97.5,0.92589999999999994529,0.92589999999999994529
-53,97.5,0.94220000000000003748,0.94220000000000003748
-52,97.5,0.94410000000000005027,0.94410000000000005027
-51,97.5,0.76810000000000000497,0.76810000000000000497
-50,97.5,0.53300000000000002931,0.53300000000000002931
-49,97.5,0.73009999999999997122,0.73009999999999997122
-48,97.5,0.52590000000000003411,0.52590000000000003411
-47,97.5,0.54790000000000005365,0.54790000000000005365
-46,97.5,0.98640000000000005453,0.98640000000000005453
-45,97.5,0.99980000000000002203,0.99980000000000002203
-44,97.5,0.97270000000000000906,0.97270000000000000906
-43,97.5,0.97880000000000000338,0.97880000000000000338
-42,97.5,0.88709999999999999964,0.88709999999999999964
-41,97.5,0.85760000000000002895,0.85760000000000002895
-40,97.5,0.97379999999999999893,0.97379999999999999893
-39,97.5,0.99190000000000000391,0.99190000000000000391
-38,97.5,0.64190000000000002611,0.64190000000000002611
-37,97.5,0.33839999999999997859,0.33839999999999997859
-36,97.5,0.33960000000000001297,0.33960000000000001297
-35,97.5,0.27800000000000002487,0.27800000000000002487
-34,97.5,0.2316999999999999893,0.2316999999999999893
-33,97.5,0.13430000000000000271,0.13430000000000000271
-32,97.5,0.21579999999999999183,0.21579999999999999183
-31,97.5,0.48680000000000001048,0.48680000000000001048
-30,97.5,0.50609999999999999432,0.50609999999999999432
-29,97.5,0.34570000000000000728,0.34570000000000000728
-28,97.5,0.36609999999999998099,0.36609999999999998099
-27,97.5,0.33700000000000002176,0.33700000000000002176
-26,97.5,0.49159999999999998144,0.49159999999999998144
-25,97.5,0.5813000000000000389,0.5813000000000000389
-24,97.5,0.55889999999999995239,0.55889999999999995239
-23,97.5,0.79539999999999999591,0.79539999999999999591
-22,97.5,0.79590000000000005187,0.79590000000000005187
-21,97.5,0.94650000000000000799,0.94650000000000000799
-20,97.5,0.96840000000000003855,0.96840000000000003855
-19,97.5,0.79700000000000004174,0.79700000000000004174
-18,97.5,0.43399999999999999689,0.43399999999999999689
-17,97.5,0.28870000000000001217,0.28870000000000001217
-16,97.5,0.30990000000000000879,0.30990000000000000879
-15,97.5,0.25790000000000001812,0.25790000000000001812
-14,97.5,0.19070000000000000839,0.19070000000000000839
-13,97.5,0.13480000000000000315,0.13480000000000000315
-12,97.5,0.14399999999999998912,0.14399999999999998912
-11,97.5,0.12670000000000000706,0.12670000000000000706
-10,97.5,0.097100000000000005751,0.097100000000000005751
-9,97.5,0.0682999999999999996,0.0682999999999999996
-8,97.5,0.041300000000000003375,0.041300000000000003375
-7,97.5,0.025200000000000000178,0.025200000000000000178
-6,97.5,0.023400000000000000661,0.023400000000000000661
-5,97.5,0.092200000000000004174,0.092200000000000004174
-4,97.5,0.48249999999999998446,0.48249999999999998446
-3,97.5,0.88260000000000005116,0.88260000000000005116
-2,97.5,0.38009999999999999343,0.38009999999999999343
-1,97.5,0.010800000000000000572,0.010800000000000000572
0,97.5,0.0043000000000000000028,0.0043000000000000000028
1,97.5,0.00899999999999999932,0.00899999999999999932
2,97.5,0.00080000000000000003834,0.00080000000000000003834
3,97.5,0.084299999999999999933,0.084299999999999999933
4,97.5,0.073099999999999998312,0.073099999999999998312
5,97.5,0.021100000000000000699,0.021100000000000000699
6,97.5,0.011799999999999999725,0.011799999999999999725
7,97.5,0.003299999999999999982,0.003299999999999999982
8,97.5,0.0051999999999999997613,0.0051999999999999997613
9,97.5,0.0061000000000000003872,0.0061000000000000003872
10,97.5,0.0053000000000000000236,0.0053000000000000000236
11,97.5,0.012900000000000000008,0.012900000000000000008
12,97.5,0.015299999999999999364,0.015299999999999999364
13,97.5,0.015800000000000001543,0.015800000000000001543
14,97.5,0.010099999999999999603,0.010099999999999999603
15,97.5,0.0065999999999999999639,0.0065999999999999999639
16,97.5,0.0030000000000000000625,0.0030000000000000000625
17,97.5,0.0033999999999999998106,0.0033999999999999998106
18,97.5,0.0013999999999999999858,0.0013999999999999999858
19,97.5,0.0030999999999999998911,0.0030999999999999998911
20,97.5,0.0067999999999999996211,0.0067999999999999996211
21,97.5,0.024699999999999999734,0.024699999999999999734
22,97.5,0.12540000000000001146,0.12540000000000001146
23,97.5,0.69450000000000000622,0.69450000000000000622
24,97.5,0.8518000000000000016,0.8518000000000000016
25,97.5,0.67700000000000004619,0.67700000000000004619
26,97.5,0.42970000000000002638,0.42970000000000002638
27,97.5,0.08959999999999999909,0.08959999999999999909
28,97.5,0.025999999999999998807,0.025999999999999998807
29,97.5,0.086599999999999996425,0.086599999999999996425
30,97.5,0.2277000000000000135,0.2277000000000000135
31,97.5,0.5275999999999999579,0.5275999999999999579
32,97.5,0.21019999999999999796,0.21019999999999999796
33,97.5,0.192000000000000004,0.192000000000000004
34,97.5,0.60899999999999998579,0.60899999999999998579
35,97.5,0.76090000000000002078,0.76090000000000002078
36,97.5,0.45479999999999998206,0.45479999999999998206
37,97.5,0.76529999999999998028,0.76529999999999998028
38,97.5,0.94059999999999999165,0.94059999999999999165
39,97.5,0.84670000000000000817,0.84670000000000000817
40,97.5,0.75970000000000004192,0.75970000000000004192
41,97.5,0.77290000000000003144,0.77290000000000003144
42,97.5,0.61299999999999998934,0.61299999999999998934
43,97.5,0.57650000000000001243,0.57650000000000001243
44,97.5,0.8025999999999999801,0.8025999999999999801
45,97.5,0.54320000000000001616,0.54320000000000001616
46,97.5,0.087300000000000002598,0.087300000000000002598
47,97.5,0.10979999999999999483,0.10979999999999999483
48,97.5,0.30349999999999999201,0.30349999999999999201
49,97.5,0.82030000000000002913,0.82030000000000002913
50,97.5,0.79590000000000005187,0.79590000000000005187
51,97.5,0.7911000000000000254,0.7911000000000000254
52,97.5,0.84609999999999996323,0.84609999999999996323
53,97.5,0.86980000000000001759,0.86980000000000001759
54,97.5,0.84209999999999995968,0.84209999999999995968
55,97.5,0.4500000000000000111,0.4500000000000000111
56,97.5,0.4356999999999999762,0.4356999999999999762
57,97.5,0.84919999999999995488,0.84919999999999995488
58,97.5,0.79449999999999998401,0.79449999999999998401
59,97.5,0.79159999999999997033,0.79159999999999997033
60,97.5,0.94199999999999994849,0.94199999999999994849
61,97.5,0.99890000000000001013,0.99890000000000001013
62,97.5,0.99809999999999998721,0.99809999999999998721
63,97.5,0.98019999999999996021,0.98019999999999996021
64,97.5,0.87350000000000005418,0.87350000000000005418
65,97.5,0.90569999999999994955,0.90569999999999994955
66,97.5,0.75260000000000004672,0.75260000000000004672
67,97.5,0.64919999999999999929,0.64919999999999999929
68,97.5,0.61080000000000000959,0.61080000000000000959
69,97.5,0.84260000000000001563,0.84260000000000001563
70,97.5,0.94850000000000000977,0.94850000000000000977
-69,98.75,0.48809999999999997833,0.48809999999999997833
-68,98.75,0.64970000000000005524,0.64970000000000005524
-67,98.75,0.89749999999999996447,0.89749999999999996447
-66,98.75,0.93240000000000000657,0.93240000000000000657
-65,98.75,0.71619999999999994778,0.71619999999999994778
-64,98.75,0.62470000000000003304,0.62470000000000003304
-63,98.75,0.68999999999999994671,0.68999999999999994671
-62,98.75,0.60309999999999996945,0.60309999999999996945
-61,98.75,0.8561999999999999611,0.8561999999999999611
-60,98.75,0.93969999999999997975,0.93969999999999997975
-59,98.75,0.92530000000000001137,0.92530000000000001137
-58,98.75,0.93449999999999999734,0.93449999999999999734
-57,98.75,0.98999999999999999112,0.98999999999999999112
-56,98.75,0.7741000000000000103,0.7741000000000000103
-55,98.75,0.7954999999999999849,0.7954999999999999849
-54,98.75,0.82609999999999994547,0.82609999999999994547
-53,98.75,0.98280000000000000693,0.98280000000000000693
-52,98.75,0.91320000000000001172,0.91320000000000001172
-51,98.75,0.58169999999999999485,0.58169999999999999485
-50,98.75,0.42520000000000002238,0.42520000000000002238
-49,98.75,0.54439999999999999503,0.54439999999999999503
-48,98.75,0.49540000000000000702,0.49540000000000000702
-47,98.75,0.76839999999999997193,0.76839999999999997193
-46,98.75,0.96970000000000000639,0.96970000000000000639
-45,98.75,0.94499999999999995115,0.94499999999999995115
-44,98.75,0.9938000000000000167,0.9938000000000000167
-43,98.75,0.90480000000000004867,0.90480000000000004867
-42,98.75,0.89970000000000005524,0.89970000000000005524
-41,98.75,0.88800000000000001155,0.88800000000000001155
-40,98.75,0.97340000000000004299,0.97340000000000004299
-39,98.75,0.99219999999999997087,0.99219999999999997087
-38,98.75,0.34060000000000001386,0.34060000000000001386
-37,98.75,0.2767999999999999905,0.2767999999999999905
-36,98.75,0.30109999999999997877,0.30109999999999997877
-35,98.75,0.32790000000000002478,0.32790000000000002478
-34,98.75,0.32179999999999997495,0.32179999999999997495
-33,98.75,0.28679999999999999938,0.28679999999999999938
-32,98.75,0.33870000000000000107,0.33870000000000000107
-31,98.75,0.48820000000000002283,0.48820000000000002283
-30,98.75,0.49569999999999997398,0.49569999999999997398
-29,98.75,0.53159999999999996145,0.53159999999999996145
-28,98.75,0.57960000000000000409,0.57960000000000000409
-27,98.75,0.39269999999999999352,0.39269999999999999352
-26,98.75,0.3865999999999999992,0.3865999999999999992
-25,98.75,0.43440000000000000835,0.43440000000000000835
-24,98.75,0.4829999999999999849,0.4829999999999999849
-23,98.75,0.51280000000000003357,0.51280000000000003357
-22,98.75,0.6884000000000000119,0.6884000000000000119
-21,98.75,0.68430000000000001936,0.68430000000000001936
-20,98.75,0.6661000000000000254,0.6661000000000000254
-19,98.75,0.62760000000000004672,0.62760000000000004672
-18,98.75,0.41760000000000002673,0.41760000000000002673
-17,98.75,0.2670000000000000151,0.2670000000000000151
-16,98.75,0.23269999999999999019,0.23269999999999999019
-15,98.75,0.24349999999999999423,0.24349999999999999423
-14,98.75,0.13639999999999999347,0.13639999999999999347
-13,98.75,0.072900000000000006461,0.072900000000000006461
-12,98.75,0.078600000000000003197,0.078600000000000003197
-11,98.75,0.11930000000000000326,0.11930000000000000326
-10,98.75,0.11290000000000000036,0.11290000000000000036
-9,98.75,0.076999999999999999001,0.076999999999999999001
-8,98.75,0.043799999999999998657,0.043799999999999998657
-7,98.75,0.030700000000000001593,0.030700000000000001593
-6,98.75,0.029000000000000001471,0.029000000000000001471
-5,98.75,0.082900000000000001465,0.082900000000000001465
-4,98.75,0.62029999999999996252,0.62029999999999996252
-3,98.75,0.67210000000000003073,0.67210000000000003073
-2,98.75,0.023099999999999999006,0.023099999999999999006
-1,98.75,0.00069999999999999999289,0.00069999999999999999289
0,98.75,0.00010000000000000000479,0.00010000000000000000479
1,98.75,0.0070000000000000001457,0.0070000000000000001457
2,98.75,0.025499999999999998362,0.025499999999999998362
3,98.75,0.89770000000000005347,0.89770000000000005347
4,98.75,0.052999999999999998501,0.052999999999999998501
5,98.75,0.016400000000000001382,0.016400000000000001382
6,98.75,0.0060000000000000001249,0.0060000000000000001249
7,98.75,0.0017999999999999999507,0.0017999999999999999507
8,98.75,0.0057999999999999996003,0.0057999999999999996003
9,98.75,0.013899999999999999162,0.013899999999999999162
10,98.75,0.017000000000000001221,0.017000000000000001221
11,98.75,0.011299999999999999281,0.011299999999999999281
12,98.75,0.011400000000000000411,0.011400000000000000411
13,98.75,0.010800000000000000572,0.010800000000000000572
14,98.75,0.012399999999999999564,0.012399999999999999564
15,98.75,0.014200000000000000816,0.014200000000000000816
16,98.75,0.014699999999999999525,0.014699999999999999525
17,98.75,0.011900000000000000855,0.011900000000000000855
18,98.75,0.011799999999999999725,0.011799999999999999725
19,98.75,0.0070000000000000001457,0.0070000000000000001457
20,98.75,0.007100000000000000408,0.007100000000000000408
21,98.75,0.013799999999999999767,0.013799999999999999767
22,98.75,0.061300000000000000322,0.061300000000000000322
23,98.75,0.61629999999999995897,0.61629999999999995897
24,98.75,0.71840000000000003855,0.71840000000000003855
25,98.75,0.58699999999999996625,0.58699999999999996625
26,98.75,0.46060000000000000941,0.46060000000000000941
27,98.75,0.16100000000000000422,0.16100000000000000422
28,98.75,0.10190000000000000446,0.10190000000000000446
29,98.75,0.20310000000000000275,0.20310000000000000275
30,98.75,0.44659999999999999698,0.44659999999999999698
31,98.75,0.51680000000000003713,0.51680000000000003713
32,98.75,0.57979999999999998206,0.57979999999999998206
33,98.75,0.33069999999999999396,0.33069999999999999396
34,98.75,0.72909999999999997033,0.72909999999999997033
35,98.75,0.69220000000000003748,0.69220000000000003748
36,98.75,0.88149999999999995026,0.88149999999999995026
37,98.75,0.97619999999999995666,0.97619999999999995666
38,98.75,0.95550000000000001599,0.95550000000000001599
39,98.75,0.91800000000000003819,0.91800000000000003819
40,98.75,0.58169999999999999485,0.58169999999999999485
41,98.75,0.67889999999999994795,0.67889999999999994795
42,98.75,0.61399999999999999023,0.61399999999999999023
43,98.75,0.76529999999999998028,0.76529999999999998028
44,98.75,0.89210000000000000409,0.89210000000000000409
45,98.75,0.57750000000000001332,0.57750000000000001332
46,98.75,0.17530000000000001137,0.17530000000000001137
47,98.75,0.10169999999999999873,0.10169999999999999873
48,98.75,0.41749999999999998224,0.41749999999999998224
49,98.75,0.83699999999999996625,0.83699999999999996625
50,98.75,0.68100000000000004974,0.68100000000000004974
51,98.75,0.70430000000000003713,0.70430000000000003713
52,98.75,0.82899999999999995914,0.82899999999999995914
53,98.75,0.78459999999999996412,0.78459999999999996412
54,98.75,0.7311999999999999611,0.7311999999999999611
55,98.75,0.51119999999999998774,0.51119999999999998774
56,98.75,0.53369999999999995222,0.53369999999999995222
57,98.75,0.87660000000000004583,0.87660000000000004583
58,98.75,0.81830000000000002736,0.81830000000000002736
59,98.75,0.85660000000000002807,0.85660000000000002807
60,98.75,0.99719999999999997531,0.99719999999999997531
61,98.75,0.97919999999999995932,0.97919999999999995932
62,98.75,0.99390000000000000568,0.99390000000000000568
63,98.75,0.9161000000000000254,0.9161000000000000254
64,98.75,0.80710000000000003961,0.80710000000000003961
65,98.75,0.82740000000000002434,0.82740000000000002434
66,98.75,0.70230000000000003535,0.70230000000000003535
67,98.75,0.56650000000000000355,0.56650000000000000355
68,98.75,0.47189999999999998614,0.47189999999999998614
69,98.75,0.67420000000000002149,0.67420000000000002149
70,98.75,0.84940000000000004388,0.84940000000000004388
-69,100,0.51890000000000002789,0.51890000000000002789
-68,100,0.68110000000000003872,0.68110000000000003872
-67,100,0.91949999999999998401,0.91949999999999998401
-66,100,0.87019999999999997353,0.87019999999999997353
-65,100,0.68489999999999995328,0.68489999999999995328
-64,100,0.58989999999999997993,0.58989999999999997993
-63,100,0.57889999999999997016,0.57889999999999997016
-62,100,0.51559999999999994724,0.51559999999999994724
-61,100,0.83360000000000000764,0.83360000000000000764
-60,100,0.97170000000000000817,0.97170000000000000817
-59,100,0.99770000000000003126,0.99770000000000003126
-58,100,0.98699999999999998845,0.98699999999999998845
-57,100,0.90620000000000000551,0.90620000000000000551
-56,100,0.94999999999999995559,0.94999999999999995559
-55,100,0.83979999999999999094,0.83979999999999999094
-54,100,0.6599000000000000421,0.6599000000000000421
-53,100,0.95569999999999999396,0.95569999999999999396
-52,100,0.87760000000000004672,0.87760000000000004672
-51,100,0.55679999999999996163,0.55679999999999996163
-50,100,0.45629999999999998339,0.45629999999999998339
-49,100,0.45919999999999999707,0.45919999999999999707
-48,100,0.57830000000000003624,0.57830000000000003624
-47,100,0.88839999999999996749,0.88839999999999996749
-46,100,0.77000000000000001776,0.77000000000000001776
-45,100,0.80279999999999995808,0.80279999999999995808
-44,100,0.93669999999999997708,0.93669999999999997708
-43,100,0.76139999999999996572,0.76139999999999996572
-42,100,0.80249999999999999112,0.80249999999999999112
-41,100,0.79949999999999998845,0.79949999999999998845
-40,100,0.95020000000000004459,0.95020000000000004459
-39,100,0.96809999999999996056,0.96809999999999996056
-38,100,0.40760000000000001785,0.40760000000000001785
-37,100,0.37259999999999998677,0.37259999999999998677
-36,100,0.23999999999999999112,0.23999999999999999112
-35,100,0.38269999999999998463,0.38269999999999998463
-34,100,0.27439999999999997726,0.27439999999999997726
-33,100,0.21110000000000000986,0.21110000000000000986
-32,100,0.2947000000000000175,0.2947000000000000175
-31,100,0.37900000000000000355,0.37900000000000000355
-30,100,0.52600000000000002309,0.52600000000000002309
-29,100,0.40250000000000002442,0.40250000000000002442
-28,100,0.61760000000000003784,0.61760000000000003784
-27,100,0.47129999999999999671,0.47129999999999999671
-26,100,0.44829999999999997629,0.44829999999999997629
-25,100,0.51470000000000004636,0.51470000000000004636
-24,100,0.61250000000000004441,0.61250000000000004441
-23,100,0.64119999999999999218,0.64119999999999999218
-22,100,0.52090000000000002967,0.52090000000000002967
-21,100,0.39900000000000002132,0.39900000000000002132
-20,100,0.44309999999999999387,0.44309999999999999387
-19,100,0.49220000000000002638,0.49220000000000002638
-18,100,0.21790000000000001035,0.21790000000000001035
-17,100,0.17089999999999999636,0.17089999999999999636
-16,100,0.17369999999999999329,0.17369999999999999329
-15,100,0.19289999999999998814,0.19289999999999998814
-14,100,0.12600000000000000089,0.12600000000000000089
-13,100,0.062199999999999998346,0.062199999999999998346
-12,100,0.072200000000000000289,0.072200000000000000289
-11,100,0.092600000000000001754,0.092600000000000001754
-10,100,0.1163000000000000006,0.1163000000000000006
-9,100,0.083500000000000004774,0.083500000000000004774
-8,100,0.040899999999999998856,0.040899999999999998856
-7,100,0.033599999999999997924,0.033599999999999997924
-6,100,0.051299999999999998379,0.051299999999999998379
-5,100,0.18029999999999998805,0.18029999999999998805
-4,100,0.81369999999999997886,0.81369999999999997886
-3,100,0.040899999999999998856,0.040899999999999998856
-2,100,0.0011000000000000000663,0.0011000000000000000663
-1,100,0.00089999999999999997537,0.00089999999999999997537
0,100,0.0067999999999999996211,0.0067999999999999996211
1,100,0.25050000000000000044,0.25050000000000000044
2,100,0.36259999999999997788,0.36259999999999997788
3,100,0.24749999999999999778,0.24749999999999999778
4,100,0.10440000000000000668,0.10440000000000000668
5,100,0.033700000000000000788,0.033700000000000000788
6,100,0.0041999999999999997405,0.0041999999999999997405
7,100,0.003299999999999999982,0.003299999999999999982
8,100,0.0055999999999999999431,0.0055999999999999999431
9,100,0.015599999999999999284,0.015599999999999999284
10,100,0.020799999999999999045,0.020799999999999999045
11,100,0.022200000000000000983,0.022200000000000000983
12,100,0.018200000000000000899,0.018200000000000000899
13,100,0.010200000000000000733,0.010200000000000000733
14,100,0.010000000000000000208,0.010000000000000000208
15,100,0.021100000000000000699,0.021100000000000000699
16,100,0.014099999999999999686,0.014099999999999999686
17,100,0.012999999999999999403,0.012999999999999999403
18,100,0.014300000000000000211,0.014300000000000000211
19,100,0.011900000000000000855,0.011900000000000000855
20,100,0.012800000000000000613,0.012800000000000000613
21,100,0.051099999999999999589,0.051099999999999999589
22,100,0.083699999999999996625,0.083699999999999996625
23,100,0.38279999999999997362,0.38279999999999997362
24,100,0.92900000000000004796,0.92900000000000004796
25,100,0.92610000000000003428,0.92610000000000003428
26,100,0.89300000000000001599,0.89300000000000001599
27,100,0.68950000000000000178,0.68950000000000000178
28,100,0.38019999999999998241,0.38019999999999998241
29,100,0.36290000000000000036,0.36290000000000000036
30,100,0.59760000000000002007,0.59760000000000002007
31,100,0.70089999999999996749,0.70089999999999996749
32,100,0.85519999999999996021,0.85519999999999996021
33,100,0.52700000000000002398,0.52700000000000002398
34,100,0.81940000000000001723,0.81940000000000001723
35,100,0.67979999999999995985,0.67979999999999995985
36,100,0.85629999999999995008,0.85629999999999995008
37,100,0.93869999999999997886,0.93869999999999997886
38,100,0.95960000000000000853,0.95960000000000000853
39,100,0.6463999999999999746,0.6463999999999999746
40,100,0.62660000000000004583,0.62660000000000004583
41,100,0.6909999999999999476,0.6909999999999999476
42,100,0.41389999999999999014,0.41389999999999999014
43,100,0.61429999999999995719,0.61429999999999995719
44,100,0.93640000000000001013,0.93640000000000001013
45,100,0.46570000000000000284,0.46570000000000000284
46,100,0.3286000000000000032,0.3286000000000000032
47,100,0.37869999999999998108,0.37869999999999998108
48,100,0.81049999999999999822,0.81049999999999999822
49,100,0.64249999999999996003,0.64249999999999996003
50,100,0.60650000000000003908,0.60650000000000003908
51,100,0.70150000000000001243,0.70150000000000001243
52,100,0.90980000000000005311,0.90980000000000005311
53,100,0.82899999999999995914,0.82899999999999995914
54,100,0.73260000000000002895,0.73260000000000002895
55,100,0.63959999999999994635,0.63959999999999994635
56,100,0.6884000000000000119,0.6884000000000000119
57,100,0.90180000000000004601,0.90180000000000004601
58,100,0.88000000000000000444,0.88000000000000000444
59,100,0.98790000000000000036,0.98790000000000000036
60,100,0.97750000000000003553,0.97750000000000003553
61,100,0.93200000000000005063,0.93200000000000005063
62,100,0.95869999999999999662,0.95869999999999999662
63,100,0.93000000000000004885,0.93000000000000004885
64,100,0.85989999999999999769,0.85989999999999999769
65,100,0.82199999999999995293,0.82199999999999995293
66,100,0.54349999999999998312,0.54349999999999998312
67,100,0.47889999999999999236,0.47889999999999999236
68,100,0.35539999999999999369,0.35539999999999999369
69,100,0.79500000000000003997,0.79500000000000003997
70,100,0.80349999999999999201,0.80349999999999999201
-69,101.25,0.47210000000000001963,0.47210000000000001963
-68,101.25,0.63749999999999995559,0.63749999999999995559
-67,101.25,0.92500000000000004441,0.92500000000000004441
-66,101.25,0.94089999999999995861,0.94089999999999995861
-65,101.25,0.71479999999999999094,0.71479999999999999094
-64,101.25,0.6132999999999999563,0.6132999999999999563
-63,101.25,0.48980000000000001315,0.48980000000000001315
-62,101.25,0.4829999999999999849,0.4829999999999999849
-61,101.25,0.83279999999999998472,0.83279999999999998472
-60,101.25,0.97980000000000000426,0.97980000000000000426
-59,101.25,1,1
-58,101.25,0.99829999999999996518,0.99829999999999996518
-57,101.25,0.88690000000000002167,0.88690000000000002167
-56,101.25,0.87960000000000004849,0.87960000000000004849
-55,101.25,0.87470000000000003304,0.87470000000000003304
-54,101.25,0.73570000000000002061,0.73570000000000002061
-53,101.25,0.92700000000000004619,0.92700000000000004619
-52,101.25,0.91839999999999999414,0.91839999999999999414
-51,101.25,0.78149999999999997247,0.78149999999999997247
-50,101.25,0.66769999999999996021,0.66769999999999996021
-49,101.25,0.55689999999999995062,0.55689999999999995062
-48,101.25,0.73629999999999995453,0.73629999999999995453
-47,101.25,0.89919999999999999929,0.89919999999999999929
-46,101.25,0.74870000000000003215,0.74870000000000003215
-45,101.25,0.875,0.875
-44,101.25,0.91579999999999994742,0.91579999999999994742
-43,101.25,0.73170000000000001705,0.73170000000000001705
-42,101.25,0.79990000000000005542,0.79990000000000005542
-41,101.25,0.90480000000000004867,0.90480000000000004867
-40,101.25,0.96850000000000002753,0.96850000000000002753
-39,101.25,0.97819999999999995843,0.97819999999999995843
-38,101.25,0.74919999999999997708,0.74919999999999997708
-37,101.25,0.48199999999999998401,0.48199999999999998401
-36,101.25,0.32940000000000002611,0.32940000000000002611
-35,101.25,0.45839999999999997415,0.45839999999999997415
-34,101.25,0.24199999999999999289,0.24199999999999999289
-33,101.25,0.13550000000000000933,0.13550000000000000933
-32,101.25,0.25819999999999998508,0.25819999999999998508
-31,101.25,0.55969999999999997531,0.55969999999999997531
-30,101.25,0.59019999999999994689,0.59019999999999994689
-29,101.25,0.68999999999999994671,0.68999999999999994671
-28,101.25,0.55340000000000000302,0.55340000000000000302
-27,101.25,0.41110000000000002096,0.41110000000000002096
-26,101.25,0.30470000000000002638,0.30470000000000002638
-25,101.25,0.47449999999999997735,0.47449999999999997735
-24,101.25,0.7338999999999999968,0.7338999999999999968
-23,101.25,0.62080000000000001847,0.62080000000000001847
-22,101.25,0.46229999999999998872,0.46229999999999998872
-21,101.25,0.28760000000000002229,0.28760000000000002229
-20,101.25,0.25700000000000000622,0.25700000000000000622
-19,101.25,0.18870000000000000662,0.18870000000000000662
-18,101.25,0.08300000000000000433,0.08300000000000000433
-17,101.25,0.13900000000000001243,0.13900000000000001243
-16,101.25,0.18570000000000000395,0.18570000000000000395
-15,101.25,0.14769999999999999796,0.14769999999999999796
-14,101.25,0.084500000000000005662,0.084500000000000005662
-13,101.25,0.040800000000000002931,0.040800000000000002931
-12,101.25,0.053699999999999997735,0.053699999999999997735
-11,101.25,0.08550000000000000655,0.08550000000000000655
-10,101.25,0.087099999999999996869,0.087099999999999996869
-9,101.25,0.063600000000000003753,0.063600000000000003753
-8,101.25,0.033899999999999999578,0.033899999999999999578
-7,101.25,0.028699999999999999817,0.028699999999999999817
-6,101.25,0.064500000000000001776,0.064500000000000001776
-5,101.25,0.45369999999999999218,0.45369999999999999218
-4,101.25,0.16289999999999998925,0.16289999999999998925
-3,101.25,0.01200000000000000025,0.01200000000000000025
-2,101.25,0.071499999999999994116,0.071499999999999994116
-1,101.25,0.2152000000000000024,0.2152000000000000024
0,101.25,0.90080000000000004512,0.90080000000000004512
1,101.25,0.46210000000000001075,0.46210000000000001075
2,101.25,0.033700000000000000788,0.033700000000000000788
3,101.25,0.0091000000000000004496,0.0091000000000000004496
4,101.25,0.0054000000000000002859,0.0054000000000000002859
5,101.25,0.0030999999999999998911,0.0030999999999999998911
6,101.25,0.0033999999999999998106,0.0033999999999999998106
7,101.25,0.0048999999999999998418,0.0048999999999999998418
8,101.25,0.0068999999999999998834,0.0068999999999999998834
9,101.25,0.018599999999999998479,0.018599999999999998479
10,101.25,0.015900000000000000938,0.015900000000000000938
11,101.25,0.017000000000000001221,0.017000000000000001221
12,101.25,0.019800000000000001626,0.019800000000000001626
13,101.25,0.0063000000000000000444,0.0063000000000000000444
14,101.25,0.011799999999999999725,0.011799999999999999725
15,101.25,0.019599999999999999367,0.019599999999999999367
16,101.25,0.021100000000000000699,0.021100000000000000699
17,101.25,0.024699999999999999734,0.024699999999999999734
18,101.25,0.047699999999999999345,0.047699999999999999345
19,101.25,0.028199999999999999373,0.028199999999999999373
20,101.25,0.039100000000000002809,0.039100000000000002809
21,101.25,0.070499999999999993228,0.070499999999999993228
22,101.25,0.11769999999999999907,0.11769999999999999907
23,101.25,0.30730000000000001759,0.30730000000000001759
24,101.25,0.69810000000000005382,0.69810000000000005382
25,101.25,0.96670000000000000373,0.96670000000000000373
26,101.25,0.9606999999999999984,0.9606999999999999984
27,101.25,0.96050000000000002043,0.96050000000000002043
28,101.25,0.47739999999999999103,0.47739999999999999103
29,101.25,0.33860000000000001208,0.33860000000000001208
30,101.25,0.67100000000000004086,0.67100000000000004086
31,101.25,0.81459999999999999076,0.81459999999999999076
32,101.25,0.7927999999999999492,0.7927999999999999492
33,101.25,0.77510000000000001119,0.77510000000000001119
34,101.25,0.8508999999999999897,0.8508999999999999897
35,101.25,0.68210000000000003961,0.68210000000000003961
36,101.25,0.82530000000000003357,0.82530000000000003357
37,101.25,0.93689999999999995506,0.93689999999999995506
38,101.25,0.97160000000000001918,0.97160000000000001918
39,101.25,0.78420000000000000817,0.78420000000000000817
40,101.25,0.82630000000000003446,0.82630000000000003446
41,101.25,0.76259999999999994458,0.76259999999999994458
42,101.25,0.4758999999999999897,0.4758999999999999897
43,101.25,0.4732000000000000095,0.4732000000000000095
44,101.25,0.7973000000000000087,0.7973000000000000087
45,101.25,0.61629999999999995897,0.61629999999999995897
46,101.25,0.79490000000000005098,0.79490000000000005098
47,101.25,0.89739999999999997549,0.89739999999999997549
48,101.25,0.63719999999999998863,0.63719999999999998863
49,101.25,0.32490000000000002212,0.32490000000000002212
50,101.25,0.42399999999999998801,0.42399999999999998801
51,101.25,0.7215000000000000302,0.7215000000000000302
52,101.25,0.85289999999999999147,0.85289999999999999147
53,101.25,0.94730000000000003091,0.94730000000000003091
54,101.25,0.93030000000000001581,0.93030000000000001581
55,101.25,0.84540000000000004032,0.84540000000000004032
56,101.25,0.94410000000000005027,0.94410000000000005027
57,101.25,0.9213999999999999968,0.9213999999999999968
58,101.25,0.95099999999999995648,0.95099999999999995648
59,101.25,0.96309999999999995612,0.96309999999999995612
60,101.25,0.83209999999999995079,0.83209999999999995079
61,101.25,0.80969999999999997531,0.80969999999999997531
62,101.25,0.86619999999999996998,0.86619999999999996998
63,101.25,0.90069999999999994511,0.90069999999999994511
64,101.25,0.86990000000000000657,0.86990000000000000657
65,101.25,0.71719999999999994866,0.71719999999999994866
66,101.25,0.46670000000000000373,0.46670000000000000373
67,101.25,0.47470000000000001084,0.47470000000000001084
68,101.25,0.54379999999999995008,0.54379999999999995008
69,101.25,0.92930000000000001492,0.92930000000000001492
70,101.25,0.76639999999999997016,0.76639999999999997016
-69,102.5,0.35639999999999999458,0.35639999999999999458
-68,102.5,0.50019999999999997797,0.50019999999999997797
-67,102.5,0.77800000000000002487,0.77800000000000002487
-66,102.5,0.94810000000000005382,0.94810000000000005382
-65,102.5,0.78259999999999996234,0.78259999999999996234
-64,102.5,0.6373999999999999666,0.6373999999999999666
-63,102.5,0.50949999999999995293,0.50949999999999995293
-62,102.5,0.50909999999999999698,0.50909999999999999698
-61,102.5,0.83640000000000003233,0.83640000000000003233
-60,102.5,0.98170000000000001705,0.98170000000000001705
-59,102.5,0.99980000000000002203,0.99980000000000002203
-58,102.5,0.98460000000000003073,0.98460000000000003073
-57,102.5,0.95520000000000004903,0.95520000000000004903
-56,102.5,0.88309999999999999609,0.88309999999999999609
-55,102.5,0.86219999999999996643,0.86219999999999996643
-54,102.5,0.598300000000000054,0.598300000000000054
-53,102.5,0.92900000000000004796,0.92900000000000004796
-52,102.5,0.93410000000000004139,0.93410000000000004139
-51,102.5,0.97189999999999998614,0.97189999999999998614
-50,102.5,0.86729999999999995985,0.86729999999999995985
-49,102.5,0.8295000000000000151,0.8295000000000000151
-48,102.5,0.87700000000000000178,0.87700000000000000178
-47,102.5,0.97989999999999999325,0.97989999999999999325
-46,102.5,0.86380000000000001226,0.86380000000000001226
-45,102.5,0.92279999999999995364,0.92279999999999995364
-44,102.5,0.89780000000000004245,0.89780000000000004245
-43,102.5,0.6079999999999999849,0.6079999999999999849
-42,102.5,0.8598000000000000087,0.8598000000000000087
-41,102.5,0.90090000000000003411,0.90090000000000003411
-40,102.5,0.93720000000000003304,0.93720000000000003304
-39,102.5,0.95669999999999999485,0.95669999999999999485
-38,102.5,0.95089999999999996749,0.95089999999999996749
-37,102.5,0.79210000000000002629,0.79210000000000002629
-36,102.5,0.35949999999999998623,0.35949999999999998623
-35,102.5,0.18870000000000000662,0.18870000000000000662
-34,102.5,0.30590000000000000524,0.30590000000000000524
-33,102.5,0.3714000000000000079,0.3714000000000000079
-32,102.5,0.3527000000000000135,0.3527000000000000135
-31,102.5,0.70240000000000002434,0.70240000000000002434
-30,102.5,0.72719999999999995755,0.72719999999999995755
-29,102.5,0.61240000000000005542,0.61240000000000005542
-28,102.5,0.50509999999999999343,0.50509999999999999343
-27,102.5,0.31319999999999997842,0.31319999999999997842
-26,102.5,0.41310000000000002274,0.41310000000000002274
-25,102.5,0.75049999999999994493,0.75049999999999994493
-24,102.5,0.79059999999999996945,0.79059999999999996945
-23,102.5,0.55920000000000003038,0.55920000000000003038
-22,102.5,0.36980000000000001759,0.36980000000000001759
-21,102.5,0.22470000000000001084,0.22470000000000001084
-20,102.5,0.12199999999999999734,0.12199999999999999734
-19,102.5,0.098500000000000004219,0.098500000000000004219
-18,102.5,0.074099999999999999201,0.074099999999999999201
-17,102.5,0.10530000000000000471,0.10530000000000000471
-16,102.5,0.13009999999999999343,0.13009999999999999343
-15,102.5,0.05650000000000000161,0.05650000000000000161
-14,102.5,0.048500000000000001443,0.048500000000000001443
-13,102.5,0.048899999999999999023,0.048899999999999999023
-12,102.5,0.053499999999999998945,0.053499999999999998945
-11,102.5,0.073300000000000004041,0.073300000000000004041
-10,102.5,0.064199999999999993183,0.064199999999999993183
-9,102.5,0.044299999999999999101,0.044299999999999999101
-8,102.5,0.026999999999999999695,0.026999999999999999695
-7,102.5,0.025499999999999998362,0.025499999999999998362
-6,102.5,0.10140000000000000402,0.10140000000000000402
-5,102.5,0.41999999999999998446,0.41999999999999998446
-4,102.5,0.35189999999999999059,0.35189999999999999059
-3,102.5,0.69179999999999997051,0.69179999999999997051
-2,102.5,0.084599999999999994649,0.084599999999999994649
-1,102.5,0.19789999999999999258,0.19789999999999999258
0,102.5,0.25069999999999997842,0.25069999999999997842
1,102.5,0.087400000000000005462,0.087400000000000005462
2,102.5,0.0071999999999999998029,0.0071999999999999998029
3,102.5,0.0017999999999999999507,0.0017999999999999999507
4,102.5,0.00050000000000000001041,0.00050000000000000001041
5,102.5,0.0020999999999999998702,0.0020999999999999998702
6,102.5,0.0097000000000000002887,0.0097000000000000002887
7,102.5,0.0097000000000000002887,0.0097000000000000002887
8,102.5,0.0094000000000000003691,0.0094000000000000003691
9,102.5,0.011499999999999999806,0.011499999999999999806
10,102.5,0.0086999999999999994005,0.0086999999999999994005
11,102.5,0.012600000000000000089,0.012600000000000000089
12,102.5,0.014800000000000000655,0.014800000000000000655
13,102.5,0.014399999999999999606,0.014399999999999999606
14,102.5,0.036100000000000000144,0.036100000000000000144
15,102.5,0.078100000000000002753,0.078100000000000002753
16,102.5,0.11450000000000000455,0.11450000000000000455
17,102.5,0.13039999999999998814,0.13039999999999998814
18,102.5,0.14399999999999998912,0.14399999999999998912
19,102.5,0.12559999999999998943,0.12559999999999998943
20,102.5,0.12520000000000000573,0.12520000000000000573
21,102.5,0.16050000000000000377,0.16050000000000000377
22,102.5,0.33260000000000000675,0.33260000000000000675
23,102.5,0.25469999999999998197,0.25469999999999998197
24,102.5,0.30949999999999999734,0.30949999999999999734
25,102.5,0.75490000000000001545,0.75490000000000001545
26,102.5,0.91659999999999997033,0.91659999999999997033
27,102.5,0.74950000000000005507,0.74950000000000005507
28,102.5,0.54330000000000000515,0.54330000000000000515
29,102.5,0.73580000000000000959,0.73580000000000000959
30,102.5,0.97740000000000004654,0.97740000000000004654
31,102.5,0.96840000000000003855,0.96840000000000003855
32,102.5,0.96150000000000002132,0.96150000000000002132
33,102.5,0.9848000000000000087,0.9848000000000000087
34,102.5,0.84050000000000002487,0.84050000000000002487
35,102.5,0.73450000000000004174,0.73450000000000004174
36,102.5,0.73670000000000002149,0.73670000000000002149
37,102.5,0.83699999999999996625,0.83699999999999996625
38,102.5,0.87209999999999998632,0.87209999999999998632
39,102.5,0.88500000000000000888,0.88500000000000000888
40,102.5,0.59789999999999998703,0.59789999999999998703
41,102.5,0.49370000000000002771,0.49370000000000002771
42,102.5,0.56969999999999998419,0.56969999999999998419
43,102.5,0.63300000000000000711,0.63300000000000000711
44,102.5,0.50149999999999994582,0.50149999999999994582
45,102.5,0.78729999999999999982,0.78729999999999999982
46,102.5,0.80820000000000002949,0.80820000000000002949
47,102.5,0.65020000000000000018,0.65020000000000000018
48,102.5,0.46060000000000000941,0.46060000000000000941
49,102.5,0.29739999999999999769,0.29739999999999999769
50,102.5,0.50580000000000002736,0.50580000000000002736
51,102.5,0.59889999999999998792,0.59889999999999998792
52,102.5,0.91129999999999999893,0.91129999999999999893
53,102.5,0.9929000000000000048,0.9929000000000000048
54,102.5,0.96919999999999995044,0.96919999999999995044
55,102.5,0.86760000000000003784,0.86760000000000003784
56,102.5,0.90359999999999995879,0.90359999999999995879
57,102.5,0.91229999999999999982,0.91229999999999999982
58,102.5,0.96550000000000002487,0.96550000000000002487
59,102.5,0.79330000000000000515,0.79330000000000000515
60,102.5,0.59860000000000002096,0.59860000000000002096
61,102.5,0.70989999999999997549,0.70989999999999997549
62,102.5,0.85419999999999995932,0.85419999999999995932
63,102.5,0.80520000000000002682,0.80520000000000002682
64,102.5,0.89059999999999994724,0.89059999999999994724
65,102.5,0.74429999999999996163,0.74429999999999996163
66,102.5,0.41530000000000000249,0.41530000000000000249
67,102.5,0.45819999999999999618,0.45819999999999999618
68,102.5,0.87160000000000004139,0.87160000000000004139
69,102.5,0.9347999999999999643,0.9347999999999999643
70,102.5,0.65539999999999998259,0.65539999999999998259
-69,103.75,0.25590000000000001634,0.25590000000000001634
-68,103.75,0.31719999999999998197,0.31719999999999998197
-67,103.75,0.67779999999999995808,0.67779999999999995808
-66,103.75,0.93899999999999994582,0.93899999999999994582
-65,103.75,0.84289999999999998259,0.84289999999999998259
-64,103.75,0.67279999999999995364,0.67279999999999995364
-63,103.75,0.64500000000000001776,0.64500000000000001776
-62,103.75,0.60419999999999995932,0.60419999999999995932
-61,103.75,0.8777000000000000357,0.8777000000000000357
-60,103.75,0.99099999999999999201,0.99099999999999999201
-59,103.75,0.97789999999999999147,0.97789999999999999147
-58,103.75,0.9972999999999999643,0.9972999999999999643
-57,103.75,0.93540000000000000924,0.93540000000000000924
-56,103.75,0.95469999999999999307,0.95469999999999999307
-55,103.75,0.70299999999999995826,0.70299999999999995826
-54,103.75,0.60660000000000002807,0.60660000000000002807
-53,103.75,0.91739999999999999325,0.91739999999999999325
-52,103.75,0.95379999999999998117,0.95379999999999998117
-51,103.75,0.98070000000000001616,0.98070000000000001616
-50,103.75,0.95289999999999996927,0.95289999999999996927
-49,103.75,0.95740000000000002878,0.95740000000000002878
-48,103.75,0.93349999999999999645,0.93349999999999999645
-47,103.75,0.9572000000000000508,0.9572000000000000508
-46,103.75,0.93049999999999999378,0.93049999999999999378
-45,103.75,0.82960000000000000409,0.82960000000000000409
-44,103.75,0.76729999999999998206,0.76729999999999998206
-43,103.75,0.74719999999999997531,0.74719999999999997531
-42,103.75,0.77910000000000001474,0.77910000000000001474
-41,103.75,0.91539999999999999147,0.91539999999999999147
-40,103.75,0.99399999999999999467,0.99399999999999999467
-39,103.75,0.99799999999999999822,0.99799999999999999822
-38,103.75,0.82410000000000005471,0.82410000000000005471
-37,103.75,0.64370000000000004992,0.64370000000000004992
-36,103.75,0.15290000000000000813,0.15290000000000000813
-35,103.75,0.10030000000000000027,0.10030000000000000027
-34,103.75,0.53359999999999996323,0.53359999999999996323
-33,103.75,0.68799999999999994493,0.68799999999999994493
-32,103.75,0.46639999999999998126,0.46639999999999998126
-31,103.75,0.70230000000000003535,0.70230000000000003535
-30,103.75,0.7376000000000000334,0.7376000000000000334
-29,103.75,0.68000000000000004885,0.68000000000000004885
-28,103.75,0.41760000000000002673,0.41760000000000002673
-27,103.75,0.41699999999999998179,0.41699999999999998179
-26,103.75,0.74399999999999999467,0.74399999999999999467
-25,103.75,0.69599999999999995204,0.69599999999999995204
-24,103.75,0.87719999999999997975,0.87719999999999997975
-23,103.75,0.79649999999999998579,0.79649999999999998579
-22,103.75,0.54449999999999998401,0.54449999999999998401
-21,103.75,0.27510000000000001119,0.27510000000000001119
-20,103.75,0.11700000000000000677,0.11700000000000000677
-19,103.75,0.11650000000000000633,0.11650000000000000633
-18,103.75,0.051299999999999998379,0.051299999999999998379
-17,103.75,0.081400000000000000133,0.081400000000000000133
-16,103.75,0.082500000000000003886,0.082500000000000003886
-15,103.75,0.038800000000000001155,0.038800000000000001155
-14,103.75,0.047600000000000003419,0.047600000000000003419
-13,103.75,0.049399999999999999467,0.049399999999999999467
-12,103.75,0.060900000000000002742,0.060900000000000002742
-11,103.75,0.060799999999999999878,0.060799999999999999878
-10,103.75,0.049200000000000000677,0.049200000000000000677
-9,103.75,0.034500000000000002887,0.034500000000000002887
-8,103.75,0.031300000000000001432,0.031300000000000001432
-7,103.75,0.032199999999999999456,0.032199999999999999456
-6,103.75,0.082799999999999998601,0.082799999999999998601
-5,103.75,0.24449999999999999512,0.24449999999999999512
-4,103.75,0.089999999999999996669,0.089999999999999996669
-3,103.75,0.039699999999999999178,0.039699999999999999178
-2,103.75,0.00899999999999999932,0.00899999999999999932
-1,103.75,0.017000000000000001221,0.017000000000000001221
0,103.75,0.042200000000000001399,0.042200000000000001399
1,103.75,0.028500000000000001027,0.028500000000000001027
2,103.75,0.009599999999999999159,0.009599999999999999159
3,103.75,0.0013999999999999999858,0.0013999999999999999858
4,103.75,0.003899999999999999821,0.003899999999999999821
5,103.75,0.0057999999999999996003,0.0057999999999999996003
6,103.75,0.010399999999999999523,0.010399999999999999523
7,103.75,0.018399999999999999689,0.018399999999999999689
8,103.75,0.012500000000000000694,0.012500000000000000694
9,103.75,0.0045999999999999999223,0.0045999999999999999223
10,103.75,0.0037999999999999999924,0.0037999999999999999924
11,103.75,0.016500000000000000777,0.016500000000000000777
12,103.75,0.021600000000000001144,0.021600000000000001144
13,103.75,0.01779999999999999985,0.01779999999999999985
14,103.75,0.024400000000000001549,0.024400000000000001549
15,103.75,0.10449999999999999567,0.10449999999999999567
16,103.75,0.21110000000000000986,0.21110000000000000986
17,103.75,0.1607000000000000095,0.1607000000000000095
18,103.75,0.10430000000000000382,0.10430000000000000382
19,103.75,0.09790000000000000091,0.09790000000000000091
20,103.75,0.36870000000000002771,0.36870000000000002771
21,103.75,0.80230000000000001315,0.80230000000000001315
22,103.75,0.81200000000000005507,0.81200000000000005507
23,103.75,0.71260000000000001119,0.71260000000000001119
24,103.75,0.25130000000000002336,0.25130000000000002336
25,103.75,0.7097999999999999865,0.7097999999999999865
26,103.75,0.88060000000000004938,0.88060000000000004938
27,103.75,0.75870000000000004103,0.75870000000000004103
28,103.75,0.78249999999999997335,0.78249999999999997335
29,103.75,0.46629999999999999227,0.46629999999999999227
30,103.75,0.60729999999999995097,0.60729999999999995097
31,103.75,0.88949999999999995737,0.88949999999999995737
32,103.75,0.7125000000000000222,0.7125000000000000222
33,103.75,0.93520000000000003126,0.93520000000000003126
34,103.75,0.60509999999999997122,0.60509999999999997122
35,103.75,0.53010000000000001563,0.53010000000000001563
36,103.75,0.81489999999999995772,0.81489999999999995772
37,103.75,0.73550000000000004263,0.73550000000000004263
38,103.75,0.45119999999999998996,0.45119999999999998996
39,103.75,0.48099999999999998312,0.48099999999999998312
40,103.75,0.55120000000000002327,0.55120000000000002327
41,103.75,0.19950000000000001066,0.19950000000000001066
42,103.75,0.31140000000000001013,0.31140000000000001013
43,103.75,0.44579999999999997407,0.44579999999999997407
44,103.75,0.51639999999999997016,0.51639999999999997016
45,103.75,0.55989999999999995328,0.55989999999999995328
46,103.75,0.62099999999999999645,0.62099999999999999645
47,103.75,0.59940000000000004388,0.59940000000000004388
48,103.75,0.5213999999999999746,0.5213999999999999746
49,103.75,0.53729999999999999982,0.53729999999999999982
50,103.75,0.59619999999999995222,0.59619999999999995222
51,103.75,0.67179999999999995275,0.67179999999999995275
52,103.75,0.92000000000000003997,0.92000000000000003997
53,103.75,0.9418999999999999595,0.9418999999999999595
54,103.75,0.96430000000000004601,0.96430000000000004601
55,103.75,0.91559999999999996945,0.91559999999999996945
56,103.75,0.90549999999999997158,0.90549999999999997158
57,103.75,0.83630000000000004334,0.83630000000000004334
58,103.75,0.93179999999999996163,0.93179999999999996163
59,103.75,0.70809999999999995168,0.70809999999999995168
60,103.75,0.58579999999999998739,0.58579999999999998739
61,103.75,0.72729999999999994653,0.72729999999999994653
62,103.75,0.88759999999999994458,0.88759999999999994458
63,103.75,0.83789999999999997815,0.83789999999999997815
64,103.75,0.96719999999999994866,0.96719999999999994866
65,103.75,0.86950000000000005063,0.86950000000000005063
66,103.75,0.61470000000000002416,0.61470000000000002416
67,103.75,0.53020000000000000462,0.53020000000000000462
68,103.75,0.98990000000000000213,0.98990000000000000213
69,103.75,0.81879999999999997229,0.81879999999999997229
70,103.75,0.56310000000000004494,0.56310000000000004494
-69,105,0.21809999999999998832,0.21809999999999998832
-68,105,0.19400000000000000577,0.19400000000000000577
-67,105,0.60670000000000001705,0.60670000000000001705
-66,105,0.90749999999999997335,0.90749999999999997335
-65,105,0.86109999999999997655,0.86109999999999997655
-64,105,0.67300000000000004263,0.67300000000000004263
-63,105,0.77710000000000001297,0.77710000000000001297
-62,105,0.81679999999999997051,0.81679999999999997051
-61,105,0.93979999999999996874,0.93979999999999996874
-60,105,0.97780000000000000249,0.97780000000000000249
-59,105,0.98890000000000000124,0.98890000000000000124
-58,105,0.99899999999999999911,0.99899999999999999911
-57,105,0.97440000000000004388,0.97440000000000004388
-56,105,0.91400000000000003464,0.91400000000000003464
-55,105,0.87670000000000003482,0.87670000000000003482
-54,105,0.78769999999999995577,0.78769999999999995577
-53,105,0.90659999999999996145,0.90659999999999996145
-52,105,0.93430000000000001936,0.93430000000000001936
-51,105,0.91900000000000003908,0.91900000000000003908
-50,105,0.90449999999999997069,0.90449999999999997069
-49,105,0.9536000000000000032,0.9536000000000000032
-48,105,0.82989999999999997105,0.82989999999999997105
-47,105,0.96130000000000004334,0.96130000000000004334
-46,105,0.93259999999999998455,0.93259999999999998455
-45,105,0.53139999999999998348,0.53139999999999998348
-44,105,0.6206000000000000405,0.6206000000000000405
-43,105,0.85260000000000002451,0.85260000000000002451
-42,105,0.76680000000000003713,0.76680000000000003713
-41,105,0.8025999999999999801,0.8025999999999999801
-40,105,0.91839999999999999414,0.91839999999999999414
-39,105,0.97289999999999998703,0.97289999999999998703
-38,105,0.72960000000000002629,0.72960000000000002629
-37,105,0.63839999999999996749,0.63839999999999996749
-36,105,0.22539999999999998925,0.22539999999999998925
-35,105,0.37259999999999998677,0.37259999999999998677
-34,105,0.62639999999999995683,0.62639999999999995683
-33,105,0.63880000000000003446,0.63880000000000003446
-32,105,0.67610000000000003428,0.67610000000000003428
-31,105,0.80240000000000000213,0.80240000000000000213
-30,105,0.4893000000000000127,0.4893000000000000127
-29,105,0.46229999999999998872,0.46229999999999998872
-28,105,0.48790000000000000036,0.48790000000000000036
-27,105,0.65059999999999995612,0.65059999999999995612
-26,105,0.83199999999999996181,0.83199999999999996181
-25,105,0.78510000000000002007,0.78510000000000002007
-24,105,0.93340000000000000746,0.93340000000000000746
-23,105,0.81110000000000004317,0.81110000000000004317
-22,105,0.47360000000000002096,0.47360000000000002096
-21,105,0.2048999999999999988,0.2048999999999999988
-20,105,0.089300000000000004374,0.089300000000000004374
-19,105,0.065699999999999994515,0.065699999999999994515
-18,105,0.068900000000000002909,0.068900000000000002909
-17,105,0.15540000000000001035,0.15540000000000001035
-16,105,0.1121000000000000052,0.1121000000000000052
-15,105,0.087900000000000005906,0.087900000000000005906
-14,105,0.056399999999999998745,0.056399999999999998745
-13,105,0.057799999999999997213,0.057799999999999997213
-12,105,0.049599999999999998257,0.049599999999999998257
-11,105,0.046899999999999997247,0.046899999999999997247
-10,105,0.045199999999999997125,0.045199999999999997125
-9,105,0.031500000000000000222,0.031500000000000000222
-8,105,0.049899999999999999911,0.049899999999999999911
-7,105,0.063600000000000003753,0.063600000000000003753
-6,105,0.041700000000000000955,0.041700000000000000955
-5,105,0.021100000000000000699,0.021100000000000000699
-4,105,0.015499999999999999889,0.015499999999999999889
-3,105,0.020000000000000000416,0.020000000000000000416
-2,105,0.019800000000000001626,0.019800000000000001626
-1,105,0.016600000000000000172,0.016600000000000000172
0,105,0.020799999999999999045,0.020799999999999999045
1,105,0.035099999999999999256,0.035099999999999999256
2,105,0.0094999999999999997641,0.0094999999999999997641
3,105,0.010500000000000000652,0.010500000000000000652
4,105,0.0080000000000000001665,0.0080000000000000001665
5,105,0.0086000000000000000056,0.0086000000000000000056
6,105,0.017299999999999999406,0.017299999999999999406
7,105,0.022499999999999999167,0.022499999999999999167
8,105,0.012399999999999999564,0.012399999999999999564
9,105,0.003899999999999999821,0.003899999999999999821
10,105,0.0040000000000000000833,0.0040000000000000000833
11,105,0.007799999999999999642,0.007799999999999999642
12,105,0.025899999999999999412,0.025899999999999999412
13,105,0.010000000000000000208,0.010000000000000000208
14,105,0.013599999999999999242,0.013599999999999999242
15,105,0.066100000000000005973,0.066100000000000005973
16,105,0.086999999999999994005,0.086999999999999994005
17,105,0.057799999999999997213,0.057799999999999997213
18,105,0.026200000000000001066,0.026200000000000001066
19,105,0.3759000000000000119,0.3759000000000000119
20,105,0.97189999999999998614,0.97189999999999998614
21,105,0.32940000000000002611,0.32940000000000002611
22,105,0.12690000000000001279,0.12690000000000001279
23,105,0.027400000000000000744,0.027400000000000000744
24,105,0.2838999999999999857,0.2838999999999999857
25,105,0.52590000000000003411,0.52590000000000003411
26,105,0.81530000000000002469,0.81530000000000002469
27,105,0.62839999999999995861,0.62839999999999995861
28,105,0.52429999999999998828,0.52429999999999998828
29,105,0.28620000000000000995,0.28620000000000000995
30,105,0.40939999999999998614,0.40939999999999998614
31,105,0.36409999999999997922,0.36409999999999997922
32,105,0.28729999999999999982,0.28729999999999999982
33,105,0.63419999999999998597,0.63419999999999998597
34,105,0.61270000000000002238,0.61270000000000002238
35,105,0.73540000000000005365,0.73540000000000005365
36,105,0.70020000000000004459,0.70020000000000004459
37,105,0.39210000000000000409,0.39210000000000000409
38,105,0.15750000000000000111,0.15750000000000000111
39,105,0.245499999999999996,0.245499999999999996
40,105,0.48670000000000002149,0.48670000000000002149
41,105,0.24759999999999998677,0.24759999999999998677
42,105,0.10849999999999999922,0.10849999999999999922
43,105,0.19839999999999999303,0.19839999999999999303
44,105,0.5331000000000000183,0.5331000000000000183
45,105,0.74980000000000002203,0.74980000000000002203
46,105,0.53029999999999999361,0.53029999999999999361
47,105,0.69210000000000004849,0.69210000000000004849
48,105,0.53390000000000004121,0.53390000000000004121
49,105,0.6284999999999999476,0.6284999999999999476
50,105,0.52659999999999995701,0.52659999999999995701
51,105,0.62119999999999997442,0.62119999999999997442
52,105,0.74309999999999998277,0.74309999999999998277
53,105,0.95350000000000001421,0.95350000000000001421
54,105,0.93520000000000003126,0.93520000000000003126
55,105,0.9929000000000000048,0.9929000000000000048
56,105,0.93049999999999999378,0.93049999999999999378
57,105,0.78590000000000004299,0.78590000000000004299
58,105,0.83989999999999997993,0.83989999999999997993
59,105,0.70089999999999996749,0.70089999999999996749
60,105,0.64929999999999998828,0.64929999999999998828
61,105,0.71560000000000001386,0.71560000000000001386
62,105,0.86539999999999994706,0.86539999999999994706
63,105,0.81840000000000001634,0.81840000000000001634
64,105,0.98660000000000003251,0.98660000000000003251
65,105,0.97780000000000000249,0.97780000000000000249
66,105,0.73050000000000003819,0.73050000000000003819
67,105,0.80800000000000005151,0.80800000000000005151
68,105,0.99529999999999996252,0.99529999999999996252
69,105,0.77019999999999999574,0.77019999999999999574
70,105,0.57520000000000004459,0.57520000000000004459
-69,106.25,0.22479999999999999982,0.22479999999999999982
-68,106.25,0.21729999999999999316,0.21729999999999999316
-67,106.25,0.67820000000000002505,0.67820000000000002505
-66,106.25,0.85699999999999998401,0.85699999999999998401
-65,106.25,0.83850000000000002309,0.83850000000000002309
-64,106.25,0.68689999999999995506,0.68689999999999995506
-63,106.25,0.86619999999999996998,0.86619999999999996998
-62,106.25,0.94789999999999996483,0.94789999999999996483
-61,106.25,0.93259999999999998455,0.93259999999999998455
-60,106.25,0.94859999999999999876,0.94859999999999999876
-59,106.25,0.9956000000000000405,0.9956000000000000405
-58,106.25,0.99690000000000000835,0.99690000000000000835
-57,106.25,0.99939999999999995506,0.99939999999999995506
-56,106.25,0.99270000000000002682,0.99270000000000002682
-55,106.25,0.94640000000000001901,0.94640000000000001901
-54,106.25,0.88249999999999995115,0.88249999999999995115
-53,106.25,0.87429999999999996607,0.87429999999999996607
-52,106.25,0.86999999999999999556,0.86999999999999999556
-51,106.25,0.92540000000000000036,0.92540000000000000036
-50,106.25,0.91349999999999997868,0.91349999999999997868
-49,106.25,0.97140000000000004121,0.97140000000000004121
-48,106.25,0.93059999999999998277,0.93059999999999998277
-47,106.25,0.99919999999999997708,0.99919999999999997708
-46,106.25,0.90980000000000005311,0.90980000000000005311
-45,106.25,0.29809999999999997611,0.29809999999999997611
-44,106.25,0.56550000000000000266,0.56550000000000000266
-43,106.25,0.9161000000000000254,0.9161000000000000254
-42,106.25,0.76270000000000004459,0.76270000000000004459
-41,106.25,0.66879999999999995008,0.66879999999999995008
-40,106.25,0.78939999999999999059,0.78939999999999999059
-39,106.25,0.76619999999999999218,0.76619999999999999218
-38,106.25,0.57620000000000004547,0.57620000000000004547
-37,106.25,0.68069999999999997176,0.68069999999999997176
-36,106.25,0.48899999999999999023,0.48899999999999999023
-35,106.25,0.77729999999999999094,0.77729999999999999094
-34,106.25,0.66839999999999999414,0.66839999999999999414
-33,106.25,0.67900000000000004796,0.67900000000000004796
-32,106.25,0.89959999999999995524,0.89959999999999995524
-31,106.25,0.75729999999999997318,0.75729999999999997318
-30,106.25,0.45879999999999998561,0.45879999999999998561
-29,106.25,0.52190000000000003055,0.52190000000000003055
-28,106.25,0.62429999999999996607,0.62429999999999996607
-27,106.25,0.74499999999999999556,0.74499999999999999556
-26,106.25,0.9616000000000000103,0.9616000000000000103
-25,106.25,0.97340000000000004299,0.97340000000000004299
-24,106.25,0.95699999999999996181,0.95699999999999996181
-23,106.25,0.6998999999999999666,0.6998999999999999666
-22,106.25,0.34879999999999999893,0.34879999999999999893
-21,106.25,0.18679999999999999383,0.18679999999999999383
-20,106.25,0.097600000000000006195,0.097600000000000006195
-19,106.25,0.084699999999999997513,0.084699999999999997513
-18,106.25,0.1375000000000000111,0.1375000000000000111
-17,106.25,0.17389999999999999902,0.17389999999999999902
-16,106.25,0.12740000000000001323,0.12740000000000001323
-15,106.25,0.11669999999999999818,0.11669999999999999818
-14,106.25,0.06210000000000000242,0.06210000000000000242
-13,106.25,0.03869999999999999829,0.03869999999999999829
-12,106.25,0.028500000000000001027,0.028500000000000001027
-11,106.25,0.042299999999999997324,0.042299999999999997324
-10,106.25,0.048599999999999997369,0.048599999999999997369
-9,106.25,0.043599999999999999867,0.043599999999999999867
-8,106.25,0.098500000000000004219,0.098500000000000004219
-7,106.25,0.087599999999999997313,0.087599999999999997313
-6,106.25,0.017500000000000001665,0.017500000000000001665
-5,106.25,0.0091999999999999998446,0.0091999999999999998446
-4,106.25,0.011799999999999999725,0.011799999999999999725
-3,106.25,0.016799999999999998962,0.016799999999999998962
-2,106.25,0.022999999999999999611,0.022999999999999999611
-1,106.25,0.016899999999999998357,0.016899999999999998357
0,106.25,0.0269000000000000003,0.0269000000000000003
1,106.25,0.041399999999999999301,0.041399999999999999301
2,106.25,0.024699999999999999734,0.024699999999999999734
3,106.25,0.0088999999999999999251,0.0088999999999999999251
4,106.25,0.0061000000000000003872,0.0061000000000000003872
5,106.25,0.0057000000000000002054,0.0057000000000000002054
6,106.25,0.012999999999999999403,0.012999999999999999403
7,106.25,0.018399999999999999689,0.018399999999999999689
8,106.25,0.018900000000000000133,0.018900000000000000133
9,106.25,0.016299999999999998518,0.016299999999999998518
10,106.25,0.0064999999999999997016,0.0064999999999999997016
11,106.25,0.0027999999999999999716,0.0027999999999999999716
12,106.25,0.011599999999999999201,0.011599999999999999201
13,106.25,0.0027000000000000001429,0.0027000000000000001429
14,106.25,0.0074000000000000003275,0.0074000000000000003275
15,106.25,0.018499999999999999084,0.018499999999999999084
16,106.25,0.012699999999999999484,0.012699999999999999484
17,106.25,0.03869999999999999829,0.03869999999999999829
18,106.25,0.17089999999999999636,0.17089999999999999636
19,106.25,0.94040000000000001368,0.94040000000000001368
20,106.25,0.51290000000000002256,0.51290000000000002256
21,106.25,0.22109999999999999098,0.22109999999999999098
22,106.25,0.074800000000000005373,0.074800000000000005373
23,106.25,0.021100000000000000699,0.021100000000000000699
24,106.25,0.047300000000000001765,0.047300000000000001765
25,106.25,0.080000000000000001665,0.080000000000000001665
26,106.25,0.19989999999999999436,0.19989999999999999436
27,106.25,0.2599000000000000199,0.2599000000000000199
28,106.25,0.31550000000000000266,0.31550000000000000266
29,106.25,0.20160000000000000142,0.20160000000000000142
30,106.25,0.3811999999999999833,0.3811999999999999833
31,106.25,0.45410000000000000364,0.45410000000000000364
32,106.25,0.64959999999999995524,0.64959999999999995524
33,106.25,0.87829999999999996962,0.87829999999999996962
34,106.25,0.5501000000000000334,0.5501000000000000334
35,106.25,0.62900000000000000355,0.62900000000000000355
36,106.25,0.53010000000000001563,0.53010000000000001563
37,106.25,0.22539999999999998925,0.22539999999999998925
38,106.25,0.12909999999999999254,0.12909999999999999254
39,106.25,0.25580000000000002736,0.25580000000000002736
40,106.25,0.46920000000000000595,0.46920000000000000595
41,106.25,0.30280000000000001359,0.30280000000000001359
42,106.25,0.083799999999999999489,0.083799999999999999489
43,106.25,0.13200000000000000622,0.13200000000000000622
44,106.25,0.35430000000000000382,0.35430000000000000382
45,106.25,0.83379999999999998561,0.83379999999999998561
46,106.25,0.55210000000000003517,0.55210000000000003517
47,106.25,0.67569999999999996732,0.67569999999999996732
48,106.25,0.62639999999999995683,0.62639999999999995683
49,106.25,0.50609999999999999432,0.50609999999999999432
50,106.25,0.41370000000000001217,0.41370000000000001217
51,106.25,0.50290000000000001368,0.50290000000000001368
52,106.25,0.55759999999999998455,0.55759999999999998455
53,106.25,0.76680000000000003713,0.76680000000000003713
54,106.25,0.71960000000000001741,0.71960000000000001741
55,106.25,0.94959999999999999964,0.94959999999999999964
56,106.25,0.95109999999999994547,0.95109999999999994547
57,106.25,0.76209999999999999964,0.76209999999999999964
58,106.25,0.67279999999999995364,0.67279999999999995364
59,106.25,0.55749999999999999556,0.55749999999999999556
60,106.25,0.59499999999999997335,0.59499999999999997335
61,106.25,0.6766999999999999682,0.6766999999999999682
62,106.25,0.85129999999999994564,0.85129999999999994564
63,106.25,0.73970000000000002416,0.73970000000000002416
64,106.25,0.99309999999999998277,0.99309999999999998277
65,106.25,0.9938000000000000167,0.9938000000000000167
66,106.25,0.78159999999999996145,0.78159999999999996145
67,106.25,0.93240000000000000657,0.93240000000000000657
68,106.25,0.87109999999999998543,0.87109999999999998543
69,106.25,0.62549999999999994493,0.62549999999999994493
70,106.25,0.67830000000000001403,0.67830000000000001403
-69,107.5,0.22670000000000001261,0.22670000000000001261
-68,107.5,0.31519999999999998019,0.31519999999999998019
-67,107.5,0.90320000000000000284,0.90320000000000000284
-66,107.5,0.74829999999999996518,0.74829999999999996518
-65,107.5,0.81659999999999999254,0.81659999999999999254
-64,107.5,0.66180000000000005489,0.66180000000000005489
-63,107.5,0.78769999999999995577,0.78769999999999995577
-62,107.5,0.97789999999999999147,0.97789999999999999147
-61,107.5,0.94750000000000000888,0.94750000000000000888
-60,107.5,0.92859999999999998099,0.92859999999999998099
-59,107.5,0.9653000000000000469,0.9653000000000000469
-58,107.5,0.96799999999999997158,0.96799999999999997158
-57,107.5,0.99870000000000003215,0.99870000000000003215
-56,107.5,0.99580000000000001847,0.99580000000000001847
-55,107.5,0.94389999999999996128,0.94389999999999996128
-54,107.5,0.94589999999999996305,0.94589999999999996305
-53,107.5,0.89490000000000002878,0.89490000000000002878
-52,107.5,0.77129999999999998561,0.77129999999999998561
-51,107.5,0.94810000000000005382,0.94810000000000005382
-50,107.5,0.98589999999999999858,0.98589999999999999858
-49,107.5,0.95350000000000001421,0.95350000000000001421
-48,107.5,0.93469999999999997531,0.93469999999999997531
-47,107.5,0.99870000000000003215,0.99870000000000003215
-46,107.5,0.71609999999999995879,0.71609999999999995879
-45,107.5,0.37130000000000001892,0.37130000000000001892
-44,107.5,0.6596999999999999531,0.6596999999999999531
-43,107.5,0.83430000000000004157,0.83430000000000004157
-42,107.5,0.70389999999999997016,0.70389999999999997016
-41,107.5,0.65100000000000002309,0.65100000000000002309
-40,107.5,0.82899999999999995914,0.82899999999999995914
-39,107.5,0.54269999999999996021,0.54269999999999996021
-38,107.5,0.70020000000000004459,0.70020000000000004459
-37,107.5,0.80179999999999995719,0.80179999999999995719
-36,107.5,0.51959999999999995079,0.51959999999999995079
-35,107.5,0.67640000000000000124,0.67640000000000000124
-34,107.5,0.83860000000000001208,0.83860000000000001208
-33,107.5,0.87390000000000001013,0.87390000000000001013
-32,107.5,0.92390000000000005453,0.92390000000000005453
-31,107.5,0.77700000000000002398,0.77700000000000002398
-30,107.5,0.52820000000000000284,0.52820000000000000284
-29,107.5,0.50790000000000001812,0.50790000000000001812
-28,107.5,0.52019999999999999574,0.52019999999999999574
-27,107.5,0.70089999999999996749,0.70089999999999996749
-26,107.5,0.96789999999999998259,0.96789999999999998259
-25,107.5,0.9829999999999999849,0.9829999999999999849
-24,107.5,0.79749999999999998668,0.79749999999999998668
-23,107.5,0.44679999999999997495,0.44679999999999997495
-22,107.5,0.19550000000000000711,0.19550000000000000711
-21,107.5,0.10749999999999999833,0.10749999999999999833
-20,107.5,0.09500000000000000111,0.09500000000000000111
-19,107.5,0.10090000000000000357,0.10090000000000000357
-18,107.5,0.12349999999999999867,0.12349999999999999867
-17,107.5,0.12620000000000000662,0.12620000000000000662
-16,107.5,0.13739999999999999436,0.13739999999999999436
-15,107.5,0.15409999999999998699,0.15409999999999998699
-14,107.5,0.087800000000000003042,0.087800000000000003042
-13,107.5,0.028400000000000001632,0.028400000000000001632
-12,107.5,0.026399999999999999856,0.026399999999999999856
-11,107.5,0.05999999999999999778,0.05999999999999999778
-10,107.5,0.071400000000000005129,0.071400000000000005129
-9,107.5,0.042599999999999998979,0.042599999999999998979
-8,107.5,0.11899999999999999467,0.11899999999999999467
-7,107.5,0.12970000000000000973,0.12970000000000000973
-6,107.5,0.027799999999999998324,0.027799999999999998324
-5,107.5,0.01799999999999999864,0.01799999999999999864
-4,107.5,0.010999999999999999362,0.010999999999999999362
-3,107.5,0.010000000000000000208,0.010000000000000000208
-2,107.5,0.022900000000000000216,0.022900000000000000216
-1,107.5,0.027900000000000001188,0.027900000000000001188
0,107.5,0.061899999999999996692,0.061899999999999996692
1,107.5,0.12520000000000000573,0.12520000000000000573
2,107.5,0.038999999999999999944,0.038999999999999999944
3,107.5,0.021999999999999998723,0.021999999999999998723
4,107.5,0.0097999999999999996836,0.0097999999999999996836
5,107.5,0.0044000000000000002651,0.0044000000000000002651
6,107.5,0.0051000000000000003664,0.0051000000000000003664
7,107.5,0.011299999999999999281,0.011299999999999999281
8,107.5,0.01799999999999999864,0.01799999999999999864
9,107.5,0.022200000000000000983,0.022200000000000000983
10,107.5,0.013299999999999999323,0.013299999999999999323
11,107.5,0.0022999999999999999611,0.0022999999999999999611
12,107.5,0.0037000000000000001638,0.0037000000000000001638
13,107.5,0.00040000000000000001917,0.00040000000000000001917
14,107.5,0.0022999999999999999611,0.0022999999999999999611
15,107.5,0.021499999999999998279,0.021499999999999998279
16,107.5,0.034900000000000000466,0.034900000000000000466
17,107.5,0.066100000000000005973,0.066100000000000005973
18,107.5,0.23639999999999999902,0.23639999999999999902
19,107.5,0.98599999999999998757,0.98599999999999998757
20,107.5,0.50139999999999995683,0.50139999999999995683
21,107.5,0.21390000000000000679,0.21390000000000000679
22,107.5,0.10030000000000000027,0.10030000000000000027
23,107.5,0.031800000000000001876,0.031800000000000001876
24,107.5,0.025200000000000000178,0.025200000000000000178
25,107.5,0.025100000000000000783,0.025100000000000000783
26,107.5,0.056199999999999999956,0.056199999999999999956
27,107.5,0.30549999999999999378,0.30549999999999999378
28,107.5,0.30769999999999997353,0.30769999999999997353
29,107.5,0.12559999999999998943,0.12559999999999998943
30,107.5,0.19370000000000001106,0.19370000000000001106
31,107.5,0.28660000000000002141,0.28660000000000002141
32,107.5,0.51939999999999997282,0.51939999999999997282
33,107.5,0.67459999999999997744,0.67459999999999997744
34,107.5,0.6045000000000000373,0.6045000000000000373
35,107.5,0.72550000000000003375,0.72550000000000003375
36,107.5,0.37540000000000001146,0.37540000000000001146
37,107.5,0.1665000000000000091,0.1665000000000000091
38,107.5,0.22750000000000000777,0.22750000000000000777
39,107.5,0.44659999999999999698,0.44659999999999999698
40,107.5,0.4474000000000000199,0.4474000000000000199
41,107.5,0.34970000000000001084,0.34970000000000001084
42,107.5,0.090499999999999997113,0.090499999999999997113
43,107.5,0.18129999999999998894,0.18129999999999998894
44,107.5,0.28689999999999998836,0.28689999999999998836
45,107.5,0.79249999999999998224,0.79249999999999998224
46,107.5,0.450900000000000023,0.450900000000000023
47,107.5,0.66649999999999998135,0.66649999999999998135
48,107.5,0.53959999999999996856,0.53959999999999996856
49,107.5,0.52929999999999999272,0.52929999999999999272
50,107.5,0.65239999999999997993,0.65239999999999997993
51,107.5,0.74790000000000000924,0.74790000000000000924
52,107.5,0.79479999999999995097,0.79479999999999995097
53,107.5,0.62739999999999995772,0.62739999999999995772
54,107.5,0.51770000000000004903,0.51770000000000004903
55,107.5,0.84879999999999999893,0.84879999999999999893
56,107.5,0.99150000000000004796,0.99150000000000004796
57,107.5,0.75519999999999998241,0.75519999999999998241
58,107.5,0.59140000000000003677,0.59140000000000003677
59,107.5,0.56769999999999998241,0.56769999999999998241
60,107.5,0.64939999999999997726,0.64939999999999997726
61,107.5,0.70469999999999999307,0.70469999999999999307
62,107.5,0.83889999999999997904,0.83889999999999997904
63,107.5,0.77559999999999995612,0.77559999999999995612
64,107.5,0.97780000000000000249,0.97780000000000000249
65,107.5,0.98719999999999996643,0.98719999999999996643
66,107.5,0.91500000000000003553,0.91500000000000003553
67,107.5,0.98380000000000000782,0.98380000000000000782
68,107.5,0.69310000000000004938,0.69310000000000004938
69,107.5,0.52429999999999998828,0.52429999999999998828
70,107.5,0.76370000000000004547,0.76370000000000004547
-69,108.75,0.21900000000000000022,0.21900000000000000022
-68,108.75,0.40579999999999999405,0.40579999999999999405
-67,108.75,0.85840000000000005187,0.85840000000000005187
-66,108.75,0.62450000000000005507,0.62450000000000005507
-65,108.75,0.79739999999999999769,0.79739999999999999769
-64,108.75,0.65500000000000002665,0.65500000000000002665
-63,108.75,0.59399999999999997247,0.59399999999999997247
-62,108.75,0.92569999999999996732,0.92569999999999996732
-61,108.75,0.96209999999999995524,0.96209999999999995524
-60,108.75,0.97270000000000000906,0.97270000000000000906
-59,108.75,0.93079999999999996074,0.93079999999999996074
-58,108.75,0.9331000000000000405,0.9331000000000000405
-57,108.75,0.99829999999999996518,0.99829999999999996518
-56,108.75,0.99760000000000004228,0.99760000000000004228
-55,108.75,0.9929000000000000048,0.9929000000000000048
-54,108.75,0.98360000000000002984,0.98360000000000002984
-53,108.75,0.89980000000000004423,0.89980000000000004423
-52,108.75,0.73709999999999997744,0.73709999999999997744
-51,108.75,0.94759999999999999787,0.94759999999999999787
-50,108.75,0.9838999999999999968,0.9838999999999999968
-49,108.75,0.92110000000000002984,0.92110000000000002984
-48,108.75,0.92259999999999997566,0.92259999999999997566
-47,108.75,0.88719999999999998863,0.88719999999999998863
-46,108.75,0.7097999999999999865,0.7097999999999999865
-45,108.75,0.6596999999999999531,0.6596999999999999531
-44,108.75,0.64049999999999995826,0.64049999999999995826
-43,108.75,0.67640000000000000124,0.67640000000000000124
-42,108.75,0.7258999999999999897,0.7258999999999999897
-41,108.75,0.77790000000000003588,0.77790000000000003588
-40,108.75,0.79400000000000003908,0.79400000000000003908
-39,108.75,0.32779999999999998028,0.32779999999999998028
-38,108.75,0.35280000000000000249,0.35280000000000000249
-37,108.75,0.41839999999999999414,0.41839999999999999414
-36,108.75,0.38990000000000002434,0.38990000000000002434
-35,108.75,0.39000000000000001332,0.39000000000000001332
-34,108.75,0.71779999999999999361,0.71779999999999999361
-33,108.75,0.74760000000000004228,0.74760000000000004228
-32,108.75,0.77749999999999996891,0.77749999999999996891
-31,108.75,0.60940000000000005276,0.60940000000000005276
-30,108.75,0.5525999999999999801,0.5525999999999999801
-29,108.75,0.44640000000000001901,0.44640000000000001901
-28,108.75,0.37750000000000000222,0.37750000000000000222
-27,108.75,0.72999999999999998224,0.72999999999999998224
-26,108.75,0.98609999999999997655,0.98609999999999997655
-25,108.75,0.83679999999999998828,0.83679999999999998828
-24,108.75,0.60550000000000003819,0.60550000000000003819
-23,108.75,0.30480000000000001537,0.30480000000000001537
-22,108.75,0.13539999999999999258,0.13539999999999999258
-21,108.75,0.063799999999999995604,0.063799999999999995604
-20,108.75,0.057500000000000002498,0.057500000000000002498
-19,108.75,0.068199999999999996736,0.068199999999999996736
-18,108.75,0.11129999999999999616,0.11129999999999999616
-17,108.75,0.11350000000000000366,0.11350000000000000366
-16,108.75,0.14899999999999999356,0.14899999999999999356
-15,108.75,0.11640000000000000346,0.11640000000000000346
-14,108.75,0.065100000000000005085,0.065100000000000005085
-13,108.75,0.028500000000000001027,0.028500000000000001027
-12,108.75,0.030499999999999999334,0.030499999999999999334
-11,108.75,0.062399999999999997136,0.062399999999999997136
-10,108.75,0.087400000000000005462,0.087400000000000005462
-9,108.75,0.035299999999999998046,0.035299999999999998046
-8,108.75,0.066100000000000005973,0.066100000000000005973
-7,108.75,0.049599999999999998257,0.049599999999999998257
-6,108.75,0.029299999999999999656,0.029299999999999999656
-5,108.75,0.017700000000000000455,0.017700000000000000455
-4,108.75,0.018300000000000000294,0.018300000000000000294
-3,108.75,0.018100000000000001504,0.018100000000000001504
-2,108.75,0.020600000000000000255,0.020600000000000000255
-1,108.75,0.079299999999999995492,0.079299999999999995492
0,108.75,0.56510000000000004672,0.56510000000000004672
1,108.75,0.94710000000000005294,0.94710000000000005294
2,108.75,0.071400000000000005129,0.071400000000000005129
3,108.75,0.027900000000000001188,0.027900000000000001188
4,108.75,0.018399999999999999689,0.018399999999999999689
5,108.75,0.0094999999999999997641,0.0094999999999999997641
6,108.75,0.0027999999999999999716,0.0027999999999999999716
7,108.75,0.003299999999999999982,0.003299999999999999982
8,108.75,0.0094999999999999997641,0.0094999999999999997641
9,108.75,0.021700000000000000538,0.021700000000000000538
10,108.75,0.02069999999999999965,0.02069999999999999965
11,108.75,0.013899999999999999162,0.013899999999999999162
12,108.75,0.010300000000000000128,0.010300000000000000128
13,108.75,0.014399999999999999606,0.014399999999999999606
14,108.75,0.015299999999999999364,0.015299999999999999364
15,108.75,0.041000000000000001721,0.041000000000000001721
16,108.75,0.040899999999999998856,0.040899999999999998856
17,108.75,0.15929999999999999716,0.15929999999999999716
18,108.75,0.34760000000000002007,0.34760000000000002007
19,108.75,0.3338999999999999746,0.3338999999999999746
20,108.75,0.87909999999999999254,0.87909999999999999254
21,108.75,0.30359999999999998099,0.30359999999999998099
22,108.75,0.23139999999999999458,0.23139999999999999458
23,108.75,0.046199999999999998013,0.046199999999999998013
24,108.75,0.021799999999999999933,0.021799999999999999933
25,108.75,0.015100000000000000575,0.015100000000000000575
26,108.75,0.036900000000000002243,0.036900000000000002243
27,108.75,0.11440000000000000169,0.11440000000000000169
28,108.75,0.097799999999999998046,0.097799999999999998046
29,108.75,0.068199999999999996736,0.068199999999999996736
30,108.75,0.14899999999999999356,0.14899999999999999356
31,108.75,0.20880000000000001337,0.20880000000000001337
32,108.75,0.59040000000000003588,0.59040000000000003588
33,108.75,0.78229999999999999538,0.78229999999999999538
34,108.75,0.80289999999999994706,0.80289999999999994706
35,108.75,0.56999999999999995115,0.56999999999999995115
36,108.75,0.31040000000000000924,0.31040000000000000924
37,108.75,0.37919999999999998153,0.37919999999999998153
38,108.75,0.81920000000000003926,0.81920000000000003926
39,108.75,0.89390000000000002789,0.89390000000000002789
40,108.75,0.59889999999999998792,0.59889999999999998792
41,108.75,0.34879999999999999893,0.34879999999999999893
42,108.75,0.084199999999999997069,0.084199999999999997069
43,108.75,0.18470000000000000306,0.18470000000000000306
44,108.75,0.27029999999999998472,0.27029999999999998472
45,108.75,0.45850000000000001865,0.45850000000000001865
46,108.75,0.99239999999999994884,0.99239999999999994884
47,108.75,0.85819999999999996287,0.85819999999999996287
48,108.75,0.48699999999999998845,0.48699999999999998845
49,108.75,0.50409999999999999254,0.50409999999999999254
50,108.75,0.83230000000000003979,0.83230000000000003979
51,108.75,0.91000000000000003109,0.91000000000000003109
52,108.75,0.81720000000000003748,0.81720000000000003748
53,108.75,0.37149999999999999689,0.37149999999999999689
54,108.75,0.56310000000000004494,0.56310000000000004494
55,108.75,0.93420000000000003038,0.93420000000000003038
56,108.75,0.97260000000000002007,0.97260000000000002007
57,108.75,0.84050000000000002487,0.84050000000000002487
58,108.75,0.67540000000000000036,0.67540000000000000036
59,108.75,0.79700000000000004174,0.79700000000000004174
60,108.75,0.76039999999999996483,0.76039999999999996483
61,108.75,0.83420000000000005258,0.83420000000000005258
62,108.75,0.91890000000000005009,0.91890000000000005009
63,108.75,0.96009999999999995346,0.96009999999999995346
64,108.75,0.98070000000000001616,0.98070000000000001616
65,108.75,0.99629999999999996341,0.99629999999999996341
66,108.75,0.98550000000000004263,0.98550000000000004263
67,108.75,0.95240000000000002434,0.95240000000000002434
68,108.75,0.66600000000000003642,0.66600000000000003642
69,108.75,0.61739999999999994884,0.61739999999999994884
70,108.75,0.83499999999999996447,0.83499999999999996447
-69,110,0.27829999999999999183,0.27829999999999999183
-68,110,0.48289999999999999591,0.48289999999999999591
-67,110,0.78520000000000000906,0.78520000000000000906
-66,110,0.61919999999999997264,0.61919999999999997264
-65,110,0.794599999999999973,0.794599999999999973
-64,110,0.71209999999999995524,0.71209999999999995524
-63,110,0.47880000000000000338,0.47880000000000000338
-62,110,0.70999999999999996447,0.70999999999999996447
-61,110,0.95089999999999996749,0.95089999999999996749
-60,110,0.98860000000000003428,0.98860000000000003428
-59,110,0.97470000000000001084,0.97470000000000001084
-58,110,0.92840000000000000302,0.92840000000000000302
-57,110,0.98519999999999996465,0.98519999999999996465
-56,110,0.98370000000000001883,0.98370000000000001883
-55,110,0.9616000000000000103,0.9616000000000000103
-54,110,0.94779999999999997584,0.94779999999999997584
-53,110,0.81640000000000001457,0.81640000000000001457
-52,110,0.73319999999999996287,0.73319999999999996287
-51,110,0.93520000000000003126,0.93520000000000003126
-50,110,0.93630000000000002114,0.93630000000000002114
-49,110,0.8239999999999999547,0.8239999999999999547
-48,110,0.99890000000000001013,0.99890000000000001013
-47,110,0.82279999999999997584,0.82279999999999997584
-46,110,0.84840000000000004299,0.84840000000000004299
-45,110,0.65939999999999998614,0.65939999999999998614
-44,110,0.46639999999999998126,0.46639999999999998126
-43,110,0.67120000000000001883,0.67120000000000001883
-42,110,0.90880000000000005222,0.90880000000000005222
-41,110,0.67130000000000000782,0.67130000000000000782
-40,110,0.6367000000000000437,0.6367000000000000437
-39,110,0.2003999999999999948,0.2003999999999999948
-38,110,0.32140000000000001901,0.32140000000000001901
-37,110,0.34570000000000000728,0.34570000000000000728
-36,110,0.23119999999999998885,0.23119999999999998885
-35,110,0.30480000000000001537,0.30480000000000001537
-34,110,0.77359999999999995435,0.77359999999999995435
-33,110,0.94489999999999996216,0.94489999999999996216
-32,110,0.93850000000000000089,0.93850000000000000089
-31,110,0.74570000000000002949,0.74570000000000002949
-30,110,0.65690000000000003944,0.65690000000000003944
-29,110,0.49390000000000000568,0.49390000000000000568
-28,110,0.49320000000000002727,0.49320000000000002727
-27,110,0.90339999999999998082,0.90339999999999998082
-26,110,0.91090000000000004299,0.91090000000000004299
-25,110,0.62560000000000004494,0.62560000000000004494
-24,110,0.36759999999999998233,0.36759999999999998233
-23,110,0.19209999999999999298,0.19209999999999999298
-22,110,0.074399999999999993916,0.074399999999999993916
-21,110,0.046100000000000002087,0.046100000000000002087
-20,110,0.03579999999999999849,0.03579999999999999849
-19,110,0.041700000000000000955,0.041700000000000000955
-18,110,0.058799999999999998102,0.058799999999999998102
-17,110,0.072099999999999997424,0.072099999999999997424
-16,110,0.10009999999999999454,0.10009999999999999454
-15,110,0.092799999999999993605,0.092799999999999993605
-14,110,0.042599999999999998979,0.042599999999999998979
-13,110,0.025000000000000001388,0.025000000000000001388
-12,110,0.024500000000000000944,0.024500000000000000944
-11,110,0.039600000000000003253,0.039600000000000003253
-10,110,0.064399999999999998912,0.064399999999999998912
-9,110,0.06230000000000000121,0.06230000000000000121
-8,110,0.07159999999999999698,0.07159999999999999698
-7,110,0.035700000000000002565,0.035700000000000002565
-6,110,0.015800000000000001543,0.015800000000000001543
-5,110,0.015199999999999999969,0.015199999999999999969
-4,110,0.018200000000000000899,0.018200000000000000899
-3,110,0.06909999999999999476,0.06909999999999999476
-2,110,0.21029999999999998694,0.21029999999999998694
-1,110,0.42670000000000002371,0.42670000000000002371
0,110,0.54910000000000003251,0.54910000000000003251
1,110,0.55710000000000003961,0.55710000000000003961
2,110,0.09539999999999999869,0.09539999999999999869
3,110,0.0088999999999999999251,0.0088999999999999999251
4,110,0.012900000000000000008,0.012900000000000000008
5,110,0.0061999999999999997821,0.0061999999999999997821
6,110,0.0016000000000000000767,0.0016000000000000000767
7,110,0.00089999999999999997537,0.00089999999999999997537
8,110,0.0033999999999999998106,0.0033999999999999998106
9,110,0.0047999999999999995795,0.0047999999999999995795
10,110,0.0074000000000000003275,0.0074000000000000003275
11,110,0.007799999999999999642,0.007799999999999999642
12,110,0.0057000000000000002054,0.0057000000000000002054
13,110,0.0048999999999999998418,0.0048999999999999998418
14,110,0.011499999999999999806,0.011499999999999999806
15,110,0.018999999999999999528,0.018999999999999999528
16,110,0.033200000000000000344,0.033200000000000000344
17,110,0.079600000000000004086,0.079600000000000004086
18,110,0.094500000000000000666,0.094500000000000000666
19,110,0.23630000000000001004,0.23630000000000001004
20,110,0.99429999999999996163,0.99429999999999996163
21,110,0.24199999999999999289,0.24199999999999999289
22,110,0.17580000000000001181,0.17580000000000001181
23,110,0.12239999999999999492,0.12239999999999999492
24,110,0.026599999999999998646,0.026599999999999998646
25,110,0.0092999999999999992395,0.0092999999999999992395
26,110,0.042999999999999996558,0.042999999999999996558
27,110,0.13489999999999999214,0.13489999999999999214
28,110,0.10780000000000000693,0.10780000000000000693
29,110,0.076300000000000006706,0.076300000000000006706
30,110,0.1018000000000000016,0.1018000000000000016
31,110,0.15599999999999999978,0.15599999999999999978
32,110,0.39900000000000002132,0.39900000000000002132
33,110,0.74919999999999997708,0.74919999999999997708
34,110,0.74539999999999995151,0.74539999999999995151
35,110,0.34329999999999999405,0.34329999999999999405
36,110,0.44009999999999999121,0.44009999999999999121
37,110,0.78220000000000000639,0.78220000000000000639
38,110,0.80969999999999997531,0.80969999999999997531
39,110,0.63460000000000005294,0.63460000000000005294
40,110,0.92640000000000000124,0.92640000000000000124
41,110,0.58369999999999999662,0.58369999999999999662
42,110,0.17289999999999999813,0.17289999999999999813
43,110,0.14899999999999999356,0.14899999999999999356
44,110,0.074700000000000002509,0.074700000000000002509
45,110,0.24920000000000000484,0.24920000000000000484
46,110,0.58950000000000002398,0.58950000000000002398
47,110,0.77969999999999994866,0.77969999999999994866
48,110,0.43690000000000001057,0.43690000000000001057
49,110,0.49030000000000001359,0.49030000000000001359
50,110,0.79879999999999995453,0.79879999999999995453
51,110,0.95260000000000000231,0.95260000000000000231
52,110,0.88260000000000005116,0.88260000000000005116
53,110,0.38940000000000002389,0.38940000000000002389
54,110,0.33219999999999999529,0.33219999999999999529
55,110,0.80189999999999994618,0.80189999999999994618
56,110,0.98790000000000000036,0.98790000000000000036
57,110,0.87309999999999998721,0.87309999999999998721
58,110,0.70789999999999997371,0.70789999999999997371
59,110,0.84109999999999995879,0.84109999999999995879
60,110,0.81379999999999996785,0.81379999999999996785
61,110,0.83979999999999999094,0.83979999999999999094
62,110,0.93710000000000004405,0.93710000000000004405
63,110,0.99799999999999999822,0.99799999999999999822
64,110,0.9786000000000000254,0.9786000000000000254
65,110,0.99739999999999995328,0.99739999999999995328
66,110,0.99629999999999996341,0.99629999999999996341
67,110,0.81130000000000002114,0.81130000000000002114
68,110,0.52029999999999998472,0.52029999999999998472
69,110,0.74329999999999996074,0.74329999999999996074
70,110,0.92339999999999999858,0.92339999999999999858
-69,111.25,0.35670000000000001705,0.35670000000000001705
-68,111.25,0.49349999999999999423,0.49349999999999999423
-67,111.25,0.94240000000000001545,0.94240000000000001545
-66,111.25,0.8195999999999999952,0.8195999999999999952
-65,111.25,0.73319999999999996287,0.73319999999999996287
-64,111.25,0.74739999999999995328,0.74739999999999995328
-63,111.25,0.5114999999999999547,0.5114999999999999547
-62,111.25,0.58819999999999994511,0.58819999999999994511
-61,111.25,0.94169999999999998153,0.94169999999999998153
-60,111.25,0.99150000000000004796,0.99150000000000004796
-59,111.25,0.96519999999999994689,0.96519999999999994689
-58,111.25,0.91400000000000003464,0.91400000000000003464
-57,111.25,0.9275999999999999801,0.9275999999999999801
-56,111.25,0.94889999999999996572,0.94889999999999996572
-55,111.25,0.8820999999999999952,0.8820999999999999952
-54,111.25,0.80569999999999997176,0.80569999999999997176
-53,111.25,0.76870000000000004992,0.76870000000000004992
-52,111.25,0.82030000000000002913,0.82030000000000002913
-51,111.25,0.93279999999999996252,0.93279999999999996252
-50,111.25,0.87970000000000003748,0.87970000000000003748
-49,111.25,0.99419999999999997264,0.99419999999999997264
-48,111.25,0.93520000000000003126,0.93520000000000003126
-47,111.25,0.88880000000000003446,0.88880000000000003446
-46,111.25,0.77300000000000002043,0.77300000000000002043
-45,111.25,0.35320000000000001394,0.35320000000000001394
-44,111.25,0.53910000000000002363,0.53910000000000002363
-43,111.25,0.96660000000000001474,0.96660000000000001474
-42,111.25,0.9616000000000000103,0.9616000000000000103
-41,111.25,0.63759999999999994458,0.63759999999999994458
-40,111.25,0.58379999999999998561,0.58379999999999998561
-39,111.25,0.19850000000000000977,0.19850000000000000977
-38,111.25,0.22259999999999999232,0.22259999999999999232
-37,111.25,0.30790000000000000702,0.30790000000000000702
-36,111.25,0.17430000000000001048,0.17430000000000001048
-35,111.25,0.50839999999999996305,0.50839999999999996305
-34,111.25,0.88500000000000000888,0.88500000000000000888
-33,111.25,0.93359999999999998543,0.93359999999999998543
-32,111.25,0.86919999999999997264,0.86919999999999997264
-31,111.25,0.69359999999999999432,0.69359999999999999432
-30,111.25,0.60540000000000004921,0.60540000000000004921
-29,111.25,0.57159999999999999698,0.57159999999999999698
-28,111.25,0.61680000000000001492,0.61680000000000001492
-27,111.25,0.77890000000000003677,0.77890000000000003677
-26,111.25,0.55879999999999996341,0.55879999999999996341
-25,111.25,0.24859999999999998765,0.24859999999999998765
-24,111.25,0.13159999999999999476,0.13159999999999999476
-23,111.25,0.054600000000000002698,0.054600000000000002698
-22,111.25,0.036299999999999998934,0.036299999999999998934
-21,111.25,0.03540000000000000091,0.03540000000000000091
-20,111.25,0.0355999999999999997,0.0355999999999999997
-19,111.25,0.034200000000000001232,0.034200000000000001232
-18,111.25,0.033799999999999996714,0.033799999999999996714
-17,111.25,0.050099999999999998701,0.050099999999999998701
-16,111.25,0.082500000000000003886,0.082500000000000003886
-15,111.25,0.05630000000000000282,0.05630000000000000282
-14,111.25,0.031899999999999997802,0.031899999999999997802
-13,111.25,0.014099999999999999686,0.014099999999999999686
-12,111.25,0.023400000000000000661,0.023400000000000000661
-11,111.25,0.019300000000000001182,0.019300000000000001182
-10,111.25,0.042500000000000003053,0.042500000000000003053
-9,111.25,0.089899999999999993805,0.089899999999999993805
-8,111.25,0.10330000000000000293,0.10330000000000000293
-7,111.25,0.018499999999999999084,0.018499999999999999084
-6,111.25,0.012500000000000000694,0.012500000000000000694
-5,111.25,0.012099999999999999645,0.012099999999999999645
-4,111.25,0.017500000000000001665,0.017500000000000001665
-3,111.25,0.16609999999999999765,0.16609999999999999765
-2,111.25,0.41139999999999998792,0.41139999999999998792
-1,111.25,0.34120000000000000329,0.34120000000000000329
0,111.25,0.31900000000000000577,0.31900000000000000577
1,111.25,0.39500000000000001776,0.39500000000000001776
2,111.25,0.84409999999999996145,0.84409999999999996145
3,111.25,0.019900000000000001021,0.019900000000000001021
4,111.25,0.0053000000000000000236,0.0053000000000000000236
5,111.25,0.0040000000000000000833,0.0040000000000000000833
6,111.25,0.0020000000000000000416,0.0020000000000000000416
7,111.25,0.0010000000000000000208,0.0010000000000000000208
8,111.25,0.00089999999999999997537,0.00089999999999999997537
9,111.25,0.0012999999999999999403,0.0012999999999999999403
10,111.25,0.002500000000000000052,0.002500000000000000052
11,111.25,0.0027999999999999999716,0.0027999999999999999716
12,111.25,0.003899999999999999821,0.003899999999999999821
13,111.25,0.0030999999999999998911,0.0030999999999999998911
14,111.25,0.007100000000000000408,0.007100000000000000408
15,111.25,0.016000000000000000333,0.016000000000000000333
16,111.25,0.031899999999999997802,0.031899999999999997802
17,111.25,0.037600000000000001477,0.037600000000000001477
18,111.25,0.050000000000000002776,0.050000000000000002776
19,111.25,0.20339999999999999747,0.20339999999999999747
20,111.25,0.61639999999999994795,0.61639999999999994795
21,111.25,0.089899999999999993805,0.089899999999999993805
22,111.25,0.040300000000000002487,0.040300000000000002487
23,111.25,0.12740000000000001323,0.12740000000000001323
24,111.25,0.045600000000000001643,0.045600000000000001643
25,111.25,0.031099999999999999173,0.031099999999999999173
26,111.25,0.071699999999999999845,0.071699999999999999845
27,111.25,0.15210000000000001297,0.15210000000000001297
28,111.25,0.27879999999999999227,0.27879999999999999227
29,111.25,0.090399999999999994249,0.090399999999999994249
30,111.25,0.062199999999999998346,0.062199999999999998346
31,111.25,0.14380000000000001115,0.14380000000000001115
32,111.25,0.57430000000000003268,0.57430000000000003268
33,111.25,0.56359999999999998987,0.56359999999999998987
34,111.25,0.44890000000000002123,0.44890000000000002123
35,111.25,0.2938000000000000056,0.2938000000000000056
36,111.25,0.53959999999999996856,0.53959999999999996856
37,111.25,0.59209999999999995968,0.59209999999999995968
38,111.25,0.73089999999999999414,0.73089999999999999414
39,111.25,0.89800000000000002043,0.89800000000000002043
40,111.25,0.94410000000000005027,0.94410000000000005027
41,111.25,0.57740000000000002434,0.57740000000000002434
42,111.25,0.4043999999999999817,0.4043999999999999817
43,111.25,0.25400000000000000355,0.25400000000000000355
44,111.25,0.014999999999999999445,0.014999999999999999445
45,111.25,0.24360000000000001097,0.24360000000000001097
46,111.25,0.75549999999999994937,0.75549999999999994937
47,111.25,0.64039999999999996927,0.64039999999999996927
48,111.25,0.41980000000000000648,0.41980000000000000648
49,111.25,0.45669999999999999485,0.45669999999999999485
50,111.25,0.80149999999999999023,0.80149999999999999023
51,111.25,0.96679999999999999272,0.96679999999999999272
52,111.25,0.89659999999999995257,0.89659999999999995257
53,111.25,0.42089999999999999636,0.42089999999999999636
54,111.25,0.3456000000000000183,0.3456000000000000183
55,111.25,0.88700000000000001066,0.88700000000000001066
56,111.25,0.94040000000000001368,0.94040000000000001368
57,111.25,0.85699999999999998401,0.85699999999999998401
58,111.25,0.78529999999999999805,0.78529999999999999805
59,111.25,0.74260000000000003784,0.74260000000000003784
60,111.25,0.70309999999999994724,0.70309999999999994724
61,111.25,0.8784999999999999476,0.8784999999999999476
62,111.25,0.98560000000000003162,0.98560000000000003162
63,111.25,0.99499999999999999556,0.99499999999999999556
64,111.25,0.94289999999999996039,0.94289999999999996039
65,111.25,0.99139999999999994795,0.99139999999999994795
66,111.25,0.98440000000000005276,0.98440000000000005276
67,111.25,0.73839999999999994529,0.73839999999999994529
68,111.25,0.5454999999999999849,0.5454999999999999849
69,111.25,0.76280000000000003357,0.76280000000000003357
70,111.25,0.87619999999999997886,0.87619999999999997886
-69,112.5,0.45060000000000000053,0.45060000000000000053
-68,112.5,0.48380000000000000782,0.48380000000000000782
-67,112.5,0.57809999999999994724,0.57809999999999994724
-66,112.5,0.86470000000000002416,0.86470000000000002416
-65,112.5,0.67490000000000005542,0.67490000000000005542
-64,112.5,0.77949999999999997069,0.77949999999999997069
-63,112.5,0.61029999999999995364,0.61029999999999995364
-62,112.5,0.59450000000000002842,0.59450000000000002842
-61,112.5,0.89780000000000004245,0.89780000000000004245
-60,112.5,0.9848000000000000087,0.9848000000000000087
-59,112.5,0.94310000000000004938,0.94310000000000004938
-58,112.5,0.94850000000000000977,0.94850000000000000977
-57,112.5,0.97599999999999997868,0.97599999999999997868
-56,112.5,0.97729999999999994653,0.97729999999999994653
-55,112.5,0.82609999999999994547,0.82609999999999994547
-54,112.5,0.71819999999999994955,0.71819999999999994955
-53,112.5,0.79479999999999995097,0.79479999999999995097
-52,112.5,0.65669999999999995044,0.65669999999999995044
-51,112.5,0.78220000000000000639,0.78220000000000000639
-50,112.5,0.99599999999999999645,0.99599999999999999645
-49,112.5,0.97540000000000004476,0.97540000000000004476
-48,112.5,0.87749999999999994671,0.87749999999999994671
-47,112.5,0.90720000000000000639,0.90720000000000000639
-46,112.5,0.5009000000000000119,0.5009000000000000119
-45,112.5,0.26169999999999998819,0.26169999999999998819
-44,112.5,0.65939999999999998614,0.65939999999999998614
-43,112.5,0.99099999999999999201,0.99099999999999999201
-42,112.5,0.93230000000000001759,0.93230000000000001759
-41,112.5,0.82789999999999996927,0.82789999999999996927
-40,112.5,0.55310000000000003606,0.55310000000000003606
-39,112.5,0.37600000000000000089,0.37600000000000000089
-38,112.5,0.29980000000000001092,0.29980000000000001092
-37,112.5,0.28610000000000002096,0.28610000000000002096
-36,112.5,0.3650999999999999801,0.3650999999999999801
-35,112.5,0.57150000000000000799,0.57150000000000000799
-34,112.5,0.80610000000000003872,0.80610000000000003872
-33,112.5,0.86170000000000002149,0.86170000000000002149
-32,112.5,0.94269999999999998241,0.94269999999999998241
-31,112.5,0.75829999999999997407,0.75829999999999997407
-30,112.5,0.53939999999999999059,0.53939999999999999059
-29,112.5,0.39400000000000001688,0.39400000000000001688
-28,112.5,0.44159999999999999254,0.44159999999999999254
-27,112.5,0.29539999999999999591,0.29539999999999999591
-26,112.5,0.13619999999999998774,0.13619999999999998774
-25,112.5,0.088099999999999997757,0.088099999999999997757
-24,112.5,0.057799999999999997213,0.057799999999999997213
-23,112.5,0.046100000000000002087,0.046100000000000002087
-22,112.5,0.033700000000000000788,0.033700000000000000788
-21,112.5,0.037800000000000000266,0.037800000000000000266
-20,112.5,0.028699999999999999817,0.028699999999999999817
-19,112.5,0.021200000000000000094,0.021200000000000000094
-18,112.5,0.029000000000000001471,0.029000000000000001471
-17,112.5,0.049899999999999999911,0.049899999999999999911
-16,112.5,0.071300000000000002265,0.071300000000000002265
-15,112.5,0.068500000000000005329,0.068500000000000005329
-14,112.5,0.029299999999999999656,0.029299999999999999656
-13,112.5,0.012999999999999999403,0.012999999999999999403
-12,112.5,0.020299999999999998601,0.020299999999999998601
-11,112.5,0.014200000000000000816,0.014200000000000000816
-10,112.5,0.027699999999999998929,0.027699999999999998929
-9,112.5,0.059499999999999997335,0.059499999999999997335
-8,112.5,0.078200000000000005618,0.078200000000000005618
-7,112.5,0.011900000000000000855,0.011900000000000000855
-6,112.5,0.0061000000000000003872,0.0061000000000000003872
-5,112.5,0.010500000000000000652,0.010500000000000000652
-4,112.5,0.020000000000000000416,0.020000000000000000416
-3,112.5,0.29670000000000001927,0.29670000000000001927
-2,112.5,0.32629999999999997895,0.32629999999999997895
-1,112.5,0.076200000000000003841,0.076200000000000003841
0,112.5,0.25800000000000000711,0.25800000000000000711
1,112.5,0.03869999999999999829,0.03869999999999999829
2,112.5,0.051799999999999998823,0.051799999999999998823
3,112.5,0.64659999999999995257,0.64659999999999995257
4,112.5,0.028699999999999999817,0.028699999999999999817
5,112.5,0.0061000000000000003872,0.0061000000000000003872
6,112.5,0.0020999999999999998702,0.0020999999999999998702
7,112.5,0.00080000000000000003834,0.00080000000000000003834
8,112.5,0.0010000000000000000208,0.0010000000000000000208
9,112.5,0.0013999999999999999858,0.0013999999999999999858
10,112.5,0.00040000000000000001917,0.00040000000000000001917
11,112.5,0.00069999999999999999289,0.00069999999999999999289
12,112.5,0.0011000000000000000663,0.0011000000000000000663
13,112.5,0.003899999999999999821,0.003899999999999999821
14,112.5,0.0063000000000000000444,0.0063000000000000000444
15,112.5,0.010500000000000000652,0.010500000000000000652
16,112.5,0.012900000000000000008,0.012900000000000000008
17,112.5,0.016500000000000000777,0.016500000000000000777
18,112.5,0.041300000000000003375,0.041300000000000003375
19,112.5,0.11999999999999999556,0.11999999999999999556
20,112.5,0.26469999999999999085,0.26469999999999999085
21,112.5,0.25509999999999999343,0.25509999999999999343
22,112.5,0.073099999999999998312,0.073099999999999998312
23,112.5,0.16819999999999998841,0.16819999999999998841
24,112.5,0.12449999999999999956,0.12449999999999999956
25,112.5,0.13389999999999999125,0.13389999999999999125
26,112.5,0.12489999999999999714,0.12489999999999999714
27,112.5,0.16100000000000000422,0.16100000000000000422
28,112.5,0.15679999999999999494,0.15679999999999999494
29,112.5,0.14699999999999999178,0.14699999999999999178
30,112.5,0.099500000000000005107,0.099500000000000005107
31,112.5,0.090399999999999994249,0.090399999999999994249
32,112.5,0.35759999999999997344,0.35759999999999997344
33,112.5,0.55989999999999995328,0.55989999999999995328
34,112.5,0.29770000000000002016,0.29770000000000002016
35,112.5,0.14779999999999998694,0.14779999999999998694
36,112.5,0.33500000000000001998,0.33500000000000001998
37,112.5,0.55389999999999994795,0.55389999999999994795
38,112.5,0.56810000000000004938,0.56810000000000004938
39,112.5,0.83699999999999996625,0.83699999999999996625
40,112.5,0.4945999999999999841,0.4945999999999999841
41,112.5,0.24490000000000000657,0.24490000000000000657
42,112.5,0.38769999999999998908,0.38769999999999998908
43,112.5,0.21570000000000000284,0.21570000000000000284
44,112.5,0.021899999999999999328,0.021899999999999999328
45,112.5,0.070599999999999996092,0.070599999999999996092
46,112.5,0.785800000000000054,0.785800000000000054
47,112.5,0.68210000000000003961,0.68210000000000003961
48,112.5,0.45400000000000001465,0.45400000000000001465
49,112.5,0.40210000000000001297,0.40210000000000001297
50,112.5,0.79030000000000000249,0.79030000000000000249
51,112.5,0.64000000000000001332,0.64000000000000001332
52,112.5,0.69999999999999995559,0.69999999999999995559
53,112.5,0.6045000000000000373,0.6045000000000000373
54,112.5,0.43549999999999999822,0.43549999999999999822
55,112.5,0.75480000000000002647,0.75480000000000002647
56,112.5,0.89100000000000001421,0.89100000000000001421
57,112.5,0.92030000000000000693,0.92030000000000000693
58,112.5,0.83899999999999996803,0.83899999999999996803
59,112.5,0.74319999999999997176,0.74319999999999997176
60,112.5,0.54469999999999996199,0.54469999999999996199
61,112.5,0.8911000000000000032,0.8911000000000000032
62,112.5,0.94530000000000002913,0.94530000000000002913
63,112.5,0.93359999999999998543,0.93359999999999998543
64,112.5,0.95379999999999998117,0.95379999999999998117
65,112.5,0.8972999999999999865,0.8972999999999999865
66,112.5,0.81540000000000001368,0.81540000000000001368
67,112.5,0.73580000000000000959,0.73580000000000000959
68,112.5,0.64790000000000003144,0.64790000000000003144
69,112.5,0.64570000000000005169,0.64570000000000005169
70,112.5,0.83930000000000004601,0.83930000000000004601
-69,113.75,0.48080000000000000515,0.48080000000000000515
-68,113.75,0.48070000000000001616,0.48070000000000001616
-67,113.75,0.55249999999999999112,0.55249999999999999112
-66,113.75,0.96699999999999997069,0.96699999999999997069
-65,113.75,0.72299999999999997602,0.72299999999999997602
-64,113.75,0.90780000000000005134,0.90780000000000005134
-63,113.75,0.69999999999999995559,0.69999999999999995559
-62,113.75,0.68349999999999999645,0.68349999999999999645
-61,113.75,0.82609999999999994547,0.82609999999999994547
-60,113.75,0.98260000000000002895,0.98260000000000002895
-59,113.75,0.99709999999999998632,0.99709999999999998632
-58,113.75,0.98309999999999997389,0.98309999999999997389
-57,113.75,0.96779999999999999361,0.96779999999999999361
-56,113.75,0.9802999999999999492,0.9802999999999999492
-55,113.75,0.76549999999999995826,0.76549999999999995826
-54,113.75,0.785800000000000054,0.785800000000000054
-53,113.75,0.8313000000000000389,0.8313000000000000389
-52,113.75,0.51119999999999998774,0.51119999999999998774
-51,113.75,0.69950000000000001066,0.69950000000000001066
-50,113.75,0.9572000000000000508,0.9572000000000000508
-49,113.75,0.91539999999999999147,0.91539999999999999147
-48,113.75,0.84040000000000003588,0.84040000000000003588
-47,113.75,0.94540000000000001812,0.94540000000000001812
-46,113.75,0.47170000000000000817,0.47170000000000000817
-45,113.75,0.35830000000000000737,0.35830000000000000737
-44,113.75,0.72609999999999996767,0.72609999999999996767
-43,113.75,0.97389999999999998792,0.97389999999999998792
-42,113.75,0.95930000000000004157,0.95930000000000004157
-41,113.75,0.96579999999999999183,0.96579999999999999183
-40,113.75,0.92840000000000000302,0.92840000000000000302
-39,113.75,0.35249999999999998002,0.35249999999999998002
-38,113.75,0.25580000000000002736,0.25580000000000002736
-37,113.75,0.28070000000000000506,0.28070000000000000506
-36,113.75,0.40339999999999998082,0.40339999999999998082
-35,113.75,0.68820000000000003393,0.68820000000000003393
-34,113.75,0.56720000000000003748,0.56720000000000003748
-33,113.75,0.47670000000000001261,0.47670000000000001261
-32,113.75,0.80949999999999999734,0.80949999999999999734
-31,113.75,0.81889999999999996128,0.81889999999999996128
-30,113.75,0.74039999999999994706,0.74039999999999994706
-29,113.75,0.40350000000000002531,0.40350000000000002531
-28,113.75,0.27039999999999997371,0.27039999999999997371
-27,113.75,0.12330000000000000682,0.12330000000000000682
-26,113.75,0.053999999999999999389,0.053999999999999999389
-25,113.75,0.044499999999999997891,0.044499999999999997891
-24,113.75,0.057299999999999996769,0.057299999999999996769
-23,113.75,0.045299999999999999989,0.045299999999999999989
-22,113.75,0.026399999999999999856,0.026399999999999999856
-21,113.75,0.031699999999999999012,0.031699999999999999012
-20,113.75,0.022300000000000000377,0.022300000000000000377
-19,113.75,0.023400000000000000661,0.023400000000000000661
-18,113.75,0.031099999999999999173,0.031099999999999999173
-17,113.75,0.055899999999999998301,0.055899999999999998301
-16,113.75,0.05650000000000000161,0.05650000000000000161
-15,113.75,0.057500000000000002498,0.057500000000000002498
-14,113.75,0.039800000000000002043,0.039800000000000002043
-13,113.75,0.015599999999999999284,0.015599999999999999284
-12,113.75,0.008399999999999999481,0.008399999999999999481
-11,113.75,0.010000000000000000208,0.010000000000000000208
-10,113.75,0.013499999999999999847,0.013499999999999999847
-9,113.75,0.025899999999999999412,0.025899999999999999412
-8,113.75,0.010500000000000000652,0.010500000000000000652
-7,113.75,0.003299999999999999982,0.003299999999999999982
-6,113.75,0.0041000000000000003456,0.0041000000000000003456
-5,113.75,0.0067000000000000002262,0.0067000000000000002262
-4,113.75,0.015199999999999999969,0.015199999999999999969
-3,113.75,0.044499999999999997891,0.044499999999999997891
-2,113.75,0.020600000000000000255,0.020600000000000000255
-1,113.75,0.002500000000000000052,0.002500000000000000052
0,113.75,0.054699999999999998623,0.054699999999999998623
1,113.75,0.17960000000000000964,0.17960000000000000964
2,113.75,0.026300000000000000461,0.026300000000000000461
3,113.75,0.027199999999999998485,0.027199999999999998485
4,113.75,0.83640000000000003233,0.83640000000000003233
5,113.75,0.026300000000000000461,0.026300000000000000461
6,113.75,0.0022000000000000001325,0.0022000000000000001325
7,113.75,0.00069999999999999999289,0.00069999999999999999289
8,113.75,0.00020000000000000000958,0.00020000000000000000958
9,113.75,0.00020000000000000000958,0.00020000000000000000958
10,113.75,0,0
11,113.75,0.00029999999999999997372,0.00029999999999999997372
12,113.75,0.00029999999999999997372,0.00029999999999999997372
13,113.75,0.0016000000000000000767,0.0016000000000000000767
14,113.75,0.0037999999999999999924,0.0037999999999999999924
15,113.75,0.0057999999999999996003,0.0057999999999999996003
16,113.75,0.0075999999999999999847,0.0075999999999999999847
17,113.75,0.010099999999999999603,0.010099999999999999603
18,113.75,0.01799999999999999864,0.01799999999999999864
19,113.75,0.02960000000000000131,0.02960000000000000131
20,113.75,0.083299999999999999045,0.083299999999999999045
21,113.75,0.78059999999999996056,0.78059999999999996056
22,113.75,0.11859999999999999709,0.11859999999999999709
23,113.75,0.16869999999999998885,0.16869999999999998885
24,113.75,0.19400000000000000577,0.19400000000000000577
25,113.75,0.14890000000000000457,0.14890000000000000457
26,113.75,0.17780000000000001359,0.17780000000000001359
27,113.75,0.12850000000000000311,0.12850000000000000311
28,113.75,0.067299999999999998712,0.067299999999999998712
29,113.75,0.086699999999999999289,0.086699999999999999289
30,113.75,0.13819999999999998952,0.13819999999999998952
31,113.75,0.12220000000000000306,0.12220000000000000306
32,113.75,0.27960000000000001519,0.27960000000000001519
33,113.75,0.46670000000000000373,0.46670000000000000373
34,113.75,0.27729999999999999094,0.27729999999999999094
35,113.75,0.14180000000000000937,0.14180000000000000937
36,113.75,0.28629999999999999893,0.28629999999999999893
37,113.75,0.83099999999999996092,0.83099999999999996092
38,113.75,0.77539999999999997815,0.77539999999999997815
39,113.75,0.53520000000000000906,0.53520000000000000906
40,113.75,0.115000000000000005,0.115000000000000005
41,113.75,0.19209999999999999298,0.19209999999999999298
42,113.75,0.28410000000000001918,0.28410000000000001918
43,113.75,0.25829999999999997407,0.25829999999999997407
44,113.75,0.033700000000000000788,0.033700000000000000788
45,113.75,0.047800000000000002209,0.047800000000000002209
46,113.75,0.31969999999999998419,0.31969999999999998419
47,113.75,0.70740000000000002878,0.70740000000000002878
48,113.75,0.7249999999999999778,0.7249999999999999778
49,113.75,0.72379999999999999893,0.72379999999999999893
50,113.75,0.63519999999999998685,0.63519999999999998685
51,113.75,0.49809999999999998721,0.49809999999999998721
52,113.75,0.69779999999999997584,0.69779999999999997584
53,113.75,0.60280000000000000249,0.60280000000000000249
54,113.75,0.53020000000000000462,0.53020000000000000462
55,113.75,0.5123999999999999666,0.5123999999999999666
56,113.75,0.77359999999999995435,0.77359999999999995435
57,113.75,0.90669999999999995044,0.90669999999999995044
58,113.75,0.70509999999999994902,0.70509999999999994902
59,113.75,0.86950000000000005063,0.86950000000000005063
60,113.75,0.57159999999999999698,0.57159999999999999698
61,113.75,0.85229999999999994653,0.85229999999999994653
62,113.75,0.68149999999999999467,0.68149999999999999467
63,113.75,0.79479999999999995097,0.79479999999999995097
64,113.75,0.83699999999999996625,0.83699999999999996625
65,113.75,0.84279999999999999361,0.84279999999999999361
66,113.75,0.71379999999999999005,0.71379999999999999005
67,113.75,0.65800000000000002931,0.65800000000000002931
68,113.75,0.67679999999999995719,0.67679999999999995719
69,113.75,0.5516999999999999682,0.5516999999999999682
70,113.75,0.85550000000000003819,0.85550000000000003819
-69,115,0.49969999999999997753,0.49969999999999997753
-68,115,0.51500000000000001332,0.51500000000000001332
-67,115,0.69130000000000002558,0.69130000000000002558
-66,115,0.94199999999999994849,0.94199999999999994849
-65,115,0.80369999999999996998,0.80369999999999996998
-64,115,0.94140000000000001457,0.94140000000000001457
-63,115,0.669599999999999973,0.669599999999999973
-62,115,0.67689999999999994618,0.67689999999999994618
-61,115,0.73289999999999999591,0.73289999999999999591
-60,115,0.98980000000000001315,0.98980000000000001315
-59,115,0.97780000000000000249,0.97780000000000000249
-58,115,0.99699999999999999734,0.99699999999999999734
-57,115,0.87970000000000003748,0.87970000000000003748
-56,115,0.89229999999999998206,0.89229999999999998206
-55,115,0.70050000000000001155,0.70050000000000001155
-54,115,0.72160000000000001918,0.72160000000000001918
-53,115,0.67079999999999995186,0.67079999999999995186
-52,115,0.43190000000000000613,0.43190000000000000613
-51,115,0.68620000000000003215,0.68620000000000003215
-50,115,0.97270000000000000906,0.97270000000000000906
-49,115,0.9266999999999999682,0.9266999999999999682
-48,115,0.87619999999999997886,0.87619999999999997886
-47,115,0.89980000000000004423,0.89980000000000004423
-46,115,0.57640000000000002345,0.57640000000000002345
-45,115,0.58609999999999995435,0.58609999999999995435
-44,115,0.96579999999999999183,0.96579999999999999183
-43,115,0.99770000000000003126,0.99770000000000003126
-42,115,0.95469999999999999307,0.95469999999999999307
-41,115,0.99250000000000004885,0.99250000000000004885
-40,115,0.97399999999999997691,0.97399999999999997691
-39,115,0.37169999999999997486,0.37169999999999997486
-38,115,0.22889999999999999236,0.22889999999999999236
-37,115,0.35010000000000002229,0.35010000000000002229
-36,115,0.20300000000000001377,0.20300000000000001377
-35,115,0.23100000000000001088,0.23100000000000001088
-34,115,0.34710000000000001963,0.34710000000000001963
-33,115,0.52990000000000003766,0.52990000000000003766
-32,115,0.89539999999999997371,0.89539999999999997371
-31,115,0.88170000000000003926,0.88170000000000003926
-30,115,0.57120000000000004103,0.57120000000000004103
-29,115,0.32919999999999999263,0.32919999999999999263
-28,115,0.12109999999999999931,0.12109999999999999931
-27,115,0.086499999999999993561,0.086499999999999993561
-26,115,0.05340000000000000302,0.05340000000000000302
-25,115,0.063700000000000006617,0.063700000000000006617
-24,115,0.096299999999999996714,0.096299999999999996714
-23,115,0.03250000000000000111,0.03250000000000000111
-22,115,0.013400000000000000452,0.013400000000000000452
-21,115,0.016000000000000000333,0.016000000000000000333
-20,115,0.023199999999999998401,0.023199999999999998401
-19,115,0.020000000000000000416,0.020000000000000000416
-18,115,0.030700000000000001593,0.030700000000000001593
-17,115,0.058200000000000001732,0.058200000000000001732
-16,115,0.034799999999999997602,0.034799999999999997602
-15,115,0.0298000000000000001,0.0298000000000000001
-14,115,0.018700000000000001343,0.018700000000000001343
-13,115,0.0080999999999999995615,0.0080999999999999995615
-12,115,0.0051999999999999997613,0.0051999999999999997613
-11,115,0.0032000000000000001533,0.0032000000000000001533
-10,115,0.0054999999999999996808,0.0054999999999999996808
-9,115,0.0061000000000000003872,0.0061000000000000003872
-8,115,0.0043000000000000000028,0.0043000000000000000028
-7,115,0.0018999999999999999962,0.0018999999999999999962
-6,115,0.0041999999999999997405,0.0041999999999999997405
-5,115,0.0094999999999999997641,0.0094999999999999997641
-4,115,0.031099999999999999173,0.031099999999999999173
-3,115,0.054199999999999998179,0.054199999999999998179
-2,115,0.010999999999999999362,0.010999999999999999362
-1,115,0.0037999999999999999924,0.0037999999999999999924
0,115,0,0
1,115,0.16480000000000000204,0.16480000000000000204
2,115,0.15989999999999998659,0.15989999999999998659
3,115,0.95779999999999998472,0.95779999999999998472
4,115,0.59199999999999997069,0.59199999999999997069
5,115,0.15409999999999998699,0.15409999999999998699
6,115,0.0016000000000000000767,0.0016000000000000000767
7,115,0.00010000000000000000479,0.00010000000000000000479
8,115,0,0
9,115,0,0
10,115,0.00020000000000000000958,0.00020000000000000000958
11,115,0,0
12,115,0.00089999999999999997537,0.00089999999999999997537
13,115,0.00069999999999999999289,0.00069999999999999999289
14,115,0.0020999999999999998702,0.0020999999999999998702
15,115,0.0011000000000000000663,0.0011000000000000000663
16,115,0.0013999999999999999858,0.0013999999999999999858
17,115,0.0028999999999999998002,0.0028999999999999998002
18,115,0.0044000000000000002651,0.0044000000000000002651
19,115,0.010099999999999999603,0.010099999999999999603
20,115,0.043299999999999998213,0.043299999999999998213
21,115,0.42420000000000002149,0.42420000000000002149
22,115,0.36049999999999998712,0.36049999999999998712
23,115,0.23519999999999999241,0.23519999999999999241
24,115,0.23730000000000001092,0.23730000000000001092
25,115,0.12740000000000001323,0.12740000000000001323
26,115,0.064600000000000004641,0.064600000000000004641
27,115,0.056399999999999998745,0.056399999999999998745
28,115,0.051200000000000002454,0.051200000000000002454
29,115,0.078799999999999995048,0.078799999999999995048
30,115,0.10199999999999999345,0.10199999999999999345
31,115,0.20219999999999999085,0.20219999999999999085
32,115,0.16020000000000000906,0.16020000000000000906
33,115,0.42030000000000000693,0.42030000000000000693
34,115,0.37580000000000002292,0.37580000000000002292
35,115,0.25150000000000000133,0.25150000000000000133
36,115,0.33970000000000000195,0.33970000000000000195
37,115,0.41260000000000002229,0.41260000000000002229
38,115,0.61019999999999996465,0.61019999999999996465
39,115,0.60940000000000005276,0.60940000000000005276
40,115,0.15479999999999999316,0.15479999999999999316
41,115,0.18959999999999999076,0.18959999999999999076
42,115,0.21019999999999999796,0.21019999999999999796
43,115,0.28239999999999998437,0.28239999999999998437
44,115,0.080199999999999993516,0.080199999999999993516
45,115,0.06619999999999999496,0.06619999999999999496
46,115,0.10699999999999999789,0.10699999999999999789
47,115,0.54010000000000002451,0.54010000000000002451
48,115,0.78369999999999995222,0.78369999999999995222
49,115,0.77400000000000002132,0.77400000000000002132
50,115,0.77129999999999998561,0.77129999999999998561
51,115,0.64510000000000000675,0.64510000000000000675
52,115,0.54700000000000004174,0.54700000000000004174
53,115,0.54100000000000003642,0.54100000000000003642
54,115,0.60440000000000004832,0.60440000000000004832
55,115,0.3286000000000000032,0.3286000000000000032
56,115,0.72740000000000004654,0.72740000000000004654
57,115,0.96519999999999994689,0.96519999999999994689
58,115,0.48670000000000002149,0.48670000000000002149
59,115,0.79859999999999997655,0.79859999999999997655
60,115,0.75370000000000003659,0.75370000000000003659
61,115,0.86360000000000003428,0.86360000000000003428
62,115,0.37880000000000002558,0.37880000000000002558
63,115,0.51629999999999998117,0.51629999999999998117
64,115,0.66539999999999999147,0.66539999999999999147
65,115,0.77580000000000004512,0.77580000000000004512
66,115,0.85170000000000001261,0.85170000000000001261
67,115,0.78020000000000000462,0.78020000000000000462
68,115,0.62209999999999998632,0.62209999999999998632
69,115,0.64070000000000004725,0.64070000000000004725
70,115,0.88780000000000003357,0.88780000000000003357
-69,116.25,0.46779999999999999361,0.46779999999999999361
-68,116.25,0.51590000000000002522,0.51590000000000002522
-67,116.25,0.67030000000000000693,0.67030000000000000693
-66,116.25,0.96350000000000002309,0.96350000000000002309
-65,116.25,0.88609999999999999876,0.88609999999999999876
-64,116.25,0.91049999999999997602,0.91049999999999997602
-63,116.25,0.56179999999999996607,0.56179999999999996607
-62,116.25,0.55049999999999998934,0.55049999999999998934
-61,116.25,0.80349999999999999201,0.80349999999999999201
-60,116.25,0.94210000000000004849,0.94210000000000004849
-59,116.25,0.91390000000000004565,0.91390000000000004565
-58,116.25,0.91410000000000002363,0.91410000000000002363
-57,116.25,0.85970000000000001972,0.85970000000000001972
-56,116.25,0.75900000000000000799,0.75900000000000000799
-55,116.25,0.68010000000000003784,0.68010000000000003784
-54,116.25,0.58240000000000002878,0.58240000000000002878
-53,116.25,0.29959999999999997744,0.29959999999999997744
-52,116.25,0.34539999999999998481,0.34539999999999998481
-51,116.25,0.74329999999999996074,0.74329999999999996074
-50,116.25,0.98750000000000004441,0.98750000000000004441
-49,116.25,0.99870000000000003215,0.99870000000000003215
-48,116.25,0.96130000000000004334,0.96130000000000004334
-47,116.25,0.56010000000000004228,0.56010000000000004228
-46,116.25,0.47170000000000000817,0.47170000000000000817
-45,116.25,0.66730000000000000426,0.66730000000000000426
-44,116.25,0.98509999999999997566,0.98509999999999997566
-43,116.25,0.90620000000000000551,0.90620000000000000551
-42,116.25,0.74709999999999998632,0.74709999999999998632
-41,116.25,0.93269999999999997353,0.93269999999999997353
-40,116.25,0.98050000000000003819,0.98050000000000003819
-39,116.25,0.3927999999999999825,0.3927999999999999825
-38,116.25,0.33600000000000002087,0.33600000000000002087
-37,116.25,0.24249999999999999334,0.24249999999999999334
-36,116.25,0.18429999999999999161,0.18429999999999999161
-35,116.25,0.34029999999999999138,0.34029999999999999138
-34,116.25,0.54320000000000001616,0.54320000000000001616
-33,116.25,0.68240000000000000657,0.68240000000000000657
-32,116.25,0.76060000000000005382,0.76060000000000005382
-31,116.25,0.74070000000000002505,0.74070000000000002505
-30,116.25,0.21720000000000000417,0.21720000000000000417
-29,116.25,0.12690000000000001279,0.12690000000000001279
-28,116.25,0.20530000000000001026,0.20530000000000001026
-27,116.25,0.2777000000000000024,0.2777000000000000024
-26,116.25,0.28000000000000002665,0.28000000000000002665
-25,116.25,0.18929999999999999605,0.18929999999999999605
-24,116.25,0.15120000000000000107,0.15120000000000000107
-23,116.25,0.048399999999999998579,0.048399999999999998579
-22,116.25,0.012099999999999999645,0.012099999999999999645
-21,116.25,0.013299999999999999323,0.013299999999999999323
-20,116.25,0.022300000000000000377,0.022300000000000000377
-19,116.25,0.020600000000000000255,0.020600000000000000255
-18,116.25,0.0326999999999999999,0.0326999999999999999
-17,116.25,0.026300000000000000461,0.026300000000000000461
-16,116.25,0.013499999999999999847,0.013499999999999999847
-15,116.25,0.013499999999999999847,0.013499999999999999847
-14,116.25,0.010899999999999999967,0.010899999999999999967
-13,116.25,0.0073000000000000000652,0.0073000000000000000652
-12,116.25,0.0055999999999999999431,0.0055999999999999999431
-11,116.25,0.0030000000000000000625,0.0030000000000000000625
-10,116.25,0.0048999999999999998418,0.0048999999999999998418
-9,116.25,0.014000000000000000291,0.014000000000000000291
-8,116.25,0.01200000000000000025,0.01200000000000000025
-7,116.25,0.0033999999999999998106,0.0033999999999999998106
-6,116.25,0.0065999999999999999639,0.0065999999999999999639
-5,116.25,0.010099999999999999603,0.010099999999999999603
-4,116.25,0.0054999999999999996808,0.0054999999999999996808
-3,116.25,0.002500000000000000052,0.002500000000000000052
-2,116.25,0.00050000000000000001041,0.00050000000000000001041
-1,116.25,0.00050000000000000001041,0.00050000000000000001041
0,116.25,0.00010000000000000000479,0.00010000000000000000479
1,116.25,0.00040000000000000001917,0.00040000000000000001917
2,116.25,0.00080000000000000003834,0.00080000000000000003834
3,116.25,0.010999999999999999362,0.010999999999999999362
4,116.25,0.0047000000000000001846,0.0047000000000000001846
5,116.25,0.0030000000000000000625,0.0030000000000000000625
6,116.25,0.0011999999999999998949,0.0011999999999999998949
7,116.25,0,0
8,116.25,0.00010000000000000000479,0.00010000000000000000479
9,116.25,0,0
10,116.25,0,0
11,116.25,0.00010000000000000000479,0.00010000000000000000479
12,116.25,0.00010000000000000000479,0.00010000000000000000479
13,116.25,0.00029999999999999997372,0.00029999999999999997372
14,116.25,0.00050000000000000001041,0.00050000000000000001041
15,116.25,0.0012999999999999999403,0.0012999999999999999403
16,116.25,0.00069999999999999999289,0.00069999999999999999289
17,116.25,0.0023999999999999997898,0.0023999999999999997898
18,116.25,0.0030999999999999998911,0.0030999999999999998911
19,116.25,0.0020999999999999998702,0.0020999999999999998702
20,116.25,0.010300000000000000128,0.010300000000000000128
21,116.25,0.10230000000000000204,0.10230000000000000204
22,116.25,0.74850000000000005418,0.74850000000000005418
23,116.25,0.23360000000000000209,0.23360000000000000209
24,116.25,0.23780000000000001137,0.23780000000000001137
25,116.25,0.1575999999999999901,0.1575999999999999901
26,116.25,0.092700000000000004619,0.092700000000000004619
27,116.25,0.052699999999999996847,0.052699999999999996847
28,116.25,0.053699999999999997735,0.053699999999999997735
29,116.25,0.053999999999999999389,0.053999999999999999389
30,116.25,0.073700000000000001621,0.073700000000000001621
31,116.25,0.16470000000000001306,0.16470000000000001306
32,116.25,0.19380000000000000004,0.19380000000000000004
33,116.25,0.086499999999999993561,0.086499999999999993561
34,116.25,0.37990000000000001545,0.37990000000000001545
35,116.25,0.54010000000000002451,0.54010000000000002451
36,116.25,0.46000000000000001998,0.46000000000000001998
37,116.25,0.28029999999999999361,0.28029999999999999361
38,116.25,0.25580000000000002736,0.25580000000000002736
39,116.25,0.2795000000000000262,0.2795000000000000262
40,116.25,0.2750000000000000222,0.2750000000000000222
41,116.25,0.20749999999999999001,0.20749999999999999001
42,116.25,0.34779999999999999805,0.34779999999999999805
43,116.25,0.28689999999999998836,0.28689999999999998836
44,116.25,0.071300000000000002265,0.071300000000000002265
45,116.25,0.042700000000000001843,0.042700000000000001843
46,116.25,0.060799999999999999878,0.060799999999999999878
47,116.25,0.15310000000000001386,0.15310000000000001386
48,116.25,0.61019999999999996465,0.61019999999999996465
49,116.25,0.7150999999999999579,0.7150999999999999579
50,116.25,0.9489999999999999547,0.9489999999999999547
51,116.25,0.98080000000000000515,0.98080000000000000515
52,116.25,0.45510000000000000453,0.45510000000000000453
53,116.25,0.57560000000000000053,0.57560000000000000053
54,116.25,0.81310000000000004494,0.81310000000000004494
55,116.25,0.61450000000000004619,0.61450000000000004619
56,116.25,0.66439999999999999059,0.66439999999999999059
57,116.25,0.76019999999999998685,0.76019999999999998685
58,116.25,0.47439999999999998836,0.47439999999999998836
59,116.25,0.54230000000000000426,0.54230000000000000426
60,116.25,0.83140000000000002789,0.83140000000000002789
61,116.25,0.91730000000000000426,0.91730000000000000426
62,116.25,0.38030000000000002691,0.38030000000000002691
63,116.25,0.43149999999999999467,0.43149999999999999467
64,116.25,0.72460000000000002185,0.72460000000000002185
65,116.25,0.81359999999999998987,0.81359999999999998987
66,116.25,0.84670000000000000817,0.84670000000000000817
67,116.25,0.5822000000000000508,0.5822000000000000508
68,116.25,0.58860000000000001208,0.58860000000000001208
69,116.25,0.82320000000000004281,0.82320000000000004281
70,116.25,0.84089999999999998082,0.84089999999999998082
-69,117.5,0.45310000000000000275,0.45310000000000000275
-68,117.5,0.49890000000000001013,0.49890000000000001013
-67,117.5,0.69379999999999997229,0.69379999999999997229
-66,117.5,0.97899999999999998135,0.97899999999999998135
-65,117.5,0.91379999999999994564,0.91379999999999994564
-64,117.5,0.87609999999999998987,0.87609999999999998987
-63,117.5,0.42720000000000002416,0.42720000000000002416
-62,117.5,0.47830000000000000293,0.47830000000000000293
-61,117.5,0.89519999999999999574,0.89519999999999999574
-60,117.5,0.88149999999999995026,0.88149999999999995026
-59,117.5,0.8338999999999999746,0.8338999999999999746
-58,117.5,0.79920000000000002149,0.79920000000000002149
-57,117.5,0.83030000000000003801,0.83030000000000003801
-56,117.5,0.80440000000000000391,0.80440000000000000391
-55,117.5,0.88039999999999996039,0.88039999999999996039
-54,117.5,0.44230000000000002647,0.44230000000000002647
-53,117.5,0.15379999999999999227,0.15379999999999999227
-52,117.5,0.51570000000000004725,0.51570000000000004725
-51,117.5,0.98280000000000000693,0.98280000000000000693
-50,117.5,0.98719999999999996643,0.98719999999999996643
-49,117.5,0.90500000000000002665,0.90500000000000002665
-48,117.5,0.6884000000000000119,0.6884000000000000119
-47,117.5,0.82940000000000002611,0.82940000000000002611
-46,117.5,0.47530000000000000027,0.47530000000000000027
-45,117.5,0.73619999999999996554,0.73619999999999996554
-44,117.5,0.96470000000000000195,0.96470000000000000195
-43,117.5,0.76410000000000000142,0.76410000000000000142
-42,117.5,0.73199999999999998401,0.73199999999999998401
-41,117.5,0.95089999999999996749,0.95089999999999996749
-40,117.5,0.92849999999999999201,0.92849999999999999201
-39,117.5,0.56530000000000002469,0.56530000000000002469
-38,117.5,0.36559999999999998055,0.36559999999999998055
-37,117.5,0.17050000000000001266,0.17050000000000001266
-36,117.5,0.15659999999999998921,0.15659999999999998921
-35,117.5,0.47449999999999997735,0.47449999999999997735
-34,117.5,0.84040000000000003588,0.84040000000000003588
-33,117.5,0.80779999999999996252,0.80779999999999996252
-32,117.5,0.78020000000000000462,0.78020000000000000462
-31,117.5,0.90829999999999999627,0.90829999999999999627
-30,117.5,0.47989999999999999325,0.47989999999999999325
-29,117.5,0.3572000000000000175,0.3572000000000000175
-28,117.5,0.35730000000000000648,0.35730000000000000648
-27,117.5,0.50490000000000001545,0.50490000000000001545
-26,117.5,0.42849999999999999201,0.42849999999999999201
-25,117.5,0.32400000000000001021,0.32400000000000001021
-24,117.5,0.29689999999999999725,0.29689999999999999725
-23,117.5,0.12609999999999998987,0.12609999999999998987
-22,117.5,0.01490000000000000005,0.01490000000000000005
-21,117.5,0.010899999999999999967,0.010899999999999999967
-20,117.5,0.01490000000000000005,0.01490000000000000005
-19,117.5,0.017100000000000000616,0.017100000000000000616
-18,117.5,0.018999999999999999528,0.018999999999999999528
-17,117.5,0.011499999999999999806,0.011499999999999999806
-16,117.5,0.007700000000000000247,0.007700000000000000247
-15,117.5,0.009599999999999999159,0.009599999999999999159
-14,117.5,0.011100000000000000491,0.011100000000000000491
-13,117.5,0.011599999999999999201,0.011599999999999999201
-12,117.5,0.0060000000000000001249,0.0060000000000000001249
-11,117.5,0.0020999999999999998702,0.0020999999999999998702
-10,117.5,0.0047999999999999995795,0.0047999999999999995795
-9,117.5,0.0074000000000000003275,0.0074000000000000003275
-8,117.5,0.0086999999999999994005,0.0086999999999999994005
-7,117.5,0.0054000000000000002859,0.0054000000000000002859
-6,117.5,0.0047999999999999995795,0.0047999999999999995795
-5,117.5,0.0047000000000000001846,0.0047000000000000001846
-4,117.5,0.0035000000000000000729,0.0035000000000000000729
-3,117.5,0.0032000000000000001533,0.0032000000000000001533
-2,117.5,0.0067999999999999996211,0.0067999999999999996211
-1,117.5,0.0032000000000000001533,0.0032000000000000001533
0,117.5,0.00020000000000000000958,0.00020000000000000000958
1,117.5,0.0013999999999999999858,0.0013999999999999999858
2,117.5,0.0032000000000000001533,0.0032000000000000001533
3,117.5,0.00069999999999999999289,0.00069999999999999999289
4,117.5,0.00010000000000000000479,0.00010000000000000000479
5,117.5,0.00029999999999999997372,0.00029999999999999997372
6,117.5,0.00010000000000000000479,0.00010000000000000000479
7,117.5,0.00050000000000000001041,0.00050000000000000001041
8,117.5,0.00020000000000000000958,0.00020000000000000000958
9,117.5,0.00020000000000000000958,0.00020000000000000000958
10,117.5,0.00020000000000000000958,0.00020000000000000000958
11,117.5,0.00010000000000000000479,0.00010000000000000000479
12,117.5,0.00010000000000000000479,0.00010000000000000000479
13,117.5,0.00040000000000000001917,0.00040000000000000001917
14,117.5,0.00029999999999999997372,0.00029999999999999997372
15,117.5,0.00069999999999999999289,0.00069999999999999999289
16,117.5,0.0016000000000000000767,0.0016000000000000000767
17,117.5,0.0041999999999999997405,0.0041999999999999997405
18,117.5,0.0017999999999999999507,0.0017999999999999999507
19,117.5,0.00069999999999999999289,0.00069999999999999999289
20,117.5,0.0011999999999999998949,0.0011999999999999998949
21,117.5,0.031800000000000001876,0.031800000000000001876
22,117.5,0.69710000000000005294,0.69710000000000005294
23,117.5,0.43469999999999997531,0.43469999999999997531
24,117.5,0.2003999999999999948,0.2003999999999999948
25,117.5,0.25340000000000001412,0.25340000000000001412
26,117.5,0.15840000000000001301,0.15840000000000001301
27,117.5,0.061600000000000001976,0.061600000000000001976
28,117.5,0.05920000000000000262,0.05920000000000000262
29,117.5,0.047199999999999998901,0.047199999999999998901
30,117.5,0.10199999999999999345,0.10199999999999999345
31,117.5,0.29180000000000000382,0.29180000000000000382
32,117.5,0.21570000000000000284,0.21570000000000000284
33,117.5,0.12489999999999999714,0.12489999999999999714
34,117.5,0.22780000000000000249,0.22780000000000000249
35,117.5,0.24699999999999999734,0.24699999999999999734
36,117.5,0.36189999999999999947,0.36189999999999999947
37,117.5,0.26190000000000002167,0.26190000000000002167
38,117.5,0.22379999999999999893,0.22379999999999999893
39,117.5,0.20210000000000000187,0.20210000000000000187
40,117.5,0.15420000000000000373,0.15420000000000000373
41,117.5,0.48110000000000002762,0.48110000000000002762
42,117.5,0.46820000000000000506,0.46820000000000000506
43,117.5,0.3420000000000000262,0.3420000000000000262
44,117.5,0.13050000000000000488,0.13050000000000000488
45,117.5,0.067100000000000006861,0.067100000000000006861
46,117.5,0.096799999999999997158,0.096799999999999997158
47,117.5,0.16380000000000000115,0.16380000000000000115
48,117.5,0.64539999999999997371,0.64539999999999997371
49,117.5,0.8010000000000000453,0.8010000000000000453
50,117.5,0.97409999999999996589,0.97409999999999996589
51,117.5,0.82059999999999999609,0.82059999999999999609
52,117.5,0.46389999999999997904,0.46389999999999997904
53,117.5,0.76339999999999996749,0.76339999999999996749
54,117.5,0.97960000000000002629,0.97960000000000002629
55,117.5,0.86150000000000004352,0.86150000000000004352
56,117.5,0.72980000000000000426,0.72980000000000000426
57,117.5,0.59240000000000003766,0.59240000000000003766
58,117.5,0.59919999999999995488,0.59919999999999995488
59,117.5,0.25869999999999998552,0.25869999999999998552
60,117.5,0.69530000000000002913,0.69530000000000002913
61,117.5,0.83060000000000000497,0.83060000000000000497
62,117.5,0.62509999999999998899,0.62509999999999998899
63,117.5,0.59489999999999998437,0.59489999999999998437
64,117.5,0.84460000000000001741,0.84460000000000001741
65,117.5,0.96909999999999996145,0.96909999999999996145
66,117.5,0.84940000000000004388,0.84940000000000004388
67,117.5,0.49220000000000002638,0.49220000000000002638
68,117.5,0.63429999999999997495,0.63429999999999997495
69,117.5,0.94469999999999998419,0.94469999999999998419
70,117.5,0.86450000000000004619,0.86450000000000004619
-69,118.75,0.50049999999999994493,0.50049999999999994493
-68,118.75,0.54479999999999995097,0.54479999999999995097
-67,118.75,0.72399999999999997691,0.72399999999999997691
-66,118.75,0.99550000000000005151,0.99550000000000005151
-65,118.75,0.92469999999999996643,0.92469999999999996643
-64,118.75,0.87929999999999997051,0.87929999999999997051
-63,118.75,0.44259999999999999343,0.44259999999999999343
-62,118.75,0.53700000000000003286,0.53700000000000003286
-61,118.75,0.9418999999999999595,0.9418999999999999595
-60,118.75,0.81610000000000004761,0.81610000000000004761
-59,118.75,0.74529999999999996252,0.74529999999999996252
-58,118.75,0.69159999999999999254,0.69159999999999999254
-57,118.75,0.81140000000000001013,0.81140000000000001013
-56,118.75,0.75339999999999995861,0.75339999999999995861
-55,118.75,0.84479999999999999538,0.84479999999999999538
-54,118.75,0.31099999999999999867,0.31099999999999999867
-53,118.75,0.16029999999999999805,0.16029999999999999805
-52,118.75,0.84879999999999999893,0.84879999999999999893
-51,118.75,0.94979999999999997762,0.94979999999999997762
-50,118.75,0.92200000000000004174,0.92200000000000004174
-49,118.75,0.72599999999999997868,0.72599999999999997868
-48,118.75,0.64349999999999996092,0.64349999999999996092
-47,118.75,0.7963999999999999968,0.7963999999999999968
-46,118.75,0.83279999999999998472,0.83279999999999998472
-45,118.75,0.92840000000000000302,0.92840000000000000302
-44,118.75,0.97299999999999997602,0.97299999999999997602
-43,118.75,0.83209999999999995079,0.83209999999999995079
-42,118.75,0.95650000000000001688,0.95650000000000001688
-41,118.75,0.94769999999999998685,0.94769999999999998685
-40,118.75,0.83379999999999998561,0.83379999999999998561
-39,118.75,0.41480000000000000204,0.41480000000000000204
-38,118.75,0.37369999999999997664,0.37369999999999997664
-37,118.75,0.15079999999999998961,0.15079999999999998961
-36,118.75,0.13420000000000001372,0.13420000000000001372
-35,118.75,0.59960000000000002185,0.59960000000000002185
-34,118.75,0.91410000000000002363,0.91410000000000002363
-33,118.75,0.95330000000000003624,0.95330000000000003624
-32,118.75,0.77829999999999999183,0.77829999999999999183
-31,118.75,0.70020000000000004459,0.70020000000000004459
-30,118.75,0.77820000000000000284,0.77820000000000000284
-29,118.75,0.64500000000000001776,0.64500000000000001776
-28,118.75,0.58720000000000005524,0.58720000000000005524
-27,118.75,0.27989999999999998215,0.27989999999999998215
-26,118.75,0.25559999999999999387,0.25559999999999999387
-25,118.75,0.25109999999999998987,0.25109999999999998987
-24,118.75,0.46229999999999998872,0.46229999999999998872
-23,118.75,0.1192000000000000004,0.1192000000000000004
-22,118.75,0.018900000000000000133,0.018900000000000000133
-21,118.75,0.014500000000000000736,0.014500000000000000736
-20,118.75,0.01200000000000000025,0.01200000000000000025
-19,118.75,0.0070000000000000001457,0.0070000000000000001457
-18,118.75,0.0088999999999999999251,0.0088999999999999999251
-17,118.75,0.007100000000000000408,0.007100000000000000408
-16,118.75,0.0071999999999999998029,0.0071999999999999998029
-15,118.75,0.0079000000000000007716,0.0079000000000000007716
-14,118.75,0.0074000000000000003275,0.0074000000000000003275
-13,118.75,0.0065999999999999999639,0.0065999999999999999639
-12,118.75,0.0022999999999999999611,0.0022999999999999999611
-11,118.75,0.0023999999999999997898,0.0023999999999999997898
-10,118.75,0.0037000000000000001638,0.0037000000000000001638
-9,118.75,0.0057999999999999996003,0.0057999999999999996003
-8,118.75,0.0067000000000000002262,0.0067000000000000002262
-7,118.75,0.0057000000000000002054,0.0057000000000000002054
-6,118.75,0.0063000000000000000444,0.0063000000000000000444
-5,118.75,0.018100000000000001504,0.018100000000000001504
-4,118.75,0.049599999999999998257,0.049599999999999998257
-3,118.75,0.43080000000000001625,0.43080000000000001625
-2,118.75,0.45550000000000001599,0.45550000000000001599
-1,118.75,0.10269999999999999962,0.10269999999999999962
0,118.75,0.0010000000000000000208,0.0010000000000000000208
1,118.75,0.0022000000000000001325,0.0022000000000000001325
2,118.75,0.0015000000000000000312,0.0015000000000000000312
3,118.75,0.00080000000000000003834,0.00080000000000000003834
4,118.75,0,0
5,118.75,0,0
6,118.75,0.00020000000000000000958,0.00020000000000000000958
7,118.75,0.00040000000000000001917,0.00040000000000000001917
8,118.75,0.00029999999999999997372,0.00029999999999999997372
9,118.75,0.00050000000000000001041,0.00050000000000000001041
10,118.75,0.00059999999999999994744,0.00059999999999999994744
11,118.75,0.00050000000000000001041,0.00050000000000000001041
12,118.75,0.00010000000000000000479,0.00010000000000000000479
13,118.75,0.00059999999999999994744,0.00059999999999999994744
14,118.75,0.00080000000000000003834,0.00080000000000000003834
15,118.75,0.00080000000000000003834,0.00080000000000000003834
16,118.75,0.0055999999999999999431,0.0055999999999999999431
17,118.75,0.0064999999999999997016,0.0064999999999999997016
18,118.75,0.0037999999999999999924,0.0037999999999999999924
19,118.75,0.0016000000000000000767,0.0016000000000000000767
20,118.75,0.002500000000000000052,0.002500000000000000052
21,118.75,0.030200000000000001149,0.030200000000000001149
22,118.75,0.48720000000000002194,0.48720000000000002194
23,118.75,0.5742000000000000437,0.5742000000000000437
24,118.75,0.12439999999999999669,0.12439999999999999669
25,118.75,0.15479999999999999316,0.15479999999999999316
26,118.75,0.16500000000000000777,0.16500000000000000777
27,118.75,0.076399999999999995692,0.076399999999999995692
28,118.75,0.057599999999999998423,0.057599999999999998423
29,118.75,0.065900000000000000244,0.065900000000000000244
30,118.75,0.17899999999999999245,0.17899999999999999245
31,118.75,0.2338999999999999968,0.2338999999999999968
32,118.75,0.18649999999999999911,0.18649999999999999911
33,118.75,0.23489999999999999769,0.23489999999999999769
34,118.75,0.33050000000000001599,0.33050000000000001599
35,118.75,0.50939999999999996394,0.50939999999999996394
36,118.75,0.5108000000000000318,0.5108000000000000318
37,118.75,0.21110000000000000986,0.21110000000000000986
38,118.75,0.32629999999999997895,0.32629999999999997895
39,118.75,0.4652000000000000024,0.4652000000000000024
40,118.75,0.55710000000000003961,0.55710000000000003961
41,118.75,0.39710000000000000853,0.39710000000000000853
42,118.75,0.53069999999999994955,0.53069999999999994955
43,118.75,0.71120000000000005436,0.71120000000000005436
44,118.75,0.56659999999999999254,0.56659999999999999254
45,118.75,0.15349999999999999756,0.15349999999999999756
46,118.75,0.12920000000000000928,0.12920000000000000928
47,118.75,0.40710000000000001741,0.40710000000000001741
48,118.75,0.70760000000000000675,0.70760000000000000675
49,118.75,0.7704999999999999627,0.7704999999999999627
50,118.75,0.93259999999999998455,0.93259999999999998455
51,118.75,0.75300000000000000266,0.75300000000000000266
52,118.75,0.49559999999999998499,0.49559999999999998499
53,118.75,0.87729999999999996874,0.87729999999999996874
54,118.75,0.98219999999999996199,0.98219999999999996199
55,118.75,0.82809999999999994724,0.82809999999999994724
56,118.75,0.82230000000000003091,0.82230000000000003091
57,118.75,0.65059999999999995612,0.65059999999999995612
58,118.75,0.52739999999999997993,0.52739999999999997993
59,118.75,0.12520000000000000573,0.12520000000000000573
60,118.75,0.38929999999999997939,0.38929999999999997939
61,118.75,0.67039999999999999591,0.67039999999999999591
62,118.75,0.73519999999999996465,0.73519999999999996465
63,118.75,0.76349999999999995648,0.76349999999999995648
64,118.75,0.9223000000000000087,0.9223000000000000087
65,118.75,0.96960000000000001741,0.96960000000000001741
66,118.75,0.89770000000000005347,0.89770000000000005347
67,118.75,0.57079999999999997407,0.57079999999999997407
68,118.75,0.79230000000000000426,0.79230000000000000426
69,118.75,0.99709999999999998632,0.99709999999999998632
70,118.75,0.94999999999999995559,0.94999999999999995559
-69,120,0.57740000000000002434,0.57740000000000002434
-68,120,0.64849999999999996536,0.64849999999999996536
-67,120,0.76659999999999994813,0.76659999999999994813
-66,120,0.99829999999999996518,0.99829999999999996518
-65,120,0.95550000000000001599,0.95550000000000001599
-64,120,0.83509999999999995346,0.83509999999999995346
-63,120,0.44219999999999998197,0.44219999999999998197
-62,120,0.62660000000000004583,0.62660000000000004583
-61,120,0.99080000000000001403,0.99080000000000001403
-60,120,0.73499999999999998668,0.73499999999999998668
-59,120,0.6992000000000000437,0.6992000000000000437
-58,120,0.54559999999999997389,0.54559999999999997389
-57,120,0.62729999999999996874,0.62729999999999996874
-56,120,0.41089999999999998748,0.41089999999999998748
-55,120,0.49849999999999999867,0.49849999999999999867
-54,120,0.23990000000000000213,0.23990000000000000213
-53,120,0.36490000000000000213,0.36490000000000000213
-52,120,0.80569999999999997176,0.80569999999999997176
-51,120,0.67869999999999996998,0.67869999999999996998
-50,120,0.78959999999999996856,0.78959999999999996856
-49,120,0.60519999999999996021,0.60519999999999996021
-48,120,0.74960000000000004405,0.74960000000000004405
-47,120,0.7651999999999999913,0.7651999999999999913
-46,120,0.83409999999999995257,0.83409999999999995257
-45,120,0.98609999999999997655,0.98609999999999997655
-44,120,0.84419999999999995044,0.84419999999999995044
-43,120,0.72419999999999995488,0.72419999999999995488
-42,120,0.72909999999999997033,0.72909999999999997033
-41,120,0.76319999999999998952,0.76319999999999998952
-40,120,0.60909999999999997478,0.60909999999999997478
-39,120,0.43519999999999997575,0.43519999999999997575
-38,120,0.36680000000000001492,0.36680000000000001492
-37,120,0.11129999999999999616,0.11129999999999999616
-36,120,0.27369999999999999885,0.27369999999999999885
-35,120,0.48320000000000001839,0.48320000000000001839
-34,120,0.99099999999999999201,0.99099999999999999201
-33,120,0.97279999999999999805,0.97279999999999999805
-32,120,0.88829999999999997851,0.88829999999999997851
-31,120,0.80200000000000004619,0.80200000000000004619
-30,120,0.81030000000000002025,0.81030000000000002025
-29,120,0.85050000000000003375,0.85050000000000003375
-28,120,0.42159999999999997478,0.42159999999999997478
-27,120,0.12239999999999999492,0.12239999999999999492
-26,120,0.20260000000000000231,0.20260000000000000231
-25,120,0.39489999999999997327,0.39489999999999997327
-24,120,0.5597999999999999643,0.5597999999999999643
-23,120,0.13589999999999999303,0.13589999999999999303
-22,120,0.033799999999999996714,0.033799999999999996714
-21,120,0.021799999999999999933,0.021799999999999999933
-20,120,0.012200000000000000774,0.012200000000000000774
-19,120,0.0085000000000000006106,0.0085000000000000006106
-18,120,0.0092999999999999992395,0.0092999999999999992395
-17,120,0.0088000000000000005301,0.0088000000000000005301
-16,120,0.007100000000000000408,0.007100000000000000408
-15,120,0.0068999999999999998834,0.0068999999999999998834
-14,120,0.0041000000000000003456,0.0041000000000000003456
-13,120,0.0032000000000000001533,0.0032000000000000001533
-12,120,0.0016000000000000000767,0.0016000000000000000767
-11,120,0.0012999999999999999403,0.0012999999999999999403
-10,120,0.0051999999999999997613,0.0051999999999999997613
-9,120,0.0080999999999999995615,0.0080999999999999995615
-8,120,0.0068999999999999998834,0.0068999999999999998834
-7,120,0.0044000000000000002651,0.0044000000000000002651
-6,120,0.023500000000000000056,0.023500000000000000056
-5,120,0.12659999999999999032,0.12659999999999999032
-4,120,0.13480000000000000315,0.13480000000000000315
-3,120,0.22520000000000001128,0.22520000000000001128
-2,120,0.32359999999999999876,0.32359999999999999876
-1,120,0.13500000000000000888,0.13500000000000000888
0,120,0.068599999999999994316,0.068599999999999994316
1,120,0.0051000000000000003664,0.0051000000000000003664
2,120,0.0016000000000000000767,0.0016000000000000000767
3,120,0.00059999999999999994744,0.00059999999999999994744
4,120,0.00040000000000000001917,0.00040000000000000001917
5,120,0.00020000000000000000958,0.00020000000000000000958
6,120,0.00029999999999999997372,0.00029999999999999997372
7,120,0.00029999999999999997372,0.00029999999999999997372
8,120,0.00029999999999999997372,0.00029999999999999997372
9,120,0.00040000000000000001917,0.00040000000000000001917
10,120,0,0
11,120,0.00029999999999999997372,0.00029999999999999997372
12,120,0.00029999999999999997372,0.00029999999999999997372
13,120,0.0016999999999999999053,0.0016999999999999999053
14,120,0.0054999999999999996808,0.0054999999999999996808
15,120,0.0074999999999999997224,0.0074999999999999997224
16,120,0.0054000000000000002859,0.0054000000000000002859
17,120,0.0037000000000000001638,0.0037000000000000001638
18,120,0.0092999999999999992395,0.0092999999999999992395
19,120,0.0064000000000000003067,0.0064000000000000003067
20,120,0.0061999999999999997821,0.0061999999999999997821
21,120,0.072700000000000000733,0.072700000000000000733
22,120,0.95130000000000003446,0.95130000000000003446
23,120,0.99960000000000004405,0.99960000000000004405
24,120,0.53359999999999996323,0.53359999999999996323
25,120,0.18609999999999998765,0.18609999999999998765
26,120,0.25109999999999998987,0.25109999999999998987
27,120,0.20439999999999999836,0.20439999999999999836
28,120,0.10899999999999999967,0.10899999999999999967
29,120,0.11899999999999999467,0.11899999999999999467
30,120,0.26440000000000002389,0.26440000000000002389
31,120,0.23530000000000000915,0.23530000000000000915
32,120,0.15920000000000000817,0.15920000000000000817
33,120,0.33010000000000000453,0.33010000000000000453
34,120,0.54069999999999995843,0.54069999999999995843
35,120,0.87080000000000001847,0.87080000000000001847
36,120,0.80640000000000000568,0.80640000000000000568
37,120,0.50660000000000005027,0.50660000000000005027
38,120,0.40239999999999997993,0.40239999999999997993
39,120,0.3536000000000000254,0.3536000000000000254
40,120,0.43309999999999998499,0.43309999999999998499
41,120,0.28949999999999997957,0.28949999999999997957
42,120,0.47039999999999998481,0.47039999999999998481
43,120,0.67559999999999997833,0.67559999999999997833
44,120,0.51839999999999997193,0.51839999999999997193
45,120,0.30309999999999998055,0.30309999999999998055
46,120,0.20690000000000000058,0.20690000000000000058
47,120,0.44300000000000000488,0.44300000000000000488
48,120,0.80359999999999998099,0.80359999999999998099
49,120,0.89770000000000005347,0.89770000000000005347
50,120,0.81979999999999997318,0.81979999999999997318
51,120,0.84970000000000001084,0.84970000000000001084
52,120,0.78849999999999997868,0.78849999999999997868
53,120,0.96670000000000000373,0.96670000000000000373
54,120,0.87909999999999999254,0.87909999999999999254
55,120,0.83830000000000004512,0.83830000000000004512
56,120,0.76410000000000000142,0.76410000000000000142
57,120,0.62450000000000005507,0.62450000000000005507
58,120,0.27689999999999997948,0.27689999999999997948
59,120,0.098400000000000001354,0.098400000000000001354
60,120,0.26729999999999998206,0.26729999999999998206
61,120,0.4777000000000000135,0.4777000000000000135
62,120,0.74150000000000004796,0.74150000000000004796
63,120,0.76109999999999999876,0.76109999999999999876
64,120,0.94599999999999995204,0.94599999999999995204
65,120,0.94799999999999995381,0.94799999999999995381
66,120,0.97650000000000003464,0.97650000000000003464
67,120,0.80620000000000002771,0.80620000000000002771
68,120,0.92849999999999999201,0.92849999999999999201
69,120,0.99450000000000005063,0.99450000000000005063
70,120,0.97719999999999995755,0.97719999999999995755
-69,121.25,0.61980000000000001759,0.61980000000000001759
-68,121.25,0.73719999999999996643,0.73719999999999996643
-67,121.25,0.83650000000000002132,0.83650000000000002132
-66,121.25,0.99899999999999999911,0.99899999999999999911
-65,121.25,0.98219999999999996199,0.98219999999999996199
-64,121.25,0.72799999999999998046,0.72799999999999998046
-63,121.25,0.3420000000000000262,0.3420000000000000262
-62,121.25,0.60289999999999999147,0.60289999999999999147
-61,121.25,0.99609999999999998543,0.99609999999999998543
-60,121.25,0.61460000000000003517,0.61460000000000003517
-59,121.25,0.60850000000000004086,0.60850000000000004086
-58,121.25,0.58060000000000000497,0.58060000000000000497
-57,121.25,0.41239999999999998881,0.41239999999999998881
-56,121.25,0.34029999999999999138,0.34029999999999999138
-55,121.25,0.31830000000000002736,0.31830000000000002736
-54,121.25,0.47199999999999997513,0.47199999999999997513
-53,121.25,0.82550000000000001155,0.82550000000000001155
-52,121.25,0.97719999999999995755,0.97719999999999995755
-51,121.25,0.51100000000000000977,0.51100000000000000977
-50,121.25,0.78459999999999996412,0.78459999999999996412
-49,121.25,0.57599999999999995648,0.57599999999999995648
-48,121.25,0.94310000000000004938,0.94310000000000004938
-47,121.25,0.98360000000000002984,0.98360000000000002984
-46,121.25,0.98629999999999995453,0.98629999999999995453
-45,121.25,0.96650000000000002576,0.96650000000000002576
-44,121.25,0.66710000000000002629,0.66710000000000002629
-43,121.25,0.65600000000000002753,0.65600000000000002753
-42,121.25,0.55589999999999994973,0.55589999999999994973
-41,121.25,0.57889999999999997016,0.57889999999999997016
-40,121.25,0.40729999999999999538,0.40729999999999999538
-39,121.25,0.46710000000000001519,0.46710000000000001519
-38,121.25,0.32190000000000001945,0.32190000000000001945
-37,121.25,0.2857000000000000095,0.2857000000000000095
-36,121.25,0.46539999999999998037,0.46539999999999998037
-35,121.25,0.76029999999999997584,0.76029999999999997584
-34,121.25,0.98040000000000004921,0.98040000000000004921
-33,121.25,0.89880000000000004334,0.89880000000000004334
-32,121.25,0.95209999999999994635,0.95209999999999994635
-31,121.25,0.88680000000000003268,0.88680000000000003268
-30,121.25,0.81010000000000004228,0.81010000000000004228
-29,121.25,0.59850000000000003197,0.59850000000000003197
-28,121.25,0.22720000000000001306,0.22720000000000001306
-27,121.25,0.16609999999999999765,0.16609999999999999765
-26,121.25,0.19079999999999999738,0.19079999999999999738
-25,121.25,0.24970000000000000528,0.24970000000000000528
-24,121.25,0.29439999999999999503,0.29439999999999999503
-23,121.25,0.14580000000000001292,0.14580000000000001292
-22,121.25,0.038800000000000001155,0.038800000000000001155
-21,121.25,0.016099999999999999728,0.016099999999999999728
-20,121.25,0.0071999999999999998029,0.0071999999999999998029
-19,121.25,0.0079000000000000007716,0.0079000000000000007716
-18,121.25,0.0074000000000000003275,0.0074000000000000003275
-17,121.25,0.0047000000000000001846,0.0047000000000000001846
-16,121.25,0.0050000000000000001041,0.0050000000000000001041
-15,121.25,0.0041999999999999997405,0.0041999999999999997405
-14,121.25,0.002500000000000000052,0.002500000000000000052
-13,121.25,0.0030000000000000000625,0.0030000000000000000625
-12,121.25,0.0022000000000000001325,0.0022000000000000001325
-11,121.25,0.0015000000000000000312,0.0015000000000000000312
-10,121.25,0.0023999999999999997898,0.0023999999999999997898
-9,121.25,0.0050000000000000001041,0.0050000000000000001041
-8,121.25,0.010200000000000000733,0.010200000000000000733
-7,121.25,0.0033999999999999998106,0.0033999999999999998106
-6,121.25,0.011499999999999999806,0.011499999999999999806
-5,121.25,0.02359999999999999945,0.02359999999999999945
-4,121.25,0.019099999999999998923,0.019099999999999998923
-3,121.25,0.0023999999999999997898,0.0023999999999999997898
-2,121.25,0.00020000000000000000958,0.00020000000000000000958
-1,121.25,0.0016999999999999999053,0.0016999999999999999053
0,121.25,0.0016000000000000000767,0.0016000000000000000767
1,121.25,0.0011000000000000000663,0.0011000000000000000663
2,121.25,0.00040000000000000001917,0.00040000000000000001917
3,121.25,0.00089999999999999997537,0.00089999999999999997537
4,121.25,0.00059999999999999994744,0.00059999999999999994744
5,121.25,0.00020000000000000000958,0.00020000000000000000958
6,121.25,0.00059999999999999994744,0.00059999999999999994744
7,121.25,0.00050000000000000001041,0.00050000000000000001041
8,121.25,0.00020000000000000000958,0.00020000000000000000958
9,121.25,0.00010000000000000000479,0.00010000000000000000479
10,121.25,0.00010000000000000000479,0.00010000000000000000479
11,121.25,0.00069999999999999999289,0.00069999999999999999289
12,121.25,0.00010000000000000000479,0.00010000000000000000479
13,121.25,0.00080000000000000003834,0.00080000000000000003834
14,121.25,0.002500000000000000052,0.002500000000000000052
15,121.25,0.0035000000000000000729,0.0035000000000000000729
16,121.25,0.012399999999999999564,0.012399999999999999564
17,121.25,0.017100000000000000616,0.017100000000000000616
18,121.25,0.018200000000000000899,0.018200000000000000899
19,121.25,0.021100000000000000699,0.021100000000000000699
20,121.25,0.021999999999999998723,0.021999999999999998723
21,121.25,0.095600000000000004419,0.095600000000000004419
22,121.25,0.50419999999999998153,0.50419999999999998153
23,121.25,0.56640000000000001457,0.56640000000000001457
24,121.25,0.76690000000000002611,0.76690000000000002611
25,121.25,0.98719999999999996643,0.98719999999999996643
26,121.25,0.54510000000000002895,0.54510000000000002895
27,121.25,0.26669999999999999263,0.26669999999999999263
28,121.25,0.065600000000000005529,0.065600000000000005529
29,121.25,0.1375000000000000111,0.1375000000000000111
30,121.25,0.37519999999999997797,0.37519999999999997797
31,121.25,0.47960000000000002629,0.47960000000000002629
32,121.25,0.41510000000000002451,0.41510000000000002451
33,121.25,0.41049999999999997602,0.41049999999999997602
34,121.25,0.45510000000000000453,0.45510000000000000453
35,121.25,0.83189999999999997282,0.83189999999999997282
36,121.25,0.77159999999999995257,0.77159999999999995257
37,121.25,0.56420000000000003482,0.56420000000000003482
38,121.25,0.40639999999999998348,0.40639999999999998348
39,121.25,0.35310000000000002496,0.35310000000000002496
40,121.25,0.26919999999999999485,0.26919999999999999485
41,121.25,0.27219999999999999751,0.27219999999999999751
42,121.25,0.18570000000000000395,0.18570000000000000395
43,121.25,0.30390000000000000346,0.30390000000000000346
44,121.25,0.31309999999999998943,0.31309999999999998943
45,121.25,0.33289999999999997371,0.33289999999999997371
46,121.25,0.34460000000000001741,0.34460000000000001741
47,121.25,0.33229999999999998428,0.33229999999999998428
48,121.25,0.74109999999999998099,0.74109999999999998099
49,121.25,0.80069999999999996732,0.80069999999999996732
50,121.25,0.78169999999999995044,0.78169999999999995044
51,121.25,0.67949999999999999289,0.67949999999999999289
52,121.25,0.95699999999999996181,0.95699999999999996181
53,121.25,0.98790000000000000036,0.98790000000000000036
54,121.25,0.86170000000000002149,0.86170000000000002149
55,121.25,0.6633999999999999897,0.6633999999999999897
56,121.25,0.8820999999999999952,0.8820999999999999952
57,121.25,0.50609999999999999432,0.50609999999999999432
58,121.25,0.15920000000000000817,0.15920000000000000817
59,121.25,0.093700000000000005507,0.093700000000000005507
60,121.25,0.24779999999999999249,0.24779999999999999249
61,121.25,0.4259000000000000008,0.4259000000000000008
62,121.25,0.79149999999999998135,0.79149999999999998135
63,121.25,0.69859999999999999876,0.69859999999999999876
64,121.25,0.9758999999999999897,0.9758999999999999897
65,121.25,0.93520000000000003126,0.93520000000000003126
66,121.25,0.99980000000000002203,0.99980000000000002203
67,121.25,0.98960000000000003517,0.98960000000000003517
68,121.25,0.99880000000000002114,0.99880000000000002114
69,121.25,0.99760000000000004228,0.99760000000000004228
70,121.25,0.99360000000000003872,0.99360000000000003872
-69,122.5,0.64929999999999998828,0.64929999999999998828
-68,122.5,0.77639999999999997904,0.77639999999999997904
-67,122.5,0.82820000000000004725,0.82820000000000004725
-66,122.5,0.99180000000000001492,0.99180000000000001492
-65,122.5,0.96640000000000003677,0.96640000000000003677
-64,122.5,0.59240000000000003766,0.59240000000000003766
-63,122.5,0.27979999999999999316,0.27979999999999999316
-62,122.5,0.5231999999999999984,0.5231999999999999984
-61,122.5,0.99750000000000005329,0.99750000000000005329
-60,122.5,0.37830000000000002514,0.37830000000000002514
-59,122.5,0.40570000000000000506,0.40570000000000000506
-58,122.5,0.54910000000000003251,0.54910000000000003251
-57,122.5,0.37199999999999999734,0.37199999999999999734
-56,122.5,0.37269999999999997575,0.37269999999999997575
-55,122.5,0.33970000000000000195,0.33970000000000000195
-54,122.5,0.86499999999999999112,0.86499999999999999112
-53,122.5,0.92430000000000001048,0.92430000000000001048
-52,122.5,0.96840000000000003855,0.96840000000000003855
-51,122.5,0.74570000000000002949,0.74570000000000002949
-50,122.5,0.77659999999999995701,0.77659999999999995701
-49,122.5,0.64680000000000004157,0.64680000000000004157
-48,122.5,0.98350000000000004086,0.98350000000000004086
-47,122.5,0.92339999999999999858,0.92339999999999999858
-46,122.5,0.99199999999999999289,0.99199999999999999289
-45,122.5,0.90220000000000000195,0.90220000000000000195
-44,122.5,0.76319999999999998952,0.76319999999999998952
-43,122.5,0.44790000000000002034,0.44790000000000002034
-42,122.5,0.44150000000000000355,0.44150000000000000355
-41,122.5,0.32890000000000002567,0.32890000000000002567
-40,122.5,0.3875000000000000111,0.3875000000000000111
-39,122.5,0.23139999999999999458,0.23139999999999999458
-38,122.5,0.19670000000000001372,0.19670000000000001372
-37,122.5,0.18459999999999998632,0.18459999999999998632
-36,122.5,0.3536000000000000254,0.3536000000000000254
-35,122.5,0.68530000000000002025,0.68530000000000002025
-34,122.5,0.96650000000000002576,0.96650000000000002576
-33,122.5,0.98219999999999996199,0.98219999999999996199
-32,122.5,0.93169999999999997264,0.93169999999999997264
-31,122.5,0.63690000000000002167,0.63690000000000002167
-30,122.5,0.69940000000000002167,0.69940000000000002167
-29,122.5,0.76449999999999995737,0.76449999999999995737
-28,122.5,0.6132999999999999563,0.6132999999999999563
-27,122.5,0.52290000000000003144,0.52290000000000003144
-26,122.5,0.33619999999999999885,0.33619999999999999885
-25,122.5,0.15700000000000000067,0.15700000000000000067
-24,122.5,0.17910000000000000919,0.17910000000000000919
-23,122.5,0.083199999999999996181,0.083199999999999996181
-22,122.5,0.028099999999999999978,0.028099999999999999978
-21,122.5,0.022399999999999999772,0.022399999999999999772
-20,122.5,0.011299999999999999281,0.011299999999999999281
-19,122.5,0.0071999999999999998029,0.0071999999999999998029
-18,122.5,0.0022999999999999999611,0.0022999999999999999611
-17,122.5,0.0027999999999999999716,0.0027999999999999999716
-16,122.5,0.003899999999999999821,0.003899999999999999821
-15,122.5,0.0041000000000000003456,0.0041000000000000003456
-14,122.5,0.0020000000000000000416,0.0020000000000000000416
-13,122.5,0.0044000000000000002651,0.0044000000000000002651
-12,122.5,0.003299999999999999982,0.003299999999999999982
-11,122.5,0.0040000000000000000833,0.0040000000000000000833
-10,122.5,0.0044000000000000002651,0.0044000000000000002651
-9,122.5,0.0075999999999999999847,0.0075999999999999999847
-8,122.5,0.01779999999999999985,0.01779999999999999985
-7,122.5,0.0067999999999999996211,0.0067999999999999996211
-6,122.5,0.008399999999999999481,0.008399999999999999481
-5,122.5,0.011199999999999999886,0.011199999999999999886
-4,122.5,0.0091000000000000004496,0.0091000000000000004496
-3,122.5,0.003299999999999999982,0.003299999999999999982
-2,122.5,0.0011999999999999998949,0.0011999999999999998949
-1,122.5,0.002500000000000000052,0.002500000000000000052
0,122.5,0.0016000000000000000767,0.0016000000000000000767
1,122.5,0.00059999999999999994744,0.00059999999999999994744
2,122.5,0.00059999999999999994744,0.00059999999999999994744
3,122.5,0,0
4,122.5,0.00040000000000000001917,0.00040000000000000001917
5,122.5,0.00050000000000000001041,0.00050000000000000001041
6,122.5,0.00029999999999999997372,0.00029999999999999997372
7,122.5,0.0035999999999999999015,0.0035999999999999999015
8,122.5,0.0030999999999999998911,0.0030999999999999998911
9,122.5,0.00029999999999999997372,0.00029999999999999997372
10,122.5,0.00020000000000000000958,0.00020000000000000000958
11,122.5,0.00010000000000000000479,0.00010000000000000000479
12,122.5,0,0
13,122.5,0.0015000000000000000312,0.0015000000000000000312
14,122.5,0.0011000000000000000663,0.0011000000000000000663
15,122.5,0.0016999999999999999053,0.0016999999999999999053
16,122.5,0.0012999999999999999403,0.0012999999999999999403
17,122.5,0.0017999999999999999507,0.0017999999999999999507
18,122.5,0.0097999999999999996836,0.0097999999999999996836
19,122.5,0.047000000000000000111,0.047000000000000000111
20,122.5,0.058599999999999999312,0.058599999999999999312
21,122.5,0.10960000000000000298,0.10960000000000000298
22,122.5,0.47870000000000001439,0.47870000000000001439
23,122.5,0.89449999999999996181,0.89449999999999996181
24,122.5,0.99970000000000003304,0.99970000000000003304
25,122.5,0.85389999999999999236,0.85389999999999999236
26,122.5,0.52039999999999997371,0.52039999999999997371
27,122.5,0.28010000000000001563,0.28010000000000001563
28,122.5,0.048300000000000002653,0.048300000000000002653
29,122.5,0.085099999999999995093,0.085099999999999995093
30,122.5,0.19450000000000000622,0.19450000000000000622
31,122.5,0.44509999999999999565,0.44509999999999999565
32,122.5,0.53380000000000005222,0.53380000000000005222
33,122.5,0.31469999999999997975,0.31469999999999997975
34,122.5,0.23790000000000000036,0.23790000000000000036
35,122.5,0.25669999999999998375,0.25669999999999998375
36,122.5,0.55369999999999996998,0.55369999999999996998
37,122.5,0.58050000000000001599,0.58050000000000001599
38,122.5,0.41770000000000001572,0.41770000000000001572
39,122.5,0.40849999999999997424,0.40849999999999997424
40,122.5,0.34889999999999998792,0.34889999999999998792
41,122.5,0.18370000000000000218,0.18370000000000000218
42,122.5,0.13270000000000001239,0.13270000000000001239
43,122.5,0.41270000000000001128,0.41270000000000001128
44,122.5,0.48709999999999997744,0.48709999999999997744
45,122.5,0.41760000000000002673,0.41760000000000002673
46,122.5,0.44990000000000002212,0.44990000000000002212
47,122.5,0.34739999999999998659,0.34739999999999998659
48,122.5,0.64059999999999994724,0.64059999999999994724
49,122.5,0.55920000000000003038,0.55920000000000003038
50,122.5,0.58720000000000005524,0.58720000000000005524
51,122.5,0.56420000000000003482,0.56420000000000003482
52,122.5,0.81889999999999996128,0.81889999999999996128
53,122.5,0.87819999999999998064,0.87819999999999998064
54,122.5,0.90049999999999996714,0.90049999999999996714
55,122.5,0.69750000000000000888,0.69750000000000000888
56,122.5,0.68579999999999996518,0.68579999999999996518
57,122.5,0.62719999999999997975,0.62719999999999997975
58,122.5,0.16459999999999999631,0.16459999999999999631
59,122.5,0.094799999999999995381,0.094799999999999995381
60,122.5,0.1710000000000000131,0.1710000000000000131
61,122.5,0.35049999999999997824,0.35049999999999997824
62,122.5,0.85789999999999999591,0.85789999999999999591
63,122.5,0.82059999999999999609,0.82059999999999999609
64,122.5,0.91379999999999994564,0.91379999999999994564
65,122.5,0.8920000000000000151,0.8920000000000000151
66,122.5,0.99980000000000002203,0.99980000000000002203
67,122.5,0.9795000000000000373,0.9795000000000000373
68,122.5,0.99480000000000001759,0.99480000000000001759
69,122.5,0.99829999999999996518,0.99829999999999996518
70,122.5,0.98990000000000000213,0.98990000000000000213
-69,123.75,0.66100000000000003197,0.66100000000000003197
-68,123.75,0.80659999999999998366,0.80659999999999998366
-67,123.75,0.87070000000000002949,0.87070000000000002949
-66,123.75,0.96650000000000002576,0.96650000000000002576
-65,123.75,0.91169999999999995488,0.91169999999999995488
-64,123.75,0.49480000000000001759,0.49480000000000001759
-63,123.75,0.31780000000000002691,0.31780000000000002691
-62,123.75,0.54439999999999999503,0.54439999999999999503
-61,123.75,0.99139999999999994795,0.99139999999999994795
-60,123.75,0.1990999999999999992,0.1990999999999999992
-59,123.75,0.28360000000000001874,0.28360000000000001874
-58,123.75,0.46400000000000002354,0.46400000000000002354
-57,123.75,0.41170000000000001039,0.41170000000000001039
-56,123.75,0.73140000000000005009,0.73140000000000005009
-55,123.75,0.69579999999999997407,0.69579999999999997407
-54,123.75,0.98229999999999995097,0.98229999999999995097
-53,123.75,0.98260000000000002895,0.98260000000000002895
-52,123.75,0.97379999999999999893,0.97379999999999999893
-51,123.75,0.89900000000000002132,0.89900000000000002132
-50,123.75,0.54320000000000001616,0.54320000000000001616
-49,123.75,0.71919999999999995044,0.71919999999999995044
-48,123.75,0.81089999999999995417,0.81089999999999995417
-47,123.75,0.81840000000000001634,0.81840000000000001634
-46,123.75,0.99890000000000001013,0.99890000000000001013
-45,123.75,0.7973000000000000087,0.7973000000000000087
-44,123.75,0.49899999999999999911,0.49899999999999999911
-43,123.75,0.18759999999999998899,0.18759999999999998899
-42,123.75,0.32519999999999998908,0.32519999999999998908
-41,123.75,0.32750000000000001332,0.32750000000000001332
-40,123.75,0.2535999999999999921,0.2535999999999999921
-39,123.75,0.089700000000000001954,0.089700000000000001954
-38,123.75,0.1655999999999999972,0.1655999999999999972
-37,123.75,0.097799999999999998046,0.097799999999999998046
-36,123.75,0.20419999999999999263,0.20419999999999999263
-35,123.75,0.43330000000000001847,0.43330000000000001847
-34,123.75,0.77559999999999995612,0.77559999999999995612
-33,123.75,0.77100000000000001865,0.77100000000000001865
-32,123.75,0.93579999999999996518,0.93579999999999996518
-31,123.75,0.62980000000000002647,0.62980000000000002647
-30,123.75,0.85899999999999998579,0.85899999999999998579
-29,123.75,0.87039999999999995151,0.87039999999999995151
-28,123.75,0.72850000000000003642,0.72850000000000003642
-27,123.75,0.64559999999999995168,0.64559999999999995168
-26,123.75,0.42430000000000001048,0.42430000000000001048
-25,123.75,0.23630000000000001004,0.23630000000000001004
-24,123.75,0.11709999999999999576,0.11709999999999999576
-23,123.75,0.054800000000000001488,0.054800000000000001488
-22,123.75,0.0355999999999999997,0.0355999999999999997
-21,123.75,0.029499999999999998446,0.029499999999999998446
-20,123.75,0.013199999999999999928,0.013199999999999999928
-19,123.75,0.0050000000000000001041,0.0050000000000000001041
-18,123.75,0.0011999999999999998949,0.0011999999999999998949
-17,123.75,0.0027000000000000001429,0.0027000000000000001429
-16,123.75,0.0047999999999999995795,0.0047999999999999995795
-15,123.75,0.0050000000000000001041,0.0050000000000000001041
-14,123.75,0.0035999999999999999015,0.0035999999999999999015
-13,123.75,0.0037000000000000001638,0.0037000000000000001638
-12,123.75,0.0012999999999999999403,0.0012999999999999999403
-11,123.75,0.00089999999999999997537,0.00089999999999999997537
-10,123.75,0.0091000000000000004496,0.0091000000000000004496
-9,123.75,0.0054000000000000002859,0.0054000000000000002859
-8,123.75,0.0080000000000000001665,0.0080000000000000001665
-7,123.75,0.0055999999999999999431,0.0055999999999999999431
-6,123.75,0.0061000000000000003872,0.0061000000000000003872
-5,123.75,0.009599999999999999159,0.009599999999999999159
-4,123.75,0.011100000000000000491,0.011100000000000000491
-3,123.75,0.0074000000000000003275,0.0074000000000000003275
-2,123.75,0.0054000000000000002859,0.0054000000000000002859
-1,123.75,0.0040000000000000000833,0.0040000000000000000833
0,123.75,0.003299999999999999982,0.003299999999999999982
1,123.75,0.00040000000000000001917,0.00040000000000000001917
2,123.75,0.00029999999999999997372,0.00029999999999999997372
3,123.75,0.00040000000000000001917,0.00040000000000000001917
4,123.75,0,0
5,123.75,0,0
6,123.75,0.00069999999999999999289,0.00069999999999999999289
7,123.75,0.0013999999999999999858,0.0013999999999999999858
8,123.75,0.0016000000000000000767,0.0016000000000000000767
9,123.75,0,0
10,123.75,0.00010000000000000000479,0.00010000000000000000479
11,123.75,0.00020000000000000000958,0.00020000000000000000958
12,123.75,0.00020000000000000000958,0.00020000000000000000958
13,123.75,0.0010000000000000000208,0.0010000000000000000208
14,123.75,0.00080000000000000003834,0.00080000000000000003834
15,123.75,0.00080000000000000003834,0.00080000000000000003834
16,123.75,0.00069999999999999999289,0.00069999999999999999289
17,123.75,0.0032000000000000001533,0.0032000000000000001533
18,123.75,0.025000000000000001388,0.025000000000000001388
19,123.75,0.064299999999999996048,0.064299999999999996048
20,123.75,0.097100000000000005751,0.097100000000000005751
21,123.75,0.16359999999999999543,0.16359999999999999543
22,123.75,0.4784999999999999809,0.4784999999999999809
23,123.75,0.94130000000000002558,0.94130000000000002558
24,123.75,0.94230000000000002647,0.94230000000000002647
25,123.75,0.70130000000000003446,0.70130000000000003446
26,123.75,0.29080000000000000293,0.29080000000000000293
27,123.75,0.16259999999999999454,0.16259999999999999454
28,123.75,0.043400000000000001077,0.043400000000000001077
29,123.75,0.028099999999999999978,0.028099999999999999978
30,123.75,0.078500000000000000333,0.078500000000000000333
31,123.75,0.22709999999999999631,0.22709999999999999631
32,123.75,0.35899999999999998579,0.35899999999999998579
33,123.75,0.25530000000000002691,0.25530000000000002691
34,123.75,0.17269999999999999241,0.17269999999999999241
35,123.75,0.14349999999999998868,0.14349999999999998868
36,123.75,0.16869999999999998885,0.16869999999999998885
37,123.75,0.4320999999999999841,0.4320999999999999841
38,123.75,0.4561999999999999944,0.4561999999999999944
39,123.75,0.36309999999999997833,0.36309999999999997833
40,123.75,0.45250000000000001332,0.45250000000000001332
41,123.75,0.35549999999999998268,0.35549999999999998268
42,123.75,0.20339999999999999747,0.20339999999999999747
43,123.75,0.39389999999999997238,0.39389999999999997238
44,123.75,0.42820000000000002505,0.42820000000000002505
45,123.75,0.3679000000000000048,0.3679000000000000048
46,123.75,0.56569999999999998064,0.56569999999999998064
47,123.75,0.40689999999999998392,0.40689999999999998392
48,123.75,0.55610000000000003872,0.55610000000000003872
49,123.75,0.80889999999999995239,0.80889999999999995239
50,123.75,0.6831000000000000405,0.6831000000000000405
51,123.75,0.70120000000000004547,0.70120000000000004547
52,123.75,0.82989999999999997105,0.82989999999999997105
53,123.75,0.92439999999999999947,0.92439999999999999947
54,123.75,0.70099999999999995648,0.70099999999999995648
55,123.75,0.71579999999999999183,0.71579999999999999183
56,123.75,0.65039999999999997815,0.65039999999999997815
57,123.75,0.51890000000000002789,0.51890000000000002789
58,123.75,0.17599999999999998979,0.17599999999999998979
59,123.75,0.091800000000000006595,0.091800000000000006595
60,123.75,0.064399999999999998912,0.064399999999999998912
61,123.75,0.12709999999999999076,0.12709999999999999076
62,123.75,0.68279999999999996252,0.68279999999999996252
63,123.75,0.91569999999999995843,0.91569999999999995843
64,123.75,0.90839999999999998526,0.90839999999999998526
65,123.75,0.73619999999999996554,0.73619999999999996554
66,123.75,0.9990999999999999881,0.9990999999999999881
67,123.75,0.96150000000000002132,0.96150000000000002132
68,123.75,0.9885000000000000453,0.9885000000000000453
69,123.75,0.99799999999999999822,0.99799999999999999822
70,123.75,0.99660000000000004139,0.99660000000000004139
-69,125,0.65500000000000002665,0.65500000000000002665
-68,125,0.83650000000000002132,0.83650000000000002132
-67,125,0.92889999999999994795,0.92889999999999994795
-66,125,0.9322000000000000286,0.9322000000000000286
-65,125,0.8403000000000000469,0.8403000000000000469
-64,125,0.44759999999999999787,0.44759999999999999787
-63,125,0.47339999999999998748,0.47339999999999998748
-62,125,0.71299999999999996714,0.71299999999999996714
-61,125,0.93330000000000001847,0.93330000000000001847
-60,125,0.16819999999999998841,0.16819999999999998841
-59,125,0.26040000000000002034,0.26040000000000002034
-58,125,0.50849999999999995204,0.50849999999999995204
-57,125,0.60170000000000001261,0.60170000000000001261
-56,125,0.94779999999999997584,0.94779999999999997584
-55,125,0.93020000000000002682,0.93020000000000002682
-54,125,0.95289999999999996927,0.95289999999999996927
-53,125,0.92220000000000001972,0.92220000000000001972
-52,125,0.9170000000000000373,0.9170000000000000373
-51,125,0.88709999999999999964,0.88709999999999999964
-50,125,0.72399999999999997691,0.72399999999999997691
-49,125,0.96989999999999998437,0.96989999999999998437
-48,125,0.64600000000000001865,0.64600000000000001865
-47,125,0.85789999999999999591,0.85789999999999999591
-46,125,0.93920000000000003482,0.93920000000000003482
-45,125,0.36480000000000001315,0.36480000000000001315
-44,125,0.21190000000000000502,0.21190000000000000502
-43,125,0.15779999999999999583,0.15779999999999999583
-42,125,0.30440000000000000391,0.30440000000000000391
-41,125,0.15409999999999998699,0.15409999999999998699
-40,125,0.063100000000000003308,0.063100000000000003308
-39,125,0.012200000000000000774,0.012200000000000000774
-38,125,0.048399999999999998579,0.048399999999999998579
-37,125,0.048700000000000000233,0.048700000000000000233
-36,125,0.54000000000000003553,0.54000000000000003553
-35,125,0.5099000000000000199,0.5099000000000000199
-34,125,0.72909999999999997033,0.72909999999999997033
-33,125,0.97999999999999998224,0.97999999999999998224
-32,125,0.90880000000000005222,0.90880000000000005222
-31,125,0.92889999999999994795,0.92889999999999994795
-30,125,0.98019999999999996021,0.98019999999999996021
-29,125,0.86919999999999997264,0.86919999999999997264
-28,125,0.56030000000000002025,0.56030000000000002025
-27,125,0.495499999999999996,0.495499999999999996
-26,125,0.26260000000000000009,0.26260000000000000009
-25,125,0.42949999999999999289,0.42949999999999999289
-24,125,0.38979999999999997984,0.38979999999999997984
-23,125,0.18060000000000001052,0.18060000000000001052
-22,125,0.082000000000000003442,0.082000000000000003442
-21,125,0.052600000000000000921,0.052600000000000000921
-20,125,0.044600000000000000755,0.044600000000000000755
-19,125,0.0064000000000000003067,0.0064000000000000003067
-18,125,0.00069999999999999999289,0.00069999999999999999289
-17,125,0.0035999999999999999015,0.0035999999999999999015
-16,125,0.0027999999999999999716,0.0027999999999999999716
-15,125,0.0025999999999999998807,0.0025999999999999998807
-14,125,0.0054999999999999996808,0.0054999999999999996808
-13,125,0.0074000000000000003275,0.0074000000000000003275
-12,125,0.0013999999999999999858,0.0013999999999999999858
-11,125,0.0012999999999999999403,0.0012999999999999999403
-10,125,0.016500000000000000777,0.016500000000000000777
-9,125,0.02050000000000000086,0.02050000000000000086
-8,125,0.0011999999999999998949,0.0011999999999999998949
-7,125,0.0028999999999999998002,0.0028999999999999998002
-6,125,0.0057999999999999996003,0.0057999999999999996003
-5,125,0.0071999999999999998029,0.0071999999999999998029
-4,125,0.019499999999999999972,0.019499999999999999972
-3,125,0.0091999999999999998446,0.0091999999999999998446
-2,125,0.00899999999999999932,0.00899999999999999932
-1,125,0.0020999999999999998702,0.0020999999999999998702
0,125,0.00080000000000000003834,0.00080000000000000003834
1,125,0.00010000000000000000479,0.00010000000000000000479
2,125,0.00080000000000000003834,0.00080000000000000003834
3,125,0.0011000000000000000663,0.0011000000000000000663
4,125,0.00040000000000000001917,0.00040000000000000001917
5,125,0,0
6,125,0,0
7,125,0.00020000000000000000958,0.00020000000000000000958
8,125,0.00040000000000000001917,0.00040000000000000001917
9,125,0.00010000000000000000479,0.00010000000000000000479
10,125,0,0
11,125,0.00050000000000000001041,0.00050000000000000001041
12,125,0.0022000000000000001325,0.0022000000000000001325
13,125,0.00080000000000000003834,0.00080000000000000003834
14,125,0.00010000000000000000479,0.00010000000000000000479
15,125,0,0
16,125,0.00069999999999999999289,0.00069999999999999999289
17,125,0.0028999999999999998002,0.0028999999999999998002
18,125,0.018999999999999999528,0.018999999999999999528
19,125,0.067699999999999996292,0.067699999999999996292
20,125,0.079500000000000001221,0.079500000000000001221
21,125,0.16739999999999999325,0.16739999999999999325
22,125,0.34160000000000001474,0.34160000000000001474
23,125,0.59870000000000000995,0.59870000000000000995
24,125,0.77980000000000004867,0.77980000000000004867
25,125,0.72560000000000002274,0.72560000000000002274
26,125,0.1862000000000000044,0.1862000000000000044
27,125,0.067900000000000002021,0.067900000000000002021
28,125,0.025999999999999998807,0.025999999999999998807
29,125,0.0298000000000000001,0.0298000000000000001
30,125,0.030499999999999999334,0.030499999999999999334
31,125,0.13480000000000000315,0.13480000000000000315
32,125,0.27169999999999999707,0.27169999999999999707
33,125,0.24890000000000001013,0.24890000000000001013
34,125,0.26579999999999998073,0.26579999999999998073
35,125,0.18379999999999999116,0.18379999999999999116
36,125,0.10230000000000000204,0.10230000000000000204
37,125,0.21959999999999998965,0.21959999999999998965
38,125,0.55520000000000002682,0.55520000000000002682
39,125,0.5275999999999999579,0.5275999999999999579
40,125,0.53000000000000002665,0.53000000000000002665
41,125,0.46810000000000001608,0.46810000000000001608
42,125,0.51670000000000004814,0.51670000000000004814
43,125,0.44319999999999998286,0.44319999999999998286
44,125,0.39310000000000000497,0.39310000000000000497
45,125,0.36370000000000002327,0.36370000000000002327
46,125,0.50700000000000000622,0.50700000000000000622
47,125,0.27520000000000000018,0.27520000000000000018
48,125,0.46350000000000002309,0.46350000000000002309
49,125,0.72019999999999995133,0.72019999999999995133
50,125,0.95860000000000000764,0.95860000000000000764
51,125,0.88000000000000000444,0.88000000000000000444
52,125,0.82269999999999998685,0.82269999999999998685
53,125,0.83069999999999999396,0.83069999999999999396
54,125,0.67549999999999998934,0.67549999999999998934
55,125,0.69930000000000003268,0.69930000000000003268
56,125,0.49809999999999998721,0.49809999999999998721
57,125,0.37780000000000002469,0.37780000000000002469
58,125,0.34499999999999997335,0.34499999999999997335
59,125,0.058500000000000003386,0.058500000000000003386
60,125,0.023300000000000001266,0.023300000000000001266
61,125,0.048300000000000002653,0.048300000000000002653
62,125,0.42399999999999998801,0.42399999999999998801
63,125,0.95989999999999997549,0.95989999999999997549
64,125,0.89180000000000003713,0.89180000000000003713
65,125,0.81200000000000005507,0.81200000000000005507
66,125,0.99739999999999995328,0.99739999999999995328
67,125,0.99050000000000004707,0.99050000000000004707
68,125,0.98470000000000001972,0.98470000000000001972
69,125,0.9786000000000000254,0.9786000000000000254
70,125,0.99829999999999996518,0.99829999999999996518
-69,126.25,0.65080000000000004512,0.65080000000000004512
-68,126.25,0.88919999999999999041,0.88919999999999999041
-67,126.25,0.94520000000000004015,0.94520000000000004015
-66,126.25,0.91300000000000003375,0.91300000000000003375
-65,126.25,0.80669999999999997264,0.80669999999999997264
-64,126.25,0.49940000000000001057,0.49940000000000001057
-63,126.25,0.66200000000000003286,0.66200000000000003286
-62,126.25,0.89629999999999998561,0.89629999999999998561
-61,126.25,0.72350000000000003197,0.72350000000000003197
-60,126.25,0.1942000000000000115,0.1942000000000000115
-59,126.25,0.38390000000000001901,0.38390000000000001901
-58,126.25,0.59779999999999999805,0.59779999999999999805
-57,126.25,0.6311999999999999833,0.6311999999999999833
-56,126.25,0.91439999999999999059,0.91439999999999999059
-55,126.25,0.80340000000000000302,0.80340000000000000302
-54,126.25,0.89119999999999999218,0.89119999999999999218
-53,126.25,0.96579999999999999183,0.96579999999999999183
-52,126.25,0.75800000000000000711,0.75800000000000000711
-51,126.25,0.84960000000000002185,0.84960000000000002185
-50,126.25,0.99629999999999996341,0.99629999999999996341
-49,126.25,0.90429999999999999272,0.90429999999999999272
-48,126.25,0.70589999999999997193,0.70589999999999997193
-47,126.25,0.98719999999999996643,0.98719999999999996643
-46,126.25,0.46320000000000000062,0.46320000000000000062
-45,126.25,0.14419999999999999485,0.14419999999999999485
-44,126.25,0.19359999999999999432,0.19359999999999999432
-43,126.25,0.19089999999999998637,0.19089999999999998637
-42,126.25,0.18990000000000001323,0.18990000000000001323
-41,126.25,0.020600000000000000255,0.020600000000000000255
-40,126.25,0.0094999999999999997641,0.0094999999999999997641
-39,126.25,0.0055999999999999999431,0.0055999999999999999431
-38,126.25,0.024400000000000001549,0.024400000000000001549
-37,126.25,0.19530000000000000138,0.19530000000000000138
-36,126.25,0.5383999999999999897,0.5383999999999999897
-35,126.25,0.3588999999999999968,0.3588999999999999968
-34,126.25,0.56200000000000005507,0.56200000000000005507
-33,126.25,0.99329999999999996074,0.99329999999999996074
-32,126.25,0.97560000000000002274,0.97560000000000002274
-31,126.25,0.92469999999999996643,0.92469999999999996643
-30,126.25,0.8911000000000000032,0.8911000000000000032
-29,126.25,0.48649999999999998801,0.48649999999999998801
-28,126.25,0.42790000000000000258,0.42790000000000000258
-27,126.25,0.30590000000000000524,0.30590000000000000524
-26,126.25,0.3643000000000000127,0.3643000000000000127
-25,126.25,0.33950000000000002398,0.33950000000000002398
-24,126.25,0.23310000000000000164,0.23310000000000000164
-23,126.25,0.18829999999999999516,0.18829999999999999516
-22,126.25,0.20969999999999999751,0.20969999999999999751
-21,126.25,0.081799999999999997713,0.081799999999999997713
-20,126.25,0.064699999999999993627,0.064699999999999993627
-19,126.25,0.029100000000000000866,0.029100000000000000866
-18,126.25,0.036499999999999997724,0.036499999999999997724
-17,126.25,0.012999999999999999403,0.012999999999999999403
-16,126.25,0.012600000000000000089,0.012600000000000000089
-15,126.25,0.0094999999999999997641,0.0094999999999999997641
-14,126.25,0.011299999999999999281,0.011299999999999999281
-13,126.25,0.0061000000000000003872,0.0061000000000000003872
-12,126.25,0.0020000000000000000416,0.0020000000000000000416
-11,126.25,0.0015000000000000000312,0.0015000000000000000312
-10,126.25,0.0041000000000000003456,0.0041000000000000003456
-9,126.25,0.049200000000000000677,0.049200000000000000677
-8,126.25,0.007799999999999999642,0.007799999999999999642
-7,126.25,0.0022000000000000001325,0.0022000000000000001325
-6,126.25,0.0051999999999999997613,0.0051999999999999997613
-5,126.25,0.007700000000000000247,0.007700000000000000247
-4,126.25,0.13000000000000000444,0.13000000000000000444
-3,126.25,0.018599999999999998479,0.018599999999999998479
-2,126.25,0.010600000000000000047,0.010600000000000000047
-1,126.25,0.0032000000000000001533,0.0032000000000000001533
0,126.25,0.0012999999999999999403,0.0012999999999999999403
1,126.25,0.00059999999999999994744,0.00059999999999999994744
2,126.25,0.0017999999999999999507,0.0017999999999999999507
3,126.25,0.0016000000000000000767,0.0016000000000000000767
4,126.25,0.00080000000000000003834,0.00080000000000000003834
5,126.25,0.00020000000000000000958,0.00020000000000000000958
6,126.25,0.00020000000000000000958,0.00020000000000000000958
7,126.25,0.0012999999999999999403,0.0012999999999999999403
8,126.25,0.00050000000000000001041,0.00050000000000000001041
9,126.25,0,0
10,126.25,0.00029999999999999997372,0.00029999999999999997372
11,126.25,0.0016999999999999999053,0.0016999999999999999053
12,126.25,0.0013999999999999999858,0.0013999999999999999858
13,126.25,0.0027000000000000001429,0.0027000000000000001429
14,126.25,0.00020000000000000000958,0.00020000000000000000958
15,126.25,0,0
16,126.25,0.00020000000000000000958,0.00020000000000000000958
17,126.25,0.0030000000000000000625,0.0030000000000000000625
18,126.25,0.014999999999999999445,0.014999999999999999445
19,126.25,0.028699999999999999817,0.028699999999999999817
20,126.25,0.055599999999999996647,0.055599999999999996647
21,126.25,0.23980000000000001315,0.23980000000000001315
22,126.25,0.53779999999999994476,0.53779999999999994476
23,126.25,0.54390000000000005009,0.54390000000000005009
24,126.25,0.79930000000000001048,0.79930000000000001048
25,126.25,0.78729999999999999982,0.78729999999999999982
26,126.25,0.28110000000000001652,0.28110000000000001652
27,126.25,0.0711999999999999994,0.0711999999999999994
28,126.25,0.057299999999999996769,0.057299999999999996769
29,126.25,0.043299999999999998213,0.043299999999999998213
30,126.25,0.049399999999999999467,0.049399999999999999467
31,126.25,0.11100000000000000144,0.11100000000000000144
32,126.25,0.37459999999999998854,0.37459999999999998854
33,126.25,0.40839999999999998526,0.40839999999999998526
34,126.25,0.38169999999999998375,0.38169999999999998375
35,126.25,0.28629999999999999893,0.28629999999999999893
36,126.25,0.31209999999999998854,0.31209999999999998854
37,126.25,0.35389999999999999236,0.35389999999999999236
38,126.25,0.66659999999999997033,0.66659999999999997033
39,126.25,0.65469999999999994866,0.65469999999999994866
40,126.25,0.5516999999999999682,0.5516999999999999682
41,126.25,0.69489999999999996216,0.69489999999999996216
42,126.25,0.77559999999999995612,0.77559999999999995612
43,126.25,0.84109999999999995879,0.84109999999999995879
44,126.25,0.54330000000000000515,0.54330000000000000515
45,126.25,0.35120000000000001217,0.35120000000000001217
46,126.25,0.33970000000000000195,0.33970000000000000195
47,126.25,0.19769999999999998685,0.19769999999999998685
48,126.25,0.3563000000000000056,0.3563000000000000056
49,126.25,0.80789999999999995151,0.80789999999999995151
50,126.25,0.90410000000000001474,0.90410000000000001474
51,126.25,0.91159999999999996589,0.91159999999999996589
52,126.25,0.73280000000000000693,0.73280000000000000693
53,126.25,0.75749999999999995115,0.75749999999999995115
54,126.25,0.71209999999999995524,0.71209999999999995524
55,126.25,0.53449999999999997513,0.53449999999999997513
56,126.25,0.1723000000000000087,0.1723000000000000087
57,126.25,0.21440000000000000724,0.21440000000000000724
58,126.25,0.20990000000000000324,0.20990000000000000324
59,126.25,0.033000000000000001554,0.033000000000000001554
60,126.25,0.013499999999999999847,0.013499999999999999847
61,126.25,0.060499999999999998224,0.060499999999999998224
62,126.25,0.29370000000000001661,0.29370000000000001661
63,126.25,0.78010000000000001563,0.78010000000000001563
64,126.25,0.73140000000000005009,0.73140000000000005009
65,126.25,0.93940000000000001279,0.93940000000000001279
66,126.25,0.87119999999999997442,0.87119999999999997442
67,126.25,0.86229999999999995541,0.86229999999999995541
68,126.25,0.85860000000000002984,0.85860000000000002984
69,126.25,0.87549999999999994493,0.87549999999999994493
70,126.25,0.99139999999999994795,0.99139999999999994795
-69,127.5,0.62260000000000004228,0.62260000000000004228
-68,127.5,0.89849999999999996536,0.89849999999999996536
-67,127.5,0.95389999999999997016,0.95389999999999997016
-66,127.5,0.90229999999999999094,0.90229999999999999094
-65,127.5,0.71589999999999998082,0.71589999999999998082
-64,127.5,0.61360000000000003428,0.61360000000000003428
-63,127.5,0.6411000000000000032,0.6411000000000000032
-62,127.5,0.92179999999999995275,0.92179999999999995275
-61,127.5,0.76070000000000004281,0.76070000000000004281
-60,127.5,0.26740000000000002656,0.26740000000000002656
-59,127.5,0.50480000000000002647,0.50480000000000002647
-58,127.5,0.54949999999999998845,0.54949999999999998845
-57,127.5,0.52459999999999995524,0.52459999999999995524
-56,127.5,0.20189999999999999614,0.20189999999999999614
-55,127.5,0.43869999999999997886,0.43869999999999997886
-54,127.5,0.50809999999999999609,0.50809999999999999609
-53,127.5,0.93500000000000005329,0.93500000000000005329
-52,127.5,0.84550000000000002931,0.84550000000000002931
-51,127.5,0.83189999999999997282,0.83189999999999997282
-50,127.5,0.95909999999999995257,0.95909999999999995257
-49,127.5,0.69520000000000004015,0.69520000000000004015
-48,127.5,0.71789999999999998259,0.71789999999999998259
-47,127.5,0.91569999999999995843,0.91569999999999995843
-46,127.5,0.19680000000000000271,0.19680000000000000271
-45,127.5,0.1433000000000000107,0.1433000000000000107
-44,127.5,0.11360000000000000653,0.11360000000000000653
-43,127.5,0.13270000000000001239,0.13270000000000001239
-42,127.5,0.082699999999999995737,0.082699999999999995737
-41,127.5,0.0092999999999999992395,0.0092999999999999992395
-40,127.5,0.008399999999999999481,0.008399999999999999481
-39,127.5,0.0070000000000000001457,0.0070000000000000001457
-38,127.5,0.02050000000000000086,0.02050000000000000086
-37,127.5,0.24929999999999999383,0.24929999999999999383
-36,127.5,0.34129999999999999227,0.34129999999999999227
-35,127.5,0.37959999999999999298,0.37959999999999999298
-34,127.5,0.8740999999999999881,0.8740999999999999881
-33,127.5,0.98189999999999999503,0.98189999999999999503
-32,127.5,0.91539999999999999147,0.91539999999999999147
-31,127.5,0.94959999999999999964,0.94959999999999999964
-30,127.5,0.67749999999999999112,0.67749999999999999112
-29,127.5,0.41349999999999997868,0.41349999999999997868
-28,127.5,0.55149999999999999023,0.55149999999999999023
-27,127.5,0.27369999999999999885,0.27369999999999999885
-26,127.5,0.29820000000000002061,0.29820000000000002061
-25,127.5,0.2384000000000000008,0.2384000000000000008
-24,127.5,0.50309999999999999165,0.50309999999999999165
-23,127.5,0.48070000000000001616,0.48070000000000001616
-22,127.5,0.23400000000000001354,0.23400000000000001354
-21,127.5,0.16669999999999998708,0.16669999999999998708
-20,127.5,0.16089999999999998748,0.16089999999999998748
-19,127.5,0.17790000000000000258,0.17790000000000000258
-18,127.5,0.10420000000000000095,0.10420000000000000095
-17,127.5,0.032199999999999999456,0.032199999999999999456
-16,127.5,0.008399999999999999481,0.008399999999999999481
-15,127.5,0.010999999999999999362,0.010999999999999999362
-14,127.5,0.015299999999999999364,0.015299999999999999364
-13,127.5,0.003899999999999999821,0.003899999999999999821
-12,127.5,0.0027999999999999999716,0.0027999999999999999716
-11,127.5,0.0010000000000000000208,0.0010000000000000000208
-10,127.5,0.0022000000000000001325,0.0022000000000000001325
-9,127.5,0.012300000000000000169,0.012300000000000000169
-8,127.5,0.0086999999999999994005,0.0086999999999999994005
-7,127.5,0.0022000000000000001325,0.0022000000000000001325
-6,127.5,0.0027999999999999999716,0.0027999999999999999716
-5,127.5,0.0094999999999999997641,0.0094999999999999997641
-4,127.5,0.016600000000000000172,0.016600000000000000172
-3,127.5,0.019699999999999998762,0.019699999999999998762
-2,127.5,0.02359999999999999945,0.02359999999999999945
-1,127.5,0.016799999999999998962,0.016799999999999998962
0,127.5,0.021899999999999999328,0.021899999999999999328
1,127.5,0.017899999999999999245,0.017899999999999999245
2,127.5,0.007100000000000000408,0.007100000000000000408
3,127.5,0.002500000000000000052,0.002500000000000000052
4,127.5,0.0037000000000000001638,0.0037000000000000001638
5,127.5,0.0010000000000000000208,0.0010000000000000000208
6,127.5,0.0011000000000000000663,0.0011000000000000000663
7,127.5,0.0010000000000000000208,0.0010000000000000000208
8,127.5,0.00029999999999999997372,0.00029999999999999997372
9,127.5,0.00059999999999999994744,0.00059999999999999994744
10,127.5,0.0012999999999999999403,0.0012999999999999999403
11,127.5,0.0030000000000000000625,0.0030000000000000000625
12,127.5,0.0054999999999999996808,0.0054999999999999996808
13,127.5,0.0067000000000000002262,0.0067000000000000002262
14,127.5,0.0013999999999999999858,0.0013999999999999999858
15,127.5,0.00020000000000000000958,0.00020000000000000000958
16,127.5,0.00020000000000000000958,0.00020000000000000000958
17,127.5,0.0022000000000000001325,0.0022000000000000001325
18,127.5,0.0047000000000000001846,0.0047000000000000001846
19,127.5,0.016400000000000001382,0.016400000000000001382
20,127.5,0.027900000000000001188,0.027900000000000001188
21,127.5,0.28980000000000000204,0.28980000000000000204
22,127.5,0.81789999999999996039,0.81789999999999996039
23,127.5,0.85840000000000005187,0.85840000000000005187
24,127.5,0.8722999999999999643,0.8722999999999999643
25,127.5,0.80249999999999999112,0.80249999999999999112
26,127.5,0.37130000000000001892,0.37130000000000001892
27,127.5,0.19739999999999999214,0.19739999999999999214
28,127.5,0.13150000000000000577,0.13150000000000000577
29,127.5,0.093700000000000005507,0.093700000000000005507
30,127.5,0.15290000000000000813,0.15290000000000000813
31,127.5,0.14280000000000001026,0.14280000000000001026
32,127.5,0.23339999999999999636,0.23339999999999999636
33,127.5,0.39900000000000002132,0.39900000000000002132
34,127.5,0.43349999999999999645,0.43349999999999999645
35,127.5,0.28260000000000001785,0.28260000000000001785
36,127.5,0.5151999999999999913,0.5151999999999999913
37,127.5,0.93769999999999997797,0.93769999999999997797
38,127.5,0.89559999999999995168,0.89559999999999995168
39,127.5,0.63700000000000001066,0.63700000000000001066
40,127.5,0.52100000000000001865,0.52100000000000001865
41,127.5,0.64439999999999997282,0.64439999999999997282
42,127.5,0.65410000000000001474,0.65410000000000001474
43,127.5,0.90100000000000002309,0.90100000000000002309
44,127.5,0.67540000000000000036,0.67540000000000000036
45,127.5,0.40989999999999998659,0.40989999999999998659
46,127.5,0.42540000000000000036,0.42540000000000000036
47,127.5,0.34979999999999999982,0.34979999999999999982
48,127.5,0.38519999999999998685,0.38519999999999998685
49,127.5,0.71960000000000001741,0.71960000000000001741
50,127.5,0.68510000000000004228,0.68510000000000004228
51,127.5,0.87839999999999995861,0.87839999999999995861
52,127.5,0.63619999999999998774,0.63619999999999998774
53,127.5,0.77590000000000003411,0.77590000000000003411
54,127.5,0.86599999999999999201,0.86599999999999999201
55,127.5,0.40579999999999999405,0.40579999999999999405
56,127.5,0.12670000000000000706,0.12670000000000000706
57,127.5,0.08920000000000000151,0.08920000000000000151
58,127.5,0.11189999999999999947,0.11189999999999999947
59,127.5,0.019900000000000001021,0.019900000000000001021
60,127.5,0.011199999999999999886,0.011199999999999999886
61,127.5,0.083500000000000004774,0.083500000000000004774
62,127.5,0.16320000000000001172,0.16320000000000001172
63,127.5,0.38150000000000000577,0.38150000000000000577
64,127.5,0.4848000000000000087,0.4848000000000000087
65,127.5,0.71570000000000000284,0.71570000000000000284
66,127.5,0.64000000000000001332,0.64000000000000001332
67,127.5,0.60250000000000003553,0.60250000000000003553
68,127.5,0.59489999999999998437,0.59489999999999998437
69,127.5,0.84499999999999997335,0.84499999999999997335
70,127.5,0.99580000000000001847,0.99580000000000001847
-69,128.75,0.57220000000000004192,0.57220000000000004192
-68,128.75,0.84409999999999996145,0.84409999999999996145
-67,128.75,0.94230000000000002647,0.94230000000000002647
-66,128.75,0.90749999999999997335,0.90749999999999997335
-65,128.75,0.66039999999999998703,0.66039999999999998703
-64,128.75,0.62700000000000000178,0.62700000000000000178
-63,128.75,0.59709999999999996412,0.59709999999999996412
-62,128.75,0.81189999999999995506,0.81189999999999995506
-61,128.75,0.93559999999999998721,0.93559999999999998721
-60,128.75,0.29759999999999997566,0.29759999999999997566
-59,128.75,0.47620000000000001217,0.47620000000000001217
-58,128.75,0.42930000000000001492,0.42930000000000001492
-57,128.75,0.28439999999999998614,0.28439999999999998614
-56,128.75,0.15310000000000001386,0.15310000000000001386
-55,128.75,0.46210000000000001075,0.46210000000000001075
-54,128.75,0.36170000000000002149,0.36170000000000002149
-53,128.75,0.86270000000000002238,0.86270000000000002238
-52,128.75,0.74690000000000000835,0.74690000000000000835
-51,128.75,0.84950000000000003286,0.84950000000000003286
-50,128.75,0.64710000000000000853,0.64710000000000000853
-49,128.75,0.52980000000000004867,0.52980000000000004867
-48,128.75,0.9177999999999999492,0.9177999999999999492
-47,128.75,0.65380000000000004778,0.65380000000000004778
-46,128.75,0.20210000000000000187,0.20210000000000000187
-45,128.75,0.21979999999999999538,0.21979999999999999538
-44,128.75,0.12959999999999999298,0.12959999999999999298
-43,128.75,0.16700000000000000955,0.16700000000000000955
-42,128.75,0.02670000000000000151,0.02670000000000000151
-41,128.75,0.0094000000000000003691,0.0094000000000000003691
-40,128.75,0.0015000000000000000312,0.0015000000000000000312
-39,128.75,0.0035999999999999999015,0.0035999999999999999015
-38,128.75,0.022499999999999999167,0.022499999999999999167
-37,128.75,0.23030000000000000471,0.23030000000000000471
-36,128.75,0.43409999999999998588,0.43409999999999998588
-35,128.75,0.81489999999999995772,0.81489999999999995772
-34,128.75,0.99739999999999995328,0.99739999999999995328
-33,128.75,0.95340000000000002522,0.95340000000000002522
-32,128.75,0.90839999999999998526,0.90839999999999998526
-31,128.75,0.67549999999999998934,0.67549999999999998934
-30,128.75,0.51190000000000002167,0.51190000000000002167
-29,128.75,0.48680000000000001048,0.48680000000000001048
-28,128.75,0.51349999999999995648,0.51349999999999995648
-27,128.75,0.30590000000000000524,0.30590000000000000524
-26,128.75,0.23330000000000000737,0.23330000000000000737
-25,128.75,0.088999999999999995781,0.088999999999999995781
-24,128.75,0.061600000000000001976,0.061600000000000001976
-23,128.75,0.20699999999999998956,0.20699999999999998956
-22,128.75,0.25280000000000002469,0.25280000000000002469
-21,128.75,0.20990000000000000324,0.20990000000000000324
-20,128.75,0.39010000000000000231,0.39010000000000000231
-19,128.75,0.27929999999999999272,0.27929999999999999272
-18,128.75,0.16980000000000000648,0.16980000000000000648
-17,128.75,0.037100000000000001033,0.037100000000000001033
-16,128.75,0.011199999999999999886,0.011199999999999999886
-15,128.75,0.012800000000000000613,0.012800000000000000613
-14,128.75,0.021200000000000000094,0.021200000000000000094
-13,128.75,0.013299999999999999323,0.013299999999999999323
-12,128.75,0.0086999999999999994005,0.0086999999999999994005
-11,128.75,0.0023999999999999997898,0.0023999999999999997898
-10,128.75,0.0017999999999999999507,0.0017999999999999999507
-9,128.75,0.0028999999999999998002,0.0028999999999999998002
-8,128.75,0.0023999999999999997898,0.0023999999999999997898
-7,128.75,0.0020000000000000000416,0.0020000000000000000416
-6,128.75,0.0041000000000000003456,0.0041000000000000003456
-5,128.75,0.0075999999999999999847,0.0075999999999999999847
-4,128.75,0.017200000000000000011,0.017200000000000000011
-3,128.75,0.019599999999999999367,0.019599999999999999367
-2,128.75,0.016699999999999999567,0.016699999999999999567
-1,128.75,0.0047999999999999995795,0.0047999999999999995795
0,128.75,0.0022000000000000001325,0.0022000000000000001325
1,128.75,0.0064000000000000003067,0.0064000000000000003067
2,128.75,0.0074000000000000003275,0.0074000000000000003275
3,128.75,0.0061000000000000003872,0.0061000000000000003872
4,128.75,0.0043000000000000000028,0.0043000000000000000028
5,128.75,0.002500000000000000052,0.002500000000000000052
6,128.75,0.0045999999999999999223,0.0045999999999999999223
7,128.75,0.0011000000000000000663,0.0011000000000000000663
8,128.75,0.00080000000000000003834,0.00080000000000000003834
9,128.75,0.00059999999999999994744,0.00059999999999999994744
10,128.75,0.0013999999999999999858,0.0013999999999999999858
11,128.75,0.007799999999999999642,0.007799999999999999642
12,128.75,0.0073000000000000000652,0.0073000000000000000652
13,128.75,0.00899999999999999932,0.00899999999999999932
14,128.75,0.018900000000000000133,0.018900000000000000133
15,128.75,0.002500000000000000052,0.002500000000000000052
16,128.75,0.00040000000000000001917,0.00040000000000000001917
17,128.75,0.00069999999999999999289,0.00069999999999999999289
18,128.75,0.0022000000000000001325,0.0022000000000000001325
19,128.75,0.0079000000000000007716,0.0079000000000000007716
20,128.75,0.041000000000000001721,0.041000000000000001721
21,128.75,0.28020000000000000462,0.28020000000000000462
22,128.75,0.63790000000000002256,0.63790000000000002256
23,128.75,0.93049999999999999378,0.93049999999999999378
24,128.75,0.9043999999999999817,0.9043999999999999817
25,128.75,0.80030000000000001137,0.80030000000000001137
26,128.75,0.55200000000000004619,0.55200000000000004619
27,128.75,0.4768000000000000016,0.4768000000000000016
28,128.75,0.37519999999999997797,0.37519999999999997797
29,128.75,0.25790000000000001812,0.25790000000000001812
30,128.75,0.4429000000000000159,0.4429000000000000159
31,128.75,0.28720000000000001084,0.28720000000000001084
32,128.75,0.221000000000000002,0.221000000000000002
33,128.75,0.33870000000000000107,0.33870000000000000107
34,128.75,0.58240000000000002878,0.58240000000000002878
35,128.75,0.44190000000000001501,0.44190000000000001501
36,128.75,0.77569999999999994511,0.77569999999999994511
37,128.75,0.96030000000000004245,0.96030000000000004245
38,128.75,0.49499999999999999556,0.49499999999999999556
39,128.75,0.97629999999999994564,0.97629999999999994564
40,128.75,0.56350000000000000089,0.56350000000000000089
41,128.75,0.39429999999999998384,0.39429999999999998384
42,128.75,0.48670000000000002149,0.48670000000000002149
43,128.75,0.74050000000000004707,0.74050000000000004707
44,128.75,0.76539999999999996927,0.76539999999999996927
45,128.75,0.74070000000000002505,0.74070000000000002505
46,128.75,0.57340000000000002078,0.57340000000000002078
47,128.75,0.36759999999999998233,0.36759999999999998233
48,128.75,0.39810000000000000941,0.39810000000000000941
49,128.75,0.5436999999999999611,0.5436999999999999611
50,128.75,0.70250000000000001332,0.70250000000000001332
51,128.75,0.67190000000000005276,0.67190000000000005276
52,128.75,0.51190000000000002167,0.51190000000000002167
53,128.75,0.6438000000000000389,0.6438000000000000389
54,128.75,0.66590000000000004743,0.66590000000000004743
55,128.75,0.48409999999999997478,0.48409999999999997478
56,128.75,0.1549000000000000099,0.1549000000000000099
57,128.75,0.042700000000000001843,0.042700000000000001843
58,128.75,0.12759999999999999121,0.12759999999999999121
59,128.75,0.017899999999999999245,0.017899999999999999245
60,128.75,0.024500000000000000944,0.024500000000000000944
61,128.75,0.11880000000000000282,0.11880000000000000282
62,128.75,0.098100000000000006639,0.098100000000000006639
63,128.75,0.18440000000000000835,0.18440000000000000835
64,128.75,0.20410000000000000364,0.20410000000000000364
65,128.75,0.50890000000000001901,0.50890000000000001901
66,128.75,0.65129999999999999005,0.65129999999999999005
67,128.75,0.26029999999999997584,0.26029999999999997584
68,128.75,0.59219999999999994866,0.59219999999999994866
69,128.75,0.95240000000000002434,0.95240000000000002434
70,128.75,0.98570000000000002061,0.98570000000000002061
-69,130,0.56740000000000001545,0.56740000000000001545
-68,130,0.75800000000000000711,0.75800000000000000711
-67,130,0.91200000000000003286,0.91200000000000003286
-66,130,0.86140000000000005453,0.86140000000000005453
-65,130,0.63439999999999996394,0.63439999999999996394
-64,130,0.65910000000000001918,0.65910000000000001918
-63,130,0.71770000000000000462,0.71770000000000000462
-62,130,0.85340000000000004743,0.85340000000000004743
-61,130,0.9483000000000000318,0.9483000000000000318
-60,130,0.23310000000000000164,0.23310000000000000164
-59,130,0.43559999999999998721,0.43559999999999998721
-58,130,0.4304000000000000048,0.4304000000000000048
-57,130,0.40679999999999999494,0.40679999999999999494
-56,130,0.48570000000000002061,0.48570000000000002061
-55,130,0.53290000000000004032,0.53290000000000004032
-54,130,0.33369999999999999662,0.33369999999999999662
-53,130,0.85350000000000003642,0.85350000000000003642
-52,130,0.78700000000000003286,0.78700000000000003286
-51,130,0.85140000000000004565,0.85140000000000004565
-50,130,0.62900000000000000355,0.62900000000000000355
-49,130,0.61089999999999999858,0.61089999999999999858
-48,130,0.78990000000000004654,0.78990000000000004654
-47,130,0.53639999999999998792,0.53639999999999998792
-46,130,0.33219999999999999529,0.33219999999999999529
-45,130,0.45490000000000002656,0.45490000000000002656
-44,130,0.2348000000000000087,0.2348000000000000087
-43,130,0.17389999999999999902,0.17389999999999999902
-42,130,0.0097000000000000002887,0.0097000000000000002887
-41,130,0.0010000000000000000208,0.0010000000000000000208
-40,130,0.00080000000000000003834,0.00080000000000000003834
-39,130,0.003899999999999999821,0.003899999999999999821
-38,130,0.040300000000000002487,0.040300000000000002487
-37,130,0.30480000000000001537,0.30480000000000001537
-36,130,0.76449999999999995737,0.76449999999999995737
-35,130,0.95260000000000000231,0.95260000000000000231
-34,130,0.97209999999999996412,0.97209999999999996412
-33,130,0.70069999999999998952,0.70069999999999998952
-32,130,0.53520000000000000906,0.53520000000000000906
-31,130,0.45400000000000001465,0.45400000000000001465
-30,130,0.28780000000000000027,0.28780000000000000027
-29,130,0.40339999999999998082,0.40339999999999998082
-28,130,0.36630000000000001448,0.36630000000000001448
-27,130,0.18420000000000000262,0.18420000000000000262
-26,130,0.089899999999999993805,0.089899999999999993805
-25,130,0.087099999999999996869,0.087099999999999996869
-24,130,0.061499999999999999112,0.061499999999999999112
-23,130,0.22630000000000000115,0.22630000000000000115
-22,130,0.10140000000000000402,0.10140000000000000402
-21,130,0.20419999999999999263,0.20419999999999999263
-20,130,0.26569999999999999174,0.26569999999999999174
-19,130,0.14979999999999998872,0.14979999999999998872
-18,130,0.068099999999999993872,0.068099999999999993872
-17,130,0.070400000000000004241,0.070400000000000004241
-16,130,0.040500000000000001277,0.040500000000000001277
-15,130,0.018100000000000001504,0.018100000000000001504
-14,130,0.013299999999999999323,0.013299999999999999323
-13,130,0.060699999999999997014,0.060699999999999997014
-12,130,0.012999999999999999403,0.012999999999999999403
-11,130,0.0028999999999999998002,0.0028999999999999998002
-10,130,0.0022000000000000001325,0.0022000000000000001325
-9,130,0.0016999999999999999053,0.0016999999999999999053
-8,130,0.0020999999999999998702,0.0020999999999999998702
-7,130,0.0018999999999999999962,0.0018999999999999999962
-6,130,0.0074999999999999997224,0.0074999999999999997224
-5,130,0.012999999999999999403,0.012999999999999999403
-4,130,0.035700000000000002565,0.035700000000000002565
-3,130,0.013799999999999999767,0.013799999999999999767
-2,130,0.0091000000000000004496,0.0091000000000000004496
-1,130,0.0071999999999999998029,0.0071999999999999998029
0,130,0.0051999999999999997613,0.0051999999999999997613
1,130,0.0041000000000000003456,0.0041000000000000003456
2,130,0.0054000000000000002859,0.0054000000000000002859
3,130,0.0086999999999999994005,0.0086999999999999994005
4,130,0.010399999999999999523,0.010399999999999999523
5,130,0.0047999999999999995795,0.0047999999999999995795
6,130,0.0047999999999999995795,0.0047999999999999995795
7,130,0.0016999999999999999053,0.0016999999999999999053
8,130,0.00069999999999999999289,0.00069999999999999999289
9,130,0.00069999999999999999289,0.00069999999999999999289
10,130,0.0040000000000000000833,0.0040000000000000000833
11,130,0.012399999999999999564,0.012399999999999999564
12,130,0.016899999999999998357,0.016899999999999998357
13,130,0.01200000000000000025,0.01200000000000000025
14,130,0.012300000000000000169,0.012300000000000000169
15,130,0.0050000000000000001041,0.0050000000000000001041
16,130,0.0041000000000000003456,0.0041000000000000003456
17,130,0.0041999999999999997405,0.0041999999999999997405
18,130,0.0060000000000000001249,0.0060000000000000001249
19,130,0.0047999999999999995795,0.0047999999999999995795
20,130,0.037299999999999999822,0.037299999999999999822
21,130,0.18870000000000000662,0.18870000000000000662
22,130,0.52219999999999999751,0.52219999999999999751
23,130,0.86729999999999995985,0.86729999999999995985
24,130,0.8224000000000000199,0.8224000000000000199
25,130,0.77180000000000004157,0.77180000000000004157
26,130,0.59930000000000005489,0.59930000000000005489
27,130,0.62639999999999995683,0.62639999999999995683
28,130,0.60070000000000001172,0.60070000000000001172
29,130,0.47110000000000001874,0.47110000000000001874
30,130,0.56030000000000002025,0.56030000000000002025
31,130,0.37259999999999998677,0.37259999999999998677
32,130,0.25259999999999999121,0.25259999999999999121
33,130,0.29820000000000002061,0.29820000000000002061
34,130,0.50039999999999995595,0.50039999999999995595
35,130,0.80310000000000003606,0.80310000000000003606
36,130,0.99990000000000001101,0.99990000000000001101
37,130,0.55230000000000001315,0.55230000000000001315
38,130,0.29970000000000002194,0.29970000000000002194
39,130,0.56679999999999997051,0.56679999999999997051
40,130,0.73599999999999998757,0.73599999999999998757
41,130,0.48770000000000002238,0.48770000000000002238
42,130,0.55710000000000003961,0.55710000000000003961
43,130,0.71309999999999995612,0.71309999999999995612
44,130,0.88759999999999994458,0.88759999999999994458
45,130,0.89459999999999995079,0.89459999999999995079
46,130,0.68030000000000001581,0.68030000000000001581
47,130,0.43599999999999999867,0.43599999999999999867
48,130,0.39240000000000002656,0.39240000000000002656
49,130,0.38640000000000002123,0.38640000000000002123
50,130,0.78910000000000002363,0.78910000000000002363
51,130,0.50700000000000000622,0.50700000000000000622
52,130,0.31330000000000002292,0.31330000000000002292
53,130,0.41370000000000001217,0.41370000000000001217
54,130,0.48709999999999997744,0.48709999999999997744
55,130,0.57889999999999997016,0.57889999999999997016
56,130,0.52920000000000000373,0.52920000000000000373
57,130,0.19350000000000000533,0.19350000000000000533
58,130,0.26569999999999999174,0.26569999999999999174
59,130,0.07779999999999999416,0.07779999999999999416
60,130,0.099199999999999996514,0.099199999999999996514
61,130,0.15379999999999999227,0.15379999999999999227
62,130,0.11229999999999999705,0.11229999999999999705
63,130,0.18310000000000001275,0.18310000000000001275
64,130,0.14189999999999999836,0.14189999999999999836
65,130,0.69489999999999996216,0.69489999999999996216
66,130,0.8010000000000000453,0.8010000000000000453
67,130,0.51029999999999997584,0.51029999999999997584
68,130,0.85350000000000003642,0.85350000000000003642
69,130,0.87639999999999995683,0.87639999999999995683
70,130,0.83909999999999995701,0.83909999999999995701
-69,131.25,0.54920000000000002149,0.54920000000000002149
-68,131.25,0.71470000000000000195,0.71470000000000000195
-67,131.25,0.89370000000000004992,0.89370000000000004992
-66,131.25,0.90710000000000001741,0.90710000000000001741
-65,131.25,0.6974000000000000199,0.6974000000000000199
-64,131.25,0.73419999999999996376,0.73419999999999996376
-63,131.25,0.75239999999999995772,0.75239999999999995772
-62,131.25,0.92259999999999997566,0.92259999999999997566
-61,131.25,0.83009999999999994902,0.83009999999999994902
-60,131.25,0.23919999999999999596,0.23919999999999999596
-59,131.25,0.39619999999999999662,0.39619999999999999662
-58,131.25,0.51649999999999995914,0.51649999999999995914
-57,131.25,0.60999999999999998668,0.60999999999999998668
-56,131.25,0.67010000000000002895,0.67010000000000002895
-55,131.25,0.62909999999999999254,0.62909999999999999254
-54,131.25,0.41380000000000000115,0.41380000000000000115
-53,131.25,0.83989999999999997993,0.83989999999999997993
-52,131.25,0.96630000000000004778,0.96630000000000004778
-51,131.25,0.98909999999999997922,0.98909999999999997922
-50,131.25,0.76280000000000003357,0.76280000000000003357
-49,131.25,0.82820000000000004725,0.82820000000000004725
-48,131.25,0.48940000000000000169,0.48940000000000000169
-47,131.25,0.47370000000000000995,0.47370000000000000995
-46,131.25,0.64670000000000005258,0.64670000000000005258
-45,131.25,0.39150000000000001465,0.39150000000000001465
-44,131.25,0.21749999999999999889,0.21749999999999999889
-43,131.25,0.062700000000000005729,0.062700000000000005729
-42,131.25,0.0035000000000000000729,0.0035000000000000000729
-41,131.25,0.00080000000000000003834,0.00080000000000000003834
-40,131.25,0.0041999999999999997405,0.0041999999999999997405
-39,131.25,0.0088999999999999999251,0.0088999999999999999251
-38,131.25,0.14289999999999999925,0.14289999999999999925
-37,131.25,0.34060000000000001386,0.34060000000000001386
-36,131.25,0.57469999999999998863,0.57469999999999998863
-35,131.25,0.60240000000000004654,0.60240000000000004654
-34,131.25,0.53390000000000004121,0.53390000000000004121
-33,131.25,0.30880000000000001892,0.30880000000000001892
-32,131.25,0.41120000000000000995,0.41120000000000000995
-31,131.25,0.40870000000000000773,0.40870000000000000773
-30,131.25,0.38250000000000000666,0.38250000000000000666
-29,131.25,0.57530000000000003357,0.57530000000000003357
-28,131.25,0.39310000000000000497,0.39310000000000000497
-27,131.25,0.12070000000000000173,0.12070000000000000173
-26,131.25,0.11479999999999999927,0.11479999999999999927
-25,131.25,0.20030000000000000582,0.20030000000000000582
-24,131.25,0.33160000000000000586,0.33160000000000000586
-23,131.25,0.20960000000000000853,0.20960000000000000853
-22,131.25,0.051900000000000001688,0.051900000000000001688
-21,131.25,0.17960000000000000964,0.17960000000000000964
-20,131.25,0.2058000000000000107,0.2058000000000000107
-19,131.25,0.17949999999999999289,0.17949999999999999289
-18,131.25,0.09539999999999999869,0.09539999999999999869
-17,131.25,0.13100000000000000533,0.13100000000000000533
-16,131.25,0.093799999999999994493,0.093799999999999994493
-15,131.25,0.015900000000000000938,0.015900000000000000938
-14,131.25,0.0028999999999999998002,0.0028999999999999998002
-13,131.25,0.022200000000000000983,0.022200000000000000983
-12,131.25,0.010800000000000000572,0.010800000000000000572
-11,131.25,0.0051000000000000003664,0.0051000000000000003664
-10,131.25,0.0013999999999999999858,0.0013999999999999999858
-9,131.25,0.0012999999999999999403,0.0012999999999999999403
-8,131.25,0.0011999999999999998949,0.0011999999999999998949
-7,131.25,0.0028999999999999998002,0.0028999999999999998002
-6,131.25,0.01460000000000000013,0.01460000000000000013
-5,131.25,0.020000000000000000416,0.020000000000000000416
-4,131.25,0.027199999999999998485,0.027199999999999998485
-3,131.25,0.01170000000000000033,0.01170000000000000033
-2,131.25,0.0074000000000000003275,0.0074000000000000003275
-1,131.25,0.0064000000000000003067,0.0064000000000000003067
0,131.25,0.0051000000000000003664,0.0051000000000000003664
1,131.25,0.0053000000000000000236,0.0053000000000000000236
2,131.25,0.0082000000000000006911,0.0082000000000000006911
3,131.25,0.009599999999999999159,0.009599999999999999159
4,131.25,0.012500000000000000694,0.012500000000000000694
5,131.25,0.0080999999999999995615,0.0080999999999999995615
6,131.25,0.0030999999999999998911,0.0030999999999999998911
7,131.25,0.0018999999999999999962,0.0018999999999999999962
8,131.25,0.0017999999999999999507,0.0017999999999999999507
9,131.25,0.003899999999999999821,0.003899999999999999821
10,131.25,0.0061000000000000003872,0.0061000000000000003872
11,131.25,0.018900000000000000133,0.018900000000000000133
12,131.25,0.033300000000000003209,0.033300000000000003209
13,131.25,0.025999999999999998807,0.025999999999999998807
14,131.25,0.01799999999999999864,0.01799999999999999864
15,131.25,0.016299999999999998518,0.016299999999999998518
16,131.25,0.021100000000000000699,0.021100000000000000699
17,131.25,0.057500000000000002498,0.057500000000000002498
18,131.25,0.033399999999999999134,0.033399999999999999134
19,131.25,0.0092999999999999992395,0.0092999999999999992395
20,131.25,0.011100000000000000491,0.011100000000000000491
21,131.25,0.13630000000000000449,0.13630000000000000449
22,131.25,0.49220000000000002638,0.49220000000000002638
23,131.25,0.79330000000000000515,0.79330000000000000515
24,131.25,0.65639999999999998348,0.65639999999999998348
25,131.25,0.79149999999999998135,0.79149999999999998135
26,131.25,0.76890000000000002789,0.76890000000000002789
27,131.25,0.80849999999999999645,0.80849999999999999645
28,131.25,0.82779999999999998028,0.82779999999999998028
29,131.25,0.61399999999999999023,0.61399999999999999023
30,131.25,0.55330000000000001403,0.55330000000000001403
31,131.25,0.34320000000000000506,0.34320000000000000506
32,131.25,0.39500000000000001776,0.39500000000000001776
33,131.25,0.40539999999999998259,0.40539999999999998259
34,131.25,0.2831000000000000183,0.2831000000000000183
35,131.25,0.80069999999999996732,0.80069999999999996732
36,131.25,0.89919999999999999929,0.89919999999999999929
37,131.25,0.33589999999999997637,0.33589999999999997637
38,131.25,0.11329999999999999793,0.11329999999999999793
39,131.25,0.43880000000000002336,0.43880000000000002336
40,131.25,0.78510000000000002007,0.78510000000000002007
41,131.25,0.35580000000000000515,0.35580000000000000515
42,131.25,0.54090000000000004743,0.54090000000000004743
43,131.25,0.83830000000000004512,0.83830000000000004512
44,131.25,0.89839999999999997637,0.89839999999999997637
45,131.25,0.96670000000000000373,0.96670000000000000373
46,131.25,0.77610000000000001208,0.77610000000000001208
47,131.25,0.48230000000000000648,0.48230000000000000648
48,131.25,0.42549999999999998934,0.42549999999999998934
49,131.25,0.4945999999999999841,0.4945999999999999841
50,131.25,0.80149999999999999023,0.80149999999999999023
51,131.25,0.61909999999999998366,0.61909999999999998366
52,131.25,0.26750000000000001554,0.26750000000000001554
53,131.25,0.33800000000000002265,0.33800000000000002265
54,131.25,0.55700000000000005063,0.55700000000000005063
55,131.25,0.57359999999999999876,0.57359999999999999876
56,131.25,0.52969999999999994866,0.52969999999999994866
57,131.25,0.38229999999999997318,0.38229999999999997318
58,131.25,0.35859999999999997433,0.35859999999999997433
59,131.25,0.28039999999999998259,0.28039999999999998259
60,131.25,0.29830000000000000959,0.29830000000000000959
61,131.25,0.32040000000000001812,0.32040000000000001812
62,131.25,0.26810000000000000497,0.26810000000000000497
63,131.25,0.21970000000000000639,0.21970000000000000639
64,131.25,0.17130000000000000782,0.17130000000000000782
65,131.25,0.48239999999999999547,0.48239999999999999547
66,131.25,0.32840000000000002522,0.32840000000000002522
67,131.25,0.84050000000000002487,0.84050000000000002487
68,131.25,0.98019999999999996021,0.98019999999999996021
69,131.25,0.83020000000000004903,0.83020000000000004903
70,131.25,0.88319999999999998508,0.88319999999999998508
-69,132.5,0.53529999999999999805,0.53529999999999999805
-68,132.5,0.68469999999999997531,0.68469999999999997531
-67,132.5,0.80579999999999996074,0.80579999999999996074
-66,132.5,0.86229999999999995541,0.86229999999999995541
-65,132.5,0.75680000000000002824,0.75680000000000002824
-64,132.5,0.80959999999999998632,0.80959999999999998632
-63,132.5,0.85109999999999996767,0.85109999999999996767
-62,132.5,0.99750000000000005329,0.99750000000000005329
-61,132.5,0.65359999999999995879,0.65359999999999995879
-60,132.5,0.37909999999999999254,0.37909999999999999254
-59,132.5,0.32000000000000000666,0.32000000000000000666
-58,132.5,0.4161000000000000254,0.4161000000000000254
-57,132.5,0.55020000000000002238,0.55020000000000002238
-56,132.5,0.6596999999999999531,0.6596999999999999531
-55,132.5,0.74350000000000004974,0.74350000000000004974
-54,132.5,0.51859999999999994991,0.51859999999999994991
-53,132.5,0.77569999999999994511,0.77569999999999994511
-52,132.5,0.97140000000000004121,0.97140000000000004121
-51,132.5,0.94850000000000000977,0.94850000000000000977
-50,132.5,0.81210000000000004405,0.81210000000000004405
-49,132.5,0.75629999999999997229,0.75629999999999997229
-48,132.5,0.30120000000000002327,0.30120000000000002327
-47,132.5,0.4561999999999999944,0.4561999999999999944
-46,132.5,0.61009999999999997566,0.61009999999999997566
-45,132.5,0.14189999999999999836,0.14189999999999999836
-44,132.5,0.10649999999999999745,0.10649999999999999745
-43,132.5,0.013599999999999999242,0.013599999999999999242
-42,132.5,0.00089999999999999997537,0.00089999999999999997537
-41,132.5,0.0011000000000000000663,0.0011000000000000000663
-40,132.5,0.01170000000000000033,0.01170000000000000033
-39,132.5,0.070499999999999993228,0.070499999999999993228
-38,132.5,0.13370000000000001328,0.13370000000000001328
-37,132.5,0.19170000000000000928,0.19170000000000000928
-36,132.5,0.25840000000000001856,0.25840000000000001856
-35,132.5,0.34329999999999999405,0.34329999999999999405
-34,132.5,0.39960000000000001075,0.39960000000000001075
-33,132.5,0.17560000000000000608,0.17560000000000000608
-32,132.5,0.36830000000000001625,0.36830000000000001625
-31,132.5,0.65249999999999996891,0.65249999999999996891
-30,132.5,0.39150000000000001465,0.39150000000000001465
-29,132.5,0.41099999999999997646,0.41099999999999997646
-28,132.5,0.25140000000000001235,0.25140000000000001235
-27,132.5,0.0653999999999999998,0.0653999999999999998
-26,132.5,0.090999999999999997558,0.090999999999999997558
-25,132.5,0.16950000000000001177,0.16950000000000001177
-24,132.5,0.25909999999999999698,0.25909999999999999698
-23,132.5,0.13680000000000000493,0.13680000000000000493
-22,132.5,0.078500000000000000333,0.078500000000000000333
-21,132.5,0.21090000000000000413,0.21090000000000000413
-20,132.5,0.17210000000000000298,0.17210000000000000298
-19,132.5,0.15029999999999998916,0.15029999999999998916
-18,132.5,0.12009999999999999842,0.12009999999999999842
-17,132.5,0.13930000000000000715,0.13930000000000000715
-16,132.5,0.10230000000000000204,0.10230000000000000204
-15,132.5,0.019400000000000000577,0.019400000000000000577
-14,132.5,0.0051000000000000003664,0.0051000000000000003664
-13,132.5,0.0033999999999999998106,0.0033999999999999998106
-12,132.5,0.007100000000000000408,0.007100000000000000408
-11,132.5,0.0041999999999999997405,0.0041999999999999997405
-10,132.5,0.0010000000000000000208,0.0010000000000000000208
-9,132.5,0.00080000000000000003834,0.00080000000000000003834
-8,132.5,0.0013999999999999999858,0.0013999999999999999858
-7,132.5,0.0032000000000000001533,0.0032000000000000001533
-6,132.5,0.012900000000000000008,0.012900000000000000008
-5,132.5,0.025299999999999999573,0.025299999999999999573
-4,132.5,0.023699999999999998845,0.023699999999999998845
-3,132.5,0.018599999999999998479,0.018599999999999998479
-2,132.5,0.042700000000000001843,0.042700000000000001843
-1,132.5,0.15420000000000000373,0.15420000000000000373
0,132.5,0.010500000000000000652,0.010500000000000000652
1,132.5,0.012600000000000000089,0.012600000000000000089
2,132.5,0.013100000000000000533,0.013100000000000000533
3,132.5,0.011199999999999999886,0.011199999999999999886
4,132.5,0.010099999999999999603,0.010099999999999999603
5,132.5,0.0057999999999999996003,0.0057999999999999996003
6,132.5,0.0022999999999999999611,0.0022999999999999999611
7,132.5,0.0027000000000000001429,0.0027000000000000001429
8,132.5,0.0033999999999999998106,0.0033999999999999998106
9,132.5,0.0051999999999999997613,0.0051999999999999997613
10,132.5,0.0088000000000000005301,0.0088000000000000005301
11,132.5,0.041899999999999999745,0.041899999999999999745
12,132.5,0.052200000000000003342,0.052200000000000003342
13,132.5,0.048599999999999997369,0.048599999999999997369
14,132.5,0.032399999999999998246,0.032399999999999998246
15,132.5,0.048099999999999996925,0.048099999999999996925
16,132.5,0.070000000000000006661,0.070000000000000006661
17,132.5,0.13350000000000000755,0.13350000000000000755
18,132.5,0.063799999999999995604,0.063799999999999995604
19,132.5,0.068800000000000000044,0.068800000000000000044
20,132.5,0.018599999999999998479,0.018599999999999998479
21,132.5,0.051999999999999997613,0.051999999999999997613
22,132.5,0.40520000000000000462,0.40520000000000000462
23,132.5,0.5250000000000000222,0.5250000000000000222
24,132.5,0.54130000000000000338,0.54130000000000000338
25,132.5,0.75470000000000003748,0.75470000000000003748
26,132.5,0.95650000000000001688,0.95650000000000001688
27,132.5,0.84799999999999997602,0.84799999999999997602
28,132.5,0.95379999999999998117,0.95379999999999998117
29,132.5,0.86460000000000003517,0.86460000000000003517
30,132.5,0.65549999999999997158,0.65549999999999997158
31,132.5,0.52419999999999999929,0.52419999999999999929
32,132.5,0.43249999999999999556,0.43249999999999999556
33,132.5,0.43480000000000001981,0.43480000000000001981
34,132.5,0.46989999999999998437,0.46989999999999998437
35,132.5,0.99239999999999994884,0.99239999999999994884
36,132.5,0.68240000000000000657,0.68240000000000000657
37,132.5,0.29620000000000001883,0.29620000000000001883
38,132.5,0.100500000000000006,0.100500000000000006
39,132.5,0.40120000000000000107,0.40120000000000000107
40,132.5,0.68410000000000004139,0.68410000000000004139
41,132.5,0.31830000000000002736,0.31830000000000002736
42,132.5,0.32219999999999998641,0.32219999999999998641
43,132.5,0.60899999999999998579,0.60899999999999998579
44,132.5,0.85350000000000003642,0.85350000000000003642
45,132.5,0.81210000000000004405,0.81210000000000004405
46,132.5,0.81100000000000005418,0.81100000000000005418
47,132.5,0.49880000000000002114,0.49880000000000002114
48,132.5,0.37390000000000001013,0.37390000000000001013
49,132.5,0.83620000000000005436,0.83620000000000005436
50,132.5,0.96560000000000001386,0.96560000000000001386
51,132.5,0.81120000000000003215,0.81120000000000003215
52,132.5,0.21340000000000000635,0.21340000000000000635
53,132.5,0.26269999999999998908,0.26269999999999998908
54,132.5,0.62009999999999998455,0.62009999999999998455
55,132.5,0.57210000000000005294,0.57210000000000005294
56,132.5,0.63070000000000003837,0.63070000000000003837
57,132.5,0.61219999999999996643,0.61219999999999996643
58,132.5,0.44140000000000001457,0.44140000000000001457
59,132.5,0.47360000000000002096,0.47360000000000002096
60,132.5,0.43549999999999999822,0.43549999999999999822
61,132.5,0.47630000000000000115,0.47630000000000000115
62,132.5,0.43140000000000000568,0.43140000000000000568
63,132.5,0.29880000000000001004,0.29880000000000001004
64,132.5,0.20660000000000000586,0.20660000000000000586
65,132.5,0.36620000000000002549,0.36620000000000002549
66,132.5,0.29080000000000000293,0.29080000000000000293
67,132.5,0.44469999999999998419,0.44469999999999998419
68,132.5,0.97430000000000005489,0.97430000000000005489
69,132.5,0.92430000000000001048,0.92430000000000001048
70,132.5,0.83309999999999995168,0.83309999999999995168
-69,133.75,0.41510000000000002451,0.41510000000000002451
-68,133.75,0.62560000000000004494,0.62560000000000004494
-67,133.75,0.77300000000000002043,0.77300000000000002043
-66,133.75,0.7936999999999999611,0.7936999999999999611
-65,133.75,0.85599999999999998312,0.85599999999999998312
-64,133.75,0.88190000000000001723,0.88190000000000001723
-63,133.75,0.96989999999999998437,0.96989999999999998437
-62,133.75,0.94669999999999998597,0.94669999999999998597
-61,133.75,0.58379999999999998561,0.58379999999999998561
-60,133.75,0.56310000000000004494,0.56310000000000004494
-59,133.75,0.39519999999999999574,0.39519999999999999574
-58,133.75,0.48259999999999997344,0.48259999999999997344
-57,133.75,0.83909999999999995701,0.83909999999999995701
-56,133.75,0.78939999999999999059,0.78939999999999999059
-55,133.75,0.60189999999999999059,0.60189999999999999059
-54,133.75,0.70240000000000002434,0.70240000000000002434
-53,133.75,0.88280000000000002913,0.88280000000000002913
-52,133.75,0.94699999999999995293,0.94699999999999995293
-51,133.75,0.91549999999999998046,0.91549999999999998046
-50,133.75,0.7617000000000000437,0.7617000000000000437
-49,133.75,0.64459999999999995079,0.64459999999999995079
-48,133.75,0.3070999999999999841,0.3070999999999999841
-47,133.75,0.75170000000000003482,0.75170000000000003482
-46,133.75,0.43090000000000000524,0.43090000000000000524
-45,133.75,0.084699999999999997513,0.084699999999999997513
-44,133.75,0.088599999999999998201,0.088599999999999998201
-43,133.75,0.014399999999999999606,0.014399999999999999606
-42,133.75,0.00080000000000000003834,0.00080000000000000003834
-41,133.75,0.0037000000000000001638,0.0037000000000000001638
-40,133.75,0.048800000000000003098,0.048800000000000003098
-39,133.75,0.15440000000000000946,0.15440000000000000946
-38,133.75,0.11769999999999999907,0.11769999999999999907
-37,133.75,0.16489999999999999103,0.16489999999999999103
-36,133.75,0.19550000000000000711,0.19550000000000000711
-35,133.75,0.17640000000000000124,0.17640000000000000124
-34,133.75,0.13880000000000000671,0.13880000000000000671
-33,133.75,0.093100000000000002198,0.093100000000000002198
-32,133.75,0.28270000000000000684,0.28270000000000000684
-31,133.75,0.56740000000000001545,0.56740000000000001545
-30,133.75,0.23160000000000000031,0.23160000000000000031
-29,133.75,0.18360000000000001319,0.18360000000000001319
-28,133.75,0.12540000000000001146,0.12540000000000001146
-27,133.75,0.071900000000000005573,0.071900000000000005573
-26,133.75,0.082299999999999998157,0.082299999999999998157
-25,133.75,0.1262999999999999956,0.1262999999999999956
-24,133.75,0.15729999999999999538,0.15729999999999999538
-23,133.75,0.17380000000000001004,0.17380000000000001004
-22,133.75,0.21940000000000001168,0.21940000000000001168
-21,133.75,0.26919999999999999485,0.26919999999999999485
-20,133.75,0.21870000000000000551,0.21870000000000000551
-19,133.75,0.19570000000000001283,0.19570000000000001283
-18,133.75,0.13700000000000001066,0.13700000000000001066
-17,133.75,0.099799999999999999822,0.099799999999999999822
-16,133.75,0.055399999999999997857,0.055399999999999997857
-15,133.75,0.05070000000000000201,0.05070000000000000201
-14,133.75,0.012999999999999999403,0.012999999999999999403
-13,133.75,0.0017999999999999999507,0.0017999999999999999507
-12,133.75,0.0033999999999999998106,0.0033999999999999998106
-11,133.75,0.0041999999999999997405,0.0041999999999999997405
-10,133.75,0.0013999999999999999858,0.0013999999999999999858
-9,133.75,0.0012999999999999999403,0.0012999999999999999403
-8,133.75,0.0016999999999999999053,0.0016999999999999999053
-7,133.75,0.003899999999999999821,0.003899999999999999821
-6,133.75,0.012699999999999999484,0.012699999999999999484
-5,133.75,0.013700000000000000372,0.013700000000000000372
-4,133.75,0.056599999999999997535,0.056599999999999997535
-3,133.75,0.11390000000000000124,0.11390000000000000124
-2,133.75,0.88449999999999995293,0.88449999999999995293
-1,133.75,0.40679999999999999494,0.40679999999999999494
0,133.75,0.027799999999999998324,0.027799999999999998324
1,133.75,0.020000000000000000416,0.020000000000000000416
2,133.75,0.014300000000000000211,0.014300000000000000211
3,133.75,0.010699999999999999442,0.010699999999999999442
4,133.75,0.0055999999999999999431,0.0055999999999999999431
5,133.75,0.0027000000000000001429,0.0027000000000000001429
6,133.75,0.0030999999999999998911,0.0030999999999999998911
7,133.75,0.0045999999999999999223,0.0045999999999999999223
8,133.75,0.0053000000000000000236,0.0053000000000000000236
9,133.75,0.0054999999999999996808,0.0054999999999999996808
10,133.75,0.015299999999999999364,0.015299999999999999364
11,133.75,0.069699999999999998068,0.069699999999999998068
12,133.75,0.072499999999999995004,0.072499999999999995004
13,133.75,0.060999999999999998668,0.060999999999999998668
14,133.75,0.041200000000000000511,0.041200000000000000511
15,133.75,0.048300000000000002653,0.048300000000000002653
16,133.75,0.12299999999999999822,0.12299999999999999822
17,133.75,0.36530000000000001359,0.36530000000000001359
18,133.75,0.19289999999999998814,0.19289999999999998814
19,133.75,0.14840000000000000413,0.14840000000000000413
20,133.75,0.072400000000000006017,0.072400000000000006017
21,133.75,0.055199999999999999067,0.055199999999999999067
22,133.75,0.2829999999999999738,0.2829999999999999738
23,133.75,0.49559999999999998499,0.49559999999999998499
24,133.75,0.46289999999999997815,0.46289999999999997815
25,133.75,0.56640000000000001457,0.56640000000000001457
26,133.75,0.97209999999999996412,0.97209999999999996412
27,133.75,0.87070000000000002949,0.87070000000000002949
28,133.75,0.83530000000000004245,0.83530000000000004245
29,133.75,0.91920000000000001705,0.91920000000000001705
30,133.75,0.95569999999999999396,0.95569999999999999396
31,133.75,0.66190000000000004388,0.66190000000000004388
32,133.75,0.50249999999999994671,0.50249999999999994671
33,133.75,0.4642999999999999905,0.4642999999999999905
34,133.75,0.74019999999999996909,0.74019999999999996909
35,133.75,0.98640000000000005453,0.98640000000000005453
36,133.75,0.63349999999999995204,0.63349999999999995204
37,133.75,0.55030000000000001137,0.55030000000000001137
38,133.75,0.21870000000000000551,0.21870000000000000551
39,133.75,0.4661000000000000143,0.4661000000000000143
40,133.75,0.68149999999999999467,0.68149999999999999467
41,133.75,0.41560000000000002496,0.41560000000000002496
42,133.75,0.35809999999999997389,0.35809999999999997389
43,133.75,0.32560000000000000053,0.32560000000000000053
44,133.75,0.58720000000000005524,0.58720000000000005524
45,133.75,0.62399999999999999911,0.62399999999999999911
46,133.75,0.82979999999999998206,0.82979999999999998206
47,133.75,0.39710000000000000853,0.39710000000000000853
48,133.75,0.30640000000000000568,0.30640000000000000568
49,133.75,0.72960000000000002629,0.72960000000000002629
50,133.75,0.89390000000000002789,0.89390000000000002789
51,133.75,0.69569999999999998508,0.69569999999999998508
52,133.75,0.31809999999999999387,0.31809999999999999387
53,133.75,0.21749999999999999889,0.21749999999999999889
54,133.75,0.67620000000000002327,0.67620000000000002327
55,133.75,0.73880000000000001226,0.73880000000000001226
56,133.75,0.61209999999999997744,0.61209999999999997744
57,133.75,0.64970000000000005524,0.64970000000000005524
58,133.75,0.38000000000000000444,0.38000000000000000444
59,133.75,0.48359999999999997433,0.48359999999999997433
60,133.75,0.51619999999999999218,0.51619999999999999218
61,133.75,0.44509999999999999565,0.44509999999999999565
62,133.75,0.37869999999999998108,0.37869999999999998108
63,133.75,0.28679999999999999938,0.28679999999999999938
64,133.75,0.26109999999999999876,0.26109999999999999876
65,133.75,0.31550000000000000266,0.31550000000000000266
66,133.75,0.38019999999999998241,0.38019999999999998241
67,133.75,0.37169999999999997486,0.37169999999999997486
68,133.75,0.94550000000000000711,0.94550000000000000711
69,133.75,0.96450000000000002398,0.96450000000000002398
70,133.75,0.73150000000000003908,0.73150000000000003908
-69,135,0.35549999999999998268,0.35549999999999998268
-68,135,0.61029999999999995364,0.61029999999999995364
-67,135,0.73360000000000002984,0.73360000000000002984
-66,135,0.69259999999999999343,0.69259999999999999343
-65,135,0.79479999999999995097,0.79479999999999995097
-64,135,0.93259999999999998455,0.93259999999999998455
-63,135,0.99960000000000004405,0.99960000000000004405
-62,135,0.92879999999999995897,0.92879999999999995897
-61,135,0.81279999999999996696,0.81279999999999996696
-60,135,0.6491000000000000103,0.6491000000000000103
-59,135,0.71999999999999997335,0.71999999999999997335
-58,135,0.79969999999999996643,0.79969999999999996643
-57,135,0.74870000000000003215,0.74870000000000003215
-56,135,0.90780000000000005134,0.90780000000000005134
-55,135,0.64949999999999996625,0.64949999999999996625
-54,135,0.95250000000000001332,0.95250000000000001332
-53,135,0.98839999999999994529,0.98839999999999994529
-52,135,0.8007999999999999563,0.8007999999999999563
-51,135,0.78629999999999999893,0.78629999999999999893
-50,135,0.8474000000000000421,0.8474000000000000421
-49,135,0.71389999999999997904,0.71389999999999997904
-48,135,0.49730000000000001981,0.49730000000000001981
-47,135,0.62780000000000002469,0.62780000000000002469
-46,135,0.2268000000000000016,0.2268000000000000016
-45,135,0.10670000000000000318,0.10670000000000000318
-44,135,0.13220000000000001195,0.13220000000000001195
-43,135,0.047600000000000003419,0.047600000000000003419
-42,135,0.009599999999999999159,0.009599999999999999159
-41,135,0.021100000000000000699,0.021100000000000000699
-40,135,0.089300000000000004374,0.089300000000000004374
-39,135,0.14260000000000000453,0.14260000000000000453
-38,135,0.21340000000000000635,0.21340000000000000635
-37,135,0.24240000000000000435,0.24240000000000000435
-36,135,0.20080000000000000626,0.20080000000000000626
-35,135,0.19279999999999999916,0.19279999999999999916
-34,135,0.10710000000000000075,0.10710000000000000075
-33,135,0.1018000000000000016,0.1018000000000000016
-32,135,0.392900000000000027,0.392900000000000027
-31,135,0.35030000000000000027,0.35030000000000000027
-30,135,0.25679999999999997273,0.25679999999999997273
-29,135,0.23200000000000001177,0.23200000000000001177
-28,135,0.1343999999999999917,0.1343999999999999917
-27,135,0.15909999999999999143,0.15909999999999999143
-26,135,0.14740000000000000324,0.14740000000000000324
-25,135,0.16020000000000000906,0.16020000000000000906
-24,135,0.16659999999999999809,0.16659999999999999809
-23,135,0.15870000000000000773,0.15870000000000000773
-22,135,0.22179999999999999716,0.22179999999999999716
-21,135,0.2313000000000000056,0.2313000000000000056
-20,135,0.20880000000000001337,0.20880000000000001337
-19,135,0.19989999999999999436,0.19989999999999999436
-18,135,0.15929999999999999716,0.15929999999999999716
-17,135,0.10449999999999999567,0.10449999999999999567
-16,135,0.061199999999999997458,0.061199999999999997458
-15,135,0.0240000000000000005,0.0240000000000000005
-14,135,0.0067999999999999996211,0.0067999999999999996211
-13,135,0.0023999999999999997898,0.0023999999999999997898
-12,135,0.0070000000000000001457,0.0070000000000000001457
-11,135,0.0051999999999999997613,0.0051999999999999997613
-10,135,0.0025999999999999998807,0.0025999999999999998807
-9,135,0.0013999999999999999858,0.0013999999999999999858
-8,135,0.0020999999999999998702,0.0020999999999999998702
-7,135,0.0037999999999999999924,0.0037999999999999999924
-6,135,0.010899999999999999967,0.010899999999999999967
-5,135,0.014099999999999999686,0.014099999999999999686
-4,135,0.12720000000000000751,0.12720000000000000751
-3,135,0.34239999999999998215,0.34239999999999998215
-2,135,0.28079999999999999405,0.28079999999999999405
-1,135,0.11519999999999999685,0.11519999999999999685
0,135,0.046800000000000001321,0.046800000000000001321
1,135,0.035499999999999996836,0.035499999999999996836
2,135,0.02670000000000000151,0.02670000000000000151
3,135,0.016199999999999999123,0.016199999999999999123
4,135,0.0068999999999999998834,0.0068999999999999998834
5,135,0.0054000000000000002859,0.0054000000000000002859
6,135,0.0082000000000000006911,0.0082000000000000006911
7,135,0.010200000000000000733,0.010200000000000000733
8,135,0.01170000000000000033,0.01170000000000000033
9,135,0.014200000000000000816,0.014200000000000000816
10,135,0.025200000000000000178,0.025200000000000000178
11,135,0.062399999999999997136,0.062399999999999997136
12,135,0.083099999999999993316,0.083099999999999993316
13,135,0.061899999999999996692,0.061899999999999996692
14,135,0.047500000000000000555,0.047500000000000000555
15,135,0.064100000000000004197,0.064100000000000004197
16,135,0.15890000000000001346,0.15890000000000001346
17,135,0.36969999999999997309,0.36969999999999997309
18,135,0.48999999999999999112,0.48999999999999999112
19,135,0.21970000000000000639,0.21970000000000000639
20,135,0.21920000000000000595,0.21920000000000000595
21,135,0.21420000000000000151,0.21420000000000000151
22,135,0.26019999999999998685,0.26019999999999998685
23,135,0.66449999999999997957,0.66449999999999997957
24,135,0.55000000000000004441,0.55000000000000004441
25,135,0.48720000000000002194,0.48720000000000002194
26,135,0.89659999999999995257,0.89659999999999995257
27,135,0.82140000000000001901,0.82140000000000001901
28,135,0.87570000000000003393,0.87570000000000003393
29,135,0.94599999999999995204,0.94599999999999995204
30,135,0.93030000000000001581,0.93030000000000001581
31,135,0.70920000000000005258,0.70920000000000005258
32,135,0.49809999999999998721,0.49809999999999998721
33,135,0.47089999999999998526,0.47089999999999998526
34,135,0.81179999999999996607,0.81179999999999996607
35,135,0.78149999999999997247,0.78149999999999997247
36,135,0.49340000000000000524,0.49340000000000000524
37,135,0.49359999999999998321,0.49359999999999998321
38,135,0.45300000000000001377,0.45300000000000001377
39,135,0.91210000000000002185,0.91210000000000002185
40,135,0.93649999999999999911,0.93649999999999999911
41,135,0.71319999999999994511,0.71319999999999994511
42,135,0.4017999999999999905,0.4017999999999999905
43,135,0.21360000000000001208,0.21360000000000001208
44,135,0.43649999999999999911,0.43649999999999999911
45,135,0.51449999999999995737,0.51449999999999995737
46,135,0.69489999999999996216,0.69489999999999996216
47,135,0.3991000000000000103,0.3991000000000000103
48,135,0.31519999999999998019,0.31519999999999998019
49,135,0.66129999999999999893,0.66129999999999999893
50,135,0.96499999999999996891,0.96499999999999996891
51,135,0.99770000000000003126,0.99770000000000003126
52,135,0.92030000000000000693,0.92030000000000000693
53,135,0.78629999999999999893,0.78629999999999999893
54,135,0.91630000000000000338,0.91630000000000000338
55,135,0.86860000000000003872,0.86860000000000003872
56,135,0.669599999999999973,0.669599999999999973
57,135,0.82889999999999997016,0.82889999999999997016
58,135,0.41060000000000002052,0.41060000000000002052
59,135,0.48320000000000001839,0.48320000000000001839
60,135,0.6284999999999999476,0.6284999999999999476
61,135,0.35549999999999998268,0.35549999999999998268
62,135,0.37780000000000002469,0.37780000000000002469
63,135,0.26710000000000000409,0.26710000000000000409
64,135,0.4784999999999999809,0.4784999999999999809
65,135,0.41580000000000000293,0.41580000000000000293
66,135,0.43859999999999998987,0.43859999999999998987
67,135,0.40899999999999997469,0.40899999999999997469
68,135,0.98640000000000005453,0.98640000000000005453
69,135,0.98599999999999998757,0.98599999999999998757
70,135,0.6302999999999999714,0.6302999999999999714
-69,136.25,0.34339999999999998304,0.34339999999999998304
-68,136.25,0.57050000000000000711,0.57050000000000000711
-67,136.25,0.67769999999999996909,0.67769999999999996909
-66,136.25,0.66349999999999997868,0.66349999999999997868
-65,136.25,0.67710000000000003517,0.67710000000000003517
-64,136.25,0.92300000000000004263,0.92300000000000004263
-63,136.25,0.99980000000000002203,0.99980000000000002203
-62,136.25,0.8313000000000000389,0.8313000000000000389
-61,136.25,0.81279999999999996696,0.81279999999999996696
-60,136.25,0.84019999999999994689,0.84019999999999994689
-59,136.25,0.98489999999999999769,0.98489999999999999769
-58,136.25,0.78629999999999999893,0.78629999999999999893
-57,136.25,0.85480000000000000426,0.85480000000000000426
-56,136.25,0.88080000000000002736,0.88080000000000002736
-55,136.25,0.8777000000000000357,0.8777000000000000357
-54,136.25,0.97009999999999996234,0.97009999999999996234
-53,136.25,0.90620000000000000551,0.90620000000000000551
-52,136.25,0.63380000000000003002,0.63380000000000003002
-51,136.25,0.57079999999999997407,0.57079999999999997407
-50,136.25,0.58350000000000001865,0.58350000000000001865
-49,136.25,0.83120000000000004992,0.83120000000000004992
-48,136.25,0.49530000000000001803,0.49530000000000001803
-47,136.25,0.24470000000000000084,0.24470000000000000084
-46,136.25,0.081600000000000005862,0.081600000000000005862
-45,136.25,0.1353000000000000036,0.1353000000000000036
-44,136.25,0.16580000000000000293,0.16580000000000000293
-43,136.25,0.095200000000000006839,0.095200000000000006839
-42,136.25,0.042999999999999996558,0.042999999999999996558
-41,136.25,0.064500000000000001776,0.064500000000000001776
-40,136.25,0.16289999999999998925,0.16289999999999998925
-39,136.25,0.20769999999999999574,0.20769999999999999574
-38,136.25,0.33539999999999997593,0.33539999999999997593
-37,136.25,0.46200000000000002176,0.46200000000000002176
-36,136.25,0.22709999999999999631,0.22709999999999999631
-35,136.25,0.13889999999999999569,0.13889999999999999569
-34,136.25,0.15279999999999999138,0.15279999999999999138
-33,136.25,0.08300000000000000433,0.08300000000000000433
-32,136.25,0.31840000000000001634,0.31840000000000001634
-31,136.25,0.4079999999999999738,0.4079999999999999738
-30,136.25,0.34849999999999997646,0.34849999999999997646
-29,136.25,0.26200000000000001066,0.26200000000000001066
-28,136.25,0.18290000000000000702,0.18290000000000000702
-27,136.25,0.20589999999999999969,0.20589999999999999969
-26,136.25,0.15509999999999998788,0.15509999999999998788
-25,136.25,0.17399999999999998801,0.17399999999999998801
-24,136.25,0.12299999999999999822,0.12299999999999999822
-23,136.25,0.1942000000000000115,0.1942000000000000115
-22,136.25,0.29260000000000002673,0.29260000000000002673
-21,136.25,0.22969999999999998752,0.22969999999999998752
-20,136.25,0.21240000000000000546,0.21240000000000000546
-19,136.25,0.18110000000000001097,0.18110000000000001097
-18,136.25,0.14490000000000000102,0.14490000000000000102
-17,136.25,0.086599999999999996425,0.086599999999999996425
-16,136.25,0.046399999999999996803,0.046399999999999996803
-15,136.25,0.015199999999999999969,0.015199999999999999969
-14,136.25,0.0088999999999999999251,0.0088999999999999999251
-13,136.25,0.012900000000000000008,0.012900000000000000008
-12,136.25,0.010699999999999999442,0.010699999999999999442
-11,136.25,0.0063000000000000000444,0.0063000000000000000444
-10,136.25,0.0037000000000000001638,0.0037000000000000001638
-9,136.25,0.0037000000000000001638,0.0037000000000000001638
-8,136.25,0.0027999999999999999716,0.0027999999999999999716
-7,136.25,0.0088999999999999999251,0.0088999999999999999251
-6,136.25,0.011100000000000000491,0.011100000000000000491
-5,136.25,0.026599999999999998646,0.026599999999999998646
-4,136.25,0.16280000000000000027,0.16280000000000000027
-3,136.25,0.60919999999999996376,0.60919999999999996376
-2,136.25,0.11239999999999999991,0.11239999999999999991
-1,136.25,0.067799999999999999156,0.067799999999999999156
0,136.25,0.067799999999999999156,0.067799999999999999156
1,136.25,0.056800000000000003264,0.056800000000000003264
2,136.25,0.042099999999999998535,0.042099999999999998535
3,136.25,0.025999999999999998807,0.025999999999999998807
4,136.25,0.0063000000000000000444,0.0063000000000000000444
5,136.25,0.015699999999999998679,0.015699999999999998679
6,136.25,0.014999999999999999445,0.014999999999999999445
7,136.25,0.0091999999999999998446,0.0091999999999999998446
8,136.25,0.016400000000000001382,0.016400000000000001382
9,136.25,0.019199999999999998318,0.019199999999999998318
10,136.25,0.036200000000000003009,0.036200000000000003009
11,136.25,0.043900000000000001521,0.043900000000000001521
12,136.25,0.06500000000000000222,0.06500000000000000222
13,136.25,0.049299999999999996603,0.049299999999999996603
14,136.25,0.055699999999999999512,0.055699999999999999512
15,136.25,0.10789999999999999591,0.10789999999999999591
16,136.25,0.1517999999999999905,0.1517999999999999905
17,136.25,0.2384000000000000008,0.2384000000000000008
18,136.25,0.45760000000000000675,0.45760000000000000675
19,136.25,0.30420000000000002593,0.30420000000000002593
20,136.25,0.31040000000000000924,0.31040000000000000924
21,136.25,0.32510000000000000009,0.32510000000000000009
22,136.25,0.38550000000000000933,0.38550000000000000933
23,136.25,0.67169999999999996376,0.67169999999999996376
24,136.25,0.65639999999999998348,0.65639999999999998348
25,136.25,0.51200000000000001066,0.51200000000000001066
26,136.25,0.76749999999999996003,0.76749999999999996003
27,136.25,0.5222999999999999865,0.5222999999999999865
28,136.25,0.91930000000000000604,0.91930000000000000604
29,136.25,0.97399999999999997691,0.97399999999999997691
30,136.25,0.82269999999999998685,0.82269999999999998685
31,136.25,0.8499999999999999778,0.8499999999999999778
32,136.25,0.48060000000000002718,0.48060000000000002718
33,136.25,0.74229999999999995985,0.74229999999999995985
34,136.25,0.8338999999999999746,0.8338999999999999746
35,136.25,0.99950000000000005507,0.99950000000000005507
36,136.25,0.25819999999999998508,0.25819999999999998508
37,136.25,0.058700000000000002176,0.058700000000000002176
38,136.25,0.42509999999999997788,0.42509999999999997788
39,136.25,0.83840000000000003411,0.83840000000000003411
40,136.25,0.95640000000000002789,0.95640000000000002789
41,136.25,0.89410000000000000586,0.89410000000000000586
42,136.25,0.70650000000000001688,0.70650000000000001688
43,136.25,0.27350000000000002087,0.27350000000000002087
44,136.25,0.37299999999999999822,0.37299999999999999822
45,136.25,0.45079999999999997851,0.45079999999999997851
46,136.25,0.70989999999999997549,0.70989999999999997549
47,136.25,0.58579999999999998739,0.58579999999999998739
48,136.25,0.79500000000000003997,0.79500000000000003997
49,136.25,0.85029999999999994476,0.85029999999999994476
50,136.25,0.93410000000000004139,0.93410000000000004139
51,136.25,0.93230000000000001759,0.93230000000000001759
52,136.25,0.92689999999999994618,0.92689999999999994618
53,136.25,0.83630000000000004334,0.83630000000000004334
54,136.25,0.78349999999999997424,0.78349999999999997424
55,136.25,0.86409999999999997922,0.86409999999999997922
56,136.25,0.5748999999999999666,0.5748999999999999666
57,136.25,0.59609999999999996323,0.59609999999999996323
58,136.25,0.39719999999999999751,0.39719999999999999751
59,136.25,0.38640000000000002123,0.38640000000000002123
60,136.25,0.57779999999999998028,0.57779999999999998028
61,136.25,0.63470000000000004192,0.63470000000000004192
62,136.25,0.59970000000000001084,0.59970000000000001084
63,136.25,0.44180000000000002602,0.44180000000000002602
64,136.25,0.4964000000000000079,0.4964000000000000079
65,136.25,0.62560000000000004494,0.62560000000000004494
66,136.25,0.544599999999999973,0.544599999999999973
67,136.25,0.72650000000000003464,0.72650000000000003464
68,136.25,0.9356999999999999762,0.9356999999999999762
69,136.25,0.95420000000000004814,0.95420000000000004814
70,136.25,0.60340000000000004743,0.60340000000000004743
-69,137.5,0.29230000000000000426,0.29230000000000000426
-68,137.5,0.53910000000000002363,0.53910000000000002363
-67,137.5,0.60609999999999997211,0.60609999999999997211
-66,137.5,0.66539999999999999147,0.66539999999999999147
-65,137.5,0.55440000000000000391,0.55440000000000000391
-64,137.5,0.77470000000000005524,0.77470000000000005524
-63,137.5,0.99839999999999995417,0.99839999999999995417
-62,137.5,0.87450000000000005507,0.87450000000000005507
-61,137.5,0.90359999999999995879,0.90359999999999995879
-60,137.5,0.96770000000000000462,0.96770000000000000462
-59,137.5,0.96819999999999994955,0.96819999999999994955
-58,137.5,0.65359999999999995879,0.65359999999999995879
-57,137.5,0.73229999999999995097,0.73229999999999995097
-56,137.5,0.98229999999999995097,0.98229999999999995097
-55,137.5,0.96719999999999994866,0.96719999999999994866
-54,137.5,0.99109999999999998099,0.99109999999999998099
-53,137.5,0.60580000000000000515,0.60580000000000000515
-52,137.5,0.52010000000000000675,0.52010000000000000675
-51,137.5,0.41560000000000002496,0.41560000000000002496
-50,137.5,0.53959999999999996856,0.53959999999999996856
-49,137.5,0.77569999999999994511,0.77569999999999994511
-48,137.5,0.26500000000000001332,0.26500000000000001332
-47,137.5,0.063899999999999998468,0.063899999999999998468
-46,137.5,0.064299999999999996048,0.064299999999999996048
-45,137.5,0.24030000000000001359,0.24030000000000001359
-44,137.5,0.12289999999999999536,0.12289999999999999536
-43,137.5,0.060699999999999997014,0.060699999999999997014
-42,137.5,0.042900000000000000633,0.042900000000000000633
-41,137.5,0.089399999999999993361,0.089399999999999993361
-40,137.5,0.090599999999999999978,0.090599999999999999978
-39,137.5,0.06579999999999999738,0.06579999999999999738
-38,137.5,0.24949999999999999956,0.24949999999999999956
-37,137.5,0.23960000000000000742,0.23960000000000000742
-36,137.5,0.10090000000000000357,0.10090000000000000357
-35,137.5,0.081199999999999994404,0.081199999999999994404
-34,137.5,0.054199999999999998179,0.054199999999999998179
-33,137.5,0.091300000000000006151,0.091300000000000006151
-32,137.5,0.2722999999999999865,0.2722999999999999865
-31,137.5,0.38379999999999997451,0.38379999999999997451
-30,137.5,0.29239999999999999325,0.29239999999999999325
-29,137.5,0.20219999999999999085,0.20219999999999999085
-28,137.5,0.17710000000000000742,0.17710000000000000742
-27,137.5,0.15049999999999999489,0.15049999999999999489
-26,137.5,0.096699999999999994293,0.096699999999999994293
-25,137.5,0.096100000000000004863,0.096100000000000004863
-24,137.5,0.11119999999999999329,0.11119999999999999329
-23,137.5,0.23739999999999999991,0.23739999999999999991
-22,137.5,0.2909999999999999809,0.2909999999999999809
-21,137.5,0.31979999999999997318,0.31979999999999997318
-20,137.5,0.23119999999999998885,0.23119999999999998885
-19,137.5,0.163000000000000006,0.163000000000000006
-18,137.5,0.13630000000000000449,0.13630000000000000449
-17,137.5,0.07720000000000000473,0.07720000000000000473
-16,137.5,0.034700000000000001676,0.034700000000000001676
-15,137.5,0.018900000000000000133,0.018900000000000000133
-14,137.5,0.011199999999999999886,0.011199999999999999886
-13,137.5,0.012699999999999999484,0.012699999999999999484
-12,137.5,0.01170000000000000033,0.01170000000000000033
-11,137.5,0.0035000000000000000729,0.0035000000000000000729
-10,137.5,0.0025999999999999998807,0.0025999999999999998807
-9,137.5,0.00449999999999999966,0.00449999999999999966
-8,137.5,0.0086000000000000000056,0.0086000000000000000056
-7,137.5,0.007700000000000000247,0.007700000000000000247
-6,137.5,0.023699999999999998845,0.023699999999999998845
-5,137.5,0.015199999999999999969,0.015199999999999999969
-4,137.5,0.5597999999999999643,0.5597999999999999643
-3,137.5,0.55620000000000002771,0.55620000000000002771
-2,137.5,0.23100000000000001088,0.23100000000000001088
-1,137.5,0.098100000000000006639,0.098100000000000006639
0,137.5,0.095100000000000003975,0.095100000000000003975
1,137.5,0.082100000000000006306,0.082100000000000006306
2,137.5,0.076499999999999998557,0.076499999999999998557
3,137.5,0.030999999999999999778,0.030999999999999999778
4,137.5,0.010300000000000000128,0.010300000000000000128
5,137.5,0.027199999999999998485,0.027199999999999998485
6,137.5,0.013799999999999999767,0.013799999999999999767
7,137.5,0.0094999999999999997641,0.0094999999999999997641
8,137.5,0.012300000000000000169,0.012300000000000000169
9,137.5,0.033500000000000001998,0.033500000000000001998
10,137.5,0.036499999999999997724,0.036499999999999997724
11,137.5,0.028000000000000000583,0.028000000000000000583
12,137.5,0.035700000000000002565,0.035700000000000002565
13,137.5,0.04159999999999999809,0.04159999999999999809
14,137.5,0.060900000000000002742,0.060900000000000002742
15,137.5,0.13070000000000001061,0.13070000000000001061
16,137.5,0.1259000000000000119,0.1259000000000000119
17,137.5,0.18890000000000001235,0.18890000000000001235
18,137.5,0.31719999999999998197,0.31719999999999998197
19,137.5,0.45300000000000001377,0.45300000000000001377
20,137.5,0.49430000000000001714,0.49430000000000001714
21,137.5,0.37640000000000001235,0.37640000000000001235
22,137.5,0.62649999999999994582,0.62649999999999994582
23,137.5,0.41660000000000002585,0.41660000000000002585
24,137.5,0.5284999999999999698,0.5284999999999999698
25,137.5,0.44059999999999999165,0.44059999999999999165
26,137.5,0.6411000000000000032,0.6411000000000000032
27,137.5,0.85289999999999999147,0.85289999999999999147
28,137.5,0.91549999999999998046,0.91549999999999998046
29,137.5,0.97929999999999994831,0.97929999999999994831
30,137.5,0.75070000000000003393,0.75070000000000003393
31,137.5,0.74760000000000004228,0.74760000000000004228
32,137.5,0.56979999999999997318,0.56979999999999997318
33,137.5,0.59619999999999995222,0.59619999999999995222
34,137.5,0.70830000000000004068,0.70830000000000004068
35,137.5,0.90249999999999996891,0.90249999999999996891
36,137.5,0.34370000000000000551,0.34370000000000000551
37,137.5,0.085300000000000000822,0.085300000000000000822
38,137.5,0.16869999999999998885,0.16869999999999998885
39,137.5,0.5070999999999999952,0.5070999999999999952
40,137.5,0.78090000000000003855,0.78090000000000003855
41,137.5,0.97670000000000001261,0.97670000000000001261
42,137.5,0.96489999999999997993,0.96489999999999997993
43,137.5,0.37199999999999999734,0.37199999999999999734
44,137.5,0.24560000000000001275,0.24560000000000001275
45,137.5,0.49130000000000001448,0.49130000000000001448
46,137.5,0.56220000000000003304,0.56220000000000003304
47,137.5,0.62160000000000004139,0.62160000000000004139
48,137.5,0.87980000000000002647,0.87980000000000002647
49,137.5,0.77600000000000002309,0.77600000000000002309
50,137.5,0.96560000000000001386,0.96560000000000001386
51,137.5,0.86080000000000000959,0.86080000000000000959
52,137.5,0.89810000000000000941,0.89810000000000000941
53,137.5,0.73419999999999996376,0.73419999999999996376
54,137.5,0.65569999999999994955,0.65569999999999994955
55,137.5,0.83030000000000003801,0.83030000000000003801
56,137.5,0.79830000000000000959,0.79830000000000000959
57,137.5,0.63219999999999998419,0.63219999999999998419
58,137.5,0.36899999999999999467,0.36899999999999999467
59,137.5,0.47160000000000001918,0.47160000000000001918
60,137.5,0.73089999999999999414,0.73089999999999999414
61,137.5,0.85219999999999995755,0.85219999999999995755
62,137.5,0.87390000000000001013,0.87390000000000001013
63,137.5,0.96760000000000001563,0.96760000000000001563
64,137.5,0.77480000000000004423,0.77480000000000004423
65,137.5,0.70469999999999999307,0.70469999999999999307
66,137.5,0.79379999999999995008,0.79379999999999995008
67,137.5,0.88810000000000000053,0.88810000000000000053
68,137.5,0.99760000000000004228,0.99760000000000004228
69,137.5,0.91839999999999999414,0.91839999999999999414
70,137.5,0.57550000000000001155,0.57550000000000001155
-69,138.75,0.26760000000000000453,0.26760000000000000453
-68,138.75,0.43590000000000000968,0.43590000000000000968
-67,138.75,0.55089999999999994529,0.55089999999999994529
-66,138.75,0.64580000000000004068,0.64580000000000004068
-65,138.75,0.47520000000000001128,0.47520000000000001128
-64,138.75,0.69969999999999998863,0.69969999999999998863
-63,138.75,0.95550000000000001599,0.95550000000000001599
-62,138.75,0.88880000000000003446,0.88880000000000003446
-61,138.75,0.9579999999999999627,0.9579999999999999627
-60,138.75,0.92820000000000002505,0.92820000000000002505
-59,138.75,0.82809999999999994724,0.82809999999999994724
-58,138.75,0.55800000000000005151,0.55800000000000005151
-57,138.75,0.76570000000000004725,0.76570000000000004725
-56,138.75,0.99850000000000005418,0.99850000000000005418
-55,138.75,0.9956000000000000405,0.9956000000000000405
-54,138.75,0.95730000000000003979,0.95730000000000003979
-53,138.75,0.63370000000000004103,0.63370000000000004103
-52,138.75,0.64310000000000000497,0.64310000000000000497
-51,138.75,0.5340000000000000302,0.5340000000000000302
-50,138.75,0.69140000000000001457,0.69140000000000001457
-49,138.75,0.39700000000000001954,0.39700000000000001954
-48,138.75,0.087800000000000003042,0.087800000000000003042
-47,138.75,0.035900000000000001354,0.035900000000000001354
-46,138.75,0.12310000000000000109,0.12310000000000000109
-45,138.75,0.14840000000000000413,0.14840000000000000413
-44,138.75,0.042299999999999997324,0.042299999999999997324
-43,138.75,0.034000000000000002442,0.034000000000000002442
-42,138.75,0.044799999999999999545,0.044799999999999999545
-41,138.75,0.055399999999999997857,0.055399999999999997857
-40,138.75,0.021100000000000000699,0.021100000000000000699
-39,138.75,0.054699999999999998623,0.054699999999999998623
-38,138.75,0.070999999999999993672,0.070999999999999993672
-37,138.75,0.069400000000000003353,0.069400000000000003353
-36,138.75,0.052699999999999996847,0.052699999999999996847
-35,138.75,0.0596000000000000002,0.0596000000000000002
-34,138.75,0.098900000000000001799,0.098900000000000001799
-33,138.75,0.23619999999999999329,0.23619999999999999329
-32,138.75,0.35989999999999999769,0.35989999999999999769
-31,138.75,0.37940000000000001501,0.37940000000000001501
-30,138.75,0.29289999999999999369,0.29289999999999999369
-29,138.75,0.23819999999999999507,0.23819999999999999507
-28,138.75,0.22289999999999998703,0.22289999999999998703
-27,138.75,0.16259999999999999454,0.16259999999999999454
-26,138.75,0.17360000000000000431,0.17360000000000000431
-25,138.75,0.17840000000000000302,0.17840000000000000302
-24,138.75,0.18210000000000001186,0.18210000000000001186
-23,138.75,0.22409999999999999365,0.22409999999999999365
-22,138.75,0.26019999999999998685,0.26019999999999998685
-21,138.75,0.25769999999999998463,0.25769999999999998463
-20,138.75,0.23160000000000000031,0.23160000000000000031
-19,138.75,0.22800000000000000822,0.22800000000000000822
-18,138.75,0.15379999999999999227,0.15379999999999999227
-17,138.75,0.078299999999999994604,0.078299999999999994604
-16,138.75,0.046199999999999998013,0.046199999999999998013
-15,138.75,0.02069999999999999965,0.02069999999999999965
-14,138.75,0.0094000000000000003691,0.0094000000000000003691
-13,138.75,0.0080999999999999995615,0.0080999999999999995615
-12,138.75,0.0094000000000000003691,0.0094000000000000003691
-11,138.75,0.0032000000000000001533,0.0032000000000000001533
-10,138.75,0.0051999999999999997613,0.0051999999999999997613
-9,138.75,0.0080999999999999995615,0.0080999999999999995615
-8,138.75,0.0071999999999999998029,0.0071999999999999998029
-7,138.75,0.0058999999999999998626,0.0058999999999999998626
-6,138.75,0.03289999999999999869,0.03289999999999999869
-5,138.75,0.033500000000000001998,0.033500000000000001998
-4,138.75,0.019099999999999998923,0.019099999999999998923
-3,138.75,0.89029999999999998028,0.89029999999999998028
-2,138.75,0.30930000000000001936,0.30930000000000001936
-1,138.75,0.11970000000000000084,0.11970000000000000084
0,138.75,0.11110000000000000431,0.11110000000000000431
1,138.75,0.10539999999999999369,0.10539999999999999369
2,138.75,0.077100000000000001865,0.077100000000000001865
3,138.75,0.039800000000000002043,0.039800000000000002043
4,138.75,0.015699999999999998679,0.015699999999999998679
5,138.75,0.019300000000000001182,0.019300000000000001182
6,138.75,0.013899999999999999162,0.013899999999999999162
7,138.75,0.0099000000000000008132,0.0099000000000000008132
8,138.75,0.015900000000000000938,0.015900000000000000938
9,138.75,0.03230000000000000232,0.03230000000000000232
10,138.75,0.030499999999999999334,0.030499999999999999334
11,138.75,0.020299999999999998601,0.020299999999999998601
12,138.75,0.022800000000000000822,0.022800000000000000822
13,138.75,0.042900000000000000633,0.042900000000000000633
14,138.75,0.05050000000000000322,0.05050000000000000322
15,138.75,0.12470000000000000528,0.12470000000000000528
16,138.75,0.14640000000000000235,0.14640000000000000235
17,138.75,0.21090000000000000413,0.21090000000000000413
18,138.75,0.44340000000000001634,0.44340000000000001634
19,138.75,0.75919999999999998597,0.75919999999999998597
20,138.75,0.89510000000000000675,0.89510000000000000675
21,138.75,0.57220000000000004192,0.57220000000000004192
22,138.75,0.69150000000000000355,0.69150000000000000355
23,138.75,0.40710000000000001741,0.40710000000000001741
24,138.75,0.41270000000000001128,0.41270000000000001128
25,138.75,0.41980000000000000648,0.41980000000000000648
26,138.75,0.48149999999999998357,0.48149999999999998357
27,138.75,0.84960000000000002185,0.84960000000000002185
28,138.75,0.88470000000000004192,0.88470000000000004192
29,138.75,0.93830000000000002292,0.93830000000000002292
30,138.75,0.87460000000000004405,0.87460000000000004405
31,138.75,0.60419999999999995932,0.60419999999999995932
32,138.75,0.65090000000000003411,0.65090000000000003411
33,138.75,0.41639999999999999236,0.41639999999999999236
34,138.75,0.69510000000000005116,0.69510000000000005116
35,138.75,0.79520000000000001794,0.79520000000000001794
36,138.75,1,1
37,138.75,0.14569999999999999618,0.14569999999999999618
38,138.75,0.025600000000000001227,0.025600000000000001227
39,138.75,0.1575999999999999901,0.1575999999999999901
40,138.75,0.34310000000000001608,0.34310000000000001608
41,138.75,0.65880000000000005222,0.65880000000000005222
42,138.75,0.92149999999999998579,0.92149999999999998579
43,138.75,0.6231999999999999762,0.6231999999999999762
44,138.75,0.34179999999999999272,0.34179999999999999272
45,138.75,0.67869999999999996998,0.67869999999999996998
46,138.75,0.81149999999999999911,0.81149999999999999911
47,138.75,0.76949999999999996181,0.76949999999999996181
48,138.75,0.81240000000000001101,0.81240000000000001101
49,138.75,0.99690000000000000835,0.99690000000000000835
50,138.75,0.98089999999999999414,0.98089999999999999414
51,138.75,0.68859999999999998987,0.68859999999999998987
52,138.75,0.86690000000000000391,0.86690000000000000391
53,138.75,0.62519999999999997797,0.62519999999999997797
54,138.75,0.57189999999999996394,0.57189999999999996394
55,138.75,0.82440000000000002167,0.82440000000000002167
56,138.75,0.94579999999999997407,0.94579999999999997407
57,138.75,0.78410000000000001918,0.78410000000000001918
58,138.75,0.78669999999999995488,0.78669999999999995488
59,138.75,0.6992000000000000437,0.6992000000000000437
60,138.75,0.83909999999999995701,0.83909999999999995701
61,138.75,0.92000000000000003997,0.92000000000000003997
62,138.75,0.95620000000000004992,0.95620000000000004992
63,138.75,0.80800000000000005151,0.80800000000000005151
64,138.75,0.75280000000000002469,0.75280000000000002469
65,138.75,0.74799999999999999822,0.74799999999999999822
66,138.75,0.84240000000000003766,0.84240000000000003766
67,138.75,0.8242000000000000437,0.8242000000000000437
68,138.75,0.82730000000000003535,0.82730000000000003535
69,138.75,0.83260000000000000675,0.83260000000000000675
70,138.75,0.56989999999999996216,0.56989999999999996216
-69,140,0.27789999999999998037,0.27789999999999998037
-68,140,0.4017999999999999905,0.4017999999999999905
-67,140,0.41909999999999997256,0.41909999999999997256
-66,140,0.63070000000000003837,0.63070000000000003837
-65,140,0.47299999999999997602,0.47299999999999997602
-64,140,0.56589999999999995861,0.56589999999999995861
-63,140,0.7840000000000000302,0.7840000000000000302
-62,140,0.76429999999999997939,0.76429999999999997939
-61,140,0.87749999999999994671,0.87749999999999994671
-60,140,0.72109999999999996323,0.72109999999999996323
-59,140,0.47839999999999999192,0.47839999999999999192
-58,140,0.47470000000000001084,0.47470000000000001084
-57,140,0.9043999999999999817,0.9043999999999999817
-56,140,0.9990999999999999881,0.9990999999999999881
-55,140,0.98129999999999995008,0.98129999999999995008
-54,140,0.69299999999999994937,0.69299999999999994937
-53,140,0.66549999999999998046,0.66549999999999998046
-52,140,0.72189999999999998614,0.72189999999999998614
-51,140,0.67630000000000001226,0.67630000000000001226
-50,140,0.59519999999999995133,0.59519999999999995133
-49,140,0.13430000000000000271,0.13430000000000000271
-48,140,0.030800000000000000988,0.030800000000000000988
-47,140,0.036400000000000001799,0.036400000000000001799
-46,140,0.17150000000000001354,0.17150000000000001354
-45,140,0.20910000000000000808,0.20910000000000000808
-44,140,0.025399999999999998967,0.025399999999999998967
-43,140,0.013899999999999999162,0.013899999999999999162
-42,140,0.036499999999999997724,0.036499999999999997724
-41,140,0.041000000000000001721,0.041000000000000001721
-40,140,0.024500000000000000944,0.024500000000000000944
-39,140,0.032800000000000002764,0.032800000000000002764
-38,140,0.054300000000000001044,0.054300000000000001044
-37,140,0.05650000000000000161,0.05650000000000000161
-36,140,0.050200000000000001565,0.050200000000000001565
-35,140,0.045900000000000003297,0.045900000000000003297
-34,140,0.097199999999999994738,0.097199999999999994738
-33,140,0.28110000000000001652,0.28110000000000001652
-32,140,0.3911000000000000032,0.3911000000000000032
-31,140,0.28639999999999998792,0.28639999999999998792
-30,140,0.12920000000000000928,0.12920000000000000928
-29,140,0.14119999999999999218,0.14119999999999999218
-28,140,0.23330000000000000737,0.23330000000000000737
-27,140,0.28410000000000001918,0.28410000000000001918
-26,140,0.27620000000000000107,0.27620000000000000107
-25,140,0.31240000000000001101,0.31240000000000001101
-24,140,0.14440000000000000058,0.14440000000000000058
-23,140,0.17580000000000001181,0.17580000000000001181
-22,140,0.20460000000000000409,0.20460000000000000409
-21,140,0.27069999999999999618,0.27069999999999999618
-20,140,0.27400000000000002132,0.27400000000000002132
-19,140,0.21679999999999999272,0.21679999999999999272
-18,140,0.097199999999999994738,0.097199999999999994738
-17,140,0.061199999999999997458,0.061199999999999997458
-16,140,0.017299999999999999406,0.017299999999999999406
-15,140,0.013599999999999999242,0.013599999999999999242
-14,140,0.0080000000000000001665,0.0080000000000000001665
-13,140,0.010600000000000000047,0.010600000000000000047
-12,140,0.0088999999999999999251,0.0088999999999999999251
-11,140,0.0061999999999999997821,0.0061999999999999997821
-10,140,0.0041999999999999997405,0.0041999999999999997405
-9,140,0.011499999999999999806,0.011499999999999999806
-8,140,0.0051000000000000003664,0.0051000000000000003664
-7,140,0.0022000000000000001325,0.0022000000000000001325
-6,140,0.024099999999999999895,0.024099999999999999895
-5,140,0.36680000000000001492,0.36680000000000001492
-4,140,0.15170000000000000151,0.15170000000000000151
-3,140,0.95550000000000001599,0.95550000000000001599
-2,140,0.3920000000000000151,0.3920000000000000151
-1,140,0.16609999999999999765,0.16609999999999999765
0,140,0.15629999999999999449,0.15629999999999999449
1,140,0.14360000000000000542,0.14360000000000000542
2,140,0.099199999999999996514,0.099199999999999996514
3,140,0.030599999999999998729,0.030599999999999998729
4,140,0.017399999999999998801,0.017399999999999998801
5,140,0.011599999999999999201,0.011599999999999999201
6,140,0.012900000000000000008,0.012900000000000000008
7,140,0.012600000000000000089,0.012600000000000000089
8,140,0.037999999999999999056,0.037999999999999999056
9,140,0.02960000000000000131,0.02960000000000000131
10,140,0.022900000000000000216,0.022900000000000000216
11,140,0.022200000000000000983,0.022200000000000000983
12,140,0.023500000000000000056,0.023500000000000000056
13,140,0.044900000000000002409,0.044900000000000002409
14,140,0.068500000000000005329,0.068500000000000005329
15,140,0.088900000000000006795,0.088900000000000006795
16,140,0.1887999999999999956,0.1887999999999999956
17,140,0.29489999999999999547,0.29489999999999999547
18,140,0.5463999999999999968,0.5463999999999999968
19,140,0.65449999999999997069,0.65449999999999997069
20,140,0.83260000000000000675,0.83260000000000000675
21,140,0.61270000000000002238,0.61270000000000002238
22,140,0.4606999999999999984,0.4606999999999999984
23,140,0.46820000000000000506,0.46820000000000000506
24,140,0.41999999999999998446,0.41999999999999998446
25,140,0.48609999999999997655,0.48609999999999997655
26,140,0.44990000000000002212,0.44990000000000002212
27,140,0.79969999999999996643,0.79969999999999996643
28,140,0.76619999999999999218,0.76619999999999999218
29,140,0.64090000000000002522,0.64090000000000002522
30,140,0.34960000000000002185,0.34960000000000002185
31,140,0.26319999999999998952,0.26319999999999998952
32,140,0.20630000000000001115,0.20630000000000001115
33,140,0.52100000000000001865,0.52100000000000001865
34,140,0.52680000000000004601,0.52680000000000004601
35,140,0.91649999999999998135,0.91649999999999998135
36,140,0.97880000000000000338,0.97880000000000000338
37,140,0.95209999999999994635,0.95209999999999994635
38,140,0.16709999999999999853,0.16709999999999999853
39,140,0.037699999999999997402,0.037699999999999997402
40,140,0.090499999999999997113,0.090499999999999997113
41,140,0.35339999999999999192,0.35339999999999999192
42,140,0.50609999999999999432,0.50609999999999999432
43,140,0.51549999999999995826,0.51549999999999995826
44,140,0.3418999999999999817,0.3418999999999999817
45,140,0.76490000000000002434,0.76490000000000002434
46,140,0.99790000000000000924,0.99790000000000000924
47,140,0.83060000000000000497,0.83060000000000000497
48,140,0.78559999999999996501,0.78559999999999996501
49,140,0.705400000000000027,0.705400000000000027
50,140,0.96779999999999999361,0.96779999999999999361
51,140,0.86909999999999998366,0.86909999999999998366
52,140,0.85189999999999999059,0.85189999999999999059
53,140,0.67469999999999996643,0.67469999999999996643
54,140,0.56420000000000003482,0.56420000000000003482
55,140,0.78069999999999994955,0.78069999999999994955
56,140,0.95499999999999996003,0.95499999999999996003
57,140,0.89000000000000001332,0.89000000000000001332
58,140,0.98790000000000000036,0.98790000000000000036
59,140,0.96470000000000000195,0.96470000000000000195
60,140,0.9786000000000000254,0.9786000000000000254
61,140,0.85350000000000003642,0.85350000000000003642
62,140,0.67720000000000002416,0.67720000000000002416
63,140,0.19659999999999999698,0.19659999999999999698
64,140,0.6624999999999999778,0.6624999999999999778
65,140,0.95709999999999995079,0.95709999999999995079
66,140,0.96699999999999997069,0.96699999999999997069
67,140,0.46600000000000002531,0.46600000000000002531
68,140,0.74639999999999995239,0.74639999999999995239
69,140,0.76119999999999998774,0.76119999999999998774
70,140,0.56759999999999999343,0.56759999999999999343
-69,141.25,0.29160000000000002585,0.29160000000000002585
-68,141.25,0.37119999999999997442,0.37119999999999997442
-67,141.25,0.36540000000000000258,0.36540000000000000258
-66,141.25,0.62280000000000002025,0.62280000000000002025
-65,141.25,0.44450000000000000622,0.44450000000000000622
-64,141.25,0.3579999999999999849,0.3579999999999999849
-63,141.25,0.48289999999999999591,0.48289999999999999591
-62,141.25,0.67530000000000001137,0.67530000000000001137
-61,141.25,0.87749999999999994671,0.87749999999999994671
-60,141.25,0.59179999999999999272,0.59179999999999999272
-59,141.25,0.38990000000000002434,0.38990000000000002434
-58,141.25,0.63819999999999998952,0.63819999999999998952
-57,141.25,0.93210000000000003961,0.93210000000000003961
-56,141.25,0.9838999999999999968,0.9838999999999999968
-55,141.25,0.73189999999999999503,0.73189999999999999503
-54,141.25,0.46579999999999999183,0.46579999999999999183
-53,141.25,0.9090000000000000302,0.9090000000000000302
-52,141.25,0.88309999999999999609,0.88309999999999999609
-51,141.25,0.51910000000000000586,0.51910000000000000586
-50,141.25,0.44990000000000002212,0.44990000000000002212
-49,141.25,0.071499999999999994116,0.071499999999999994116
-48,141.25,0.040099999999999996758,0.040099999999999996758
-47,141.25,0.099299999999999999378,0.099299999999999999378
-46,141.25,0.28470000000000000862,0.28470000000000000862
-45,141.25,0.09210000000000000131,0.09210000000000000131
-44,141.25,0.0064999999999999997016,0.0064999999999999997016
-43,141.25,0.0074000000000000003275,0.0074000000000000003275
-42,141.25,0.023300000000000001266,0.023300000000000001266
-41,141.25,0.020600000000000000255,0.020600000000000000255
-40,141.25,0.018200000000000000899,0.018200000000000000899
-39,141.25,0.076300000000000006706,0.076300000000000006706
-38,141.25,0.14169999999999999263,0.14169999999999999263
-37,141.25,0.085999999999999993117,0.085999999999999993117
-36,141.25,0.042900000000000000633,0.042900000000000000633
-35,141.25,0.097400000000000000466,0.097400000000000000466
-34,141.25,0.20160000000000000142,0.20160000000000000142
-33,141.25,0.21040000000000000369,0.21040000000000000369
-32,141.25,0.25929999999999997495,0.25929999999999997495
-31,141.25,0.13559999999999999831,0.13559999999999999831
-30,141.25,0.061699999999999997902,0.061699999999999997902
-29,141.25,0.066600000000000006417,0.066600000000000006417
-28,141.25,0.22029999999999999583,0.22029999999999999583
-27,141.25,0.16589999999999999192,0.16589999999999999192
-26,141.25,0.12429999999999999383,0.12429999999999999383
-25,141.25,0.093100000000000002198,0.093100000000000002198
-24,141.25,0.091600000000000000866,0.091600000000000000866
-23,141.25,0.11119999999999999329,0.11119999999999999329
-22,141.25,0.15579999999999999405,0.15579999999999999405
-21,141.25,0.25950000000000000844,0.25950000000000000844
-20,141.25,0.25650000000000000577,0.25650000000000000577
-19,141.25,0.20949999999999999178,0.20949999999999999178
-18,141.25,0.14919999999999999929,0.14919999999999999929
-17,141.25,0.0682999999999999996,0.0682999999999999996
-16,141.25,0.028299999999999998768,0.028299999999999998768
-15,141.25,0.04179999999999999688,0.04179999999999999688
-14,141.25,0.010699999999999999442,0.010699999999999999442
-13,141.25,0.016199999999999999123,0.016199999999999999123
-12,141.25,0.0240000000000000005,0.0240000000000000005
-11,141.25,0.00899999999999999932,0.00899999999999999932
-10,141.25,0.0058999999999999998626,0.0058999999999999998626
-9,141.25,0.01200000000000000025,0.01200000000000000025
-8,141.25,0.0043000000000000000028,0.0043000000000000000028
-7,141.25,0.0048999999999999998418,0.0048999999999999998418
-6,141.25,0.057599999999999998423,0.057599999999999998423
-5,141.25,0.47199999999999997513,0.47199999999999997513
-4,141.25,0.87949999999999994849,0.87949999999999994849
-3,141.25,0.75739999999999996216,0.75739999999999996216
-2,141.25,0.38679999999999997717,0.38679999999999997717
-1,141.25,0.21399999999999999578,0.21399999999999999578
0,141.25,0.21510000000000001341,0.21510000000000001341
1,141.25,0.19050000000000000266,0.19050000000000000266
2,141.25,0.13450000000000000844,0.13450000000000000844
3,141.25,0.053199999999999997291,0.053199999999999997291
4,141.25,0.026399999999999999856,0.026399999999999999856
5,141.25,0.0067000000000000002262,0.0067000000000000002262
6,141.25,0.0086999999999999994005,0.0086999999999999994005
7,141.25,0.019199999999999998318,0.019199999999999998318
8,141.25,0.038399999999999996636,0.038399999999999996636
9,141.25,0.045800000000000000433,0.045800000000000000433
10,141.25,0.02670000000000000151,0.02670000000000000151
11,141.25,0.036700000000000003453,0.036700000000000003453
12,141.25,0.024799999999999999128,0.024799999999999999128
13,141.25,0.033200000000000000344,0.033200000000000000344
14,141.25,0.068400000000000002465,0.068400000000000002465
15,141.25,0.10939999999999999725,0.10939999999999999725
16,141.25,0.17949999999999999289,0.17949999999999999289
17,141.25,0.27019999999999999574,0.27019999999999999574
18,141.25,0.30399999999999999245,0.30399999999999999245
19,141.25,0.37869999999999998108,0.37869999999999998108
20,141.25,0.44319999999999998286,0.44319999999999998286
21,141.25,0.51810000000000000497,0.51810000000000000497
22,141.25,0.49690000000000000835,0.49690000000000000835
23,141.25,0.60199999999999997957,0.60199999999999997957
24,141.25,0.51490000000000002434,0.51490000000000002434
25,141.25,0.82389999999999996572,0.82389999999999996572
26,141.25,0.75119999999999997886,0.75119999999999997886
27,141.25,0.74480000000000001759,0.74480000000000001759
28,141.25,0.71579999999999999183,0.71579999999999999183
29,141.25,0.58350000000000001865,0.58350000000000001865
30,141.25,0.26379999999999997895,0.26379999999999997895
31,141.25,0.11509999999999999398,0.11509999999999999398
32,141.25,0.10689999999999999503,0.10689999999999999503
33,141.25,0.50549999999999994937,0.50549999999999994937
34,141.25,0.79569999999999996287,0.79569999999999996287
35,141.25,0.92900000000000004796,0.92900000000000004796
36,141.25,0.77190000000000003055,0.77190000000000003055
37,141.25,0.85940000000000005276,0.85940000000000005276
38,141.25,0.67589999999999994529,0.67589999999999994529
39,141.25,0.23330000000000000737,0.23330000000000000737
40,141.25,0.079600000000000004086,0.079600000000000004086
41,141.25,0.17439999999999999947,0.17439999999999999947
42,141.25,0.37709999999999999076,0.37709999999999999076
43,141.25,0.48720000000000002194,0.48720000000000002194
44,141.25,0.4152000000000000135,0.4152000000000000135
45,141.25,0.55869999999999997442,0.55869999999999997442
46,141.25,0.9749999999999999778,0.9749999999999999778
47,141.25,0.97609999999999996767,0.97609999999999996767
48,141.25,0.57969999999999999307,0.57969999999999999307
49,141.25,0.54069999999999995843,0.54069999999999995843
50,141.25,0.7963999999999999968,0.7963999999999999968
51,141.25,0.9956000000000000405,0.9956000000000000405
52,141.25,0.97460000000000002185,0.97460000000000002185
53,141.25,0.83989999999999997993,0.83989999999999997993
54,141.25,0.77249999999999996447,0.77249999999999996447
55,141.25,0.83720000000000005524,0.83720000000000005524
56,141.25,0.85060000000000002274,0.85060000000000002274
57,141.25,0.90620000000000000551,0.90620000000000000551
58,141.25,0.94040000000000001368,0.94040000000000001368
59,141.25,0.8911000000000000032,0.8911000000000000032
60,141.25,0.81010000000000004228,0.81010000000000004228
61,141.25,0.74319999999999997176,0.74319999999999997176
62,141.25,0.41189999999999998836,0.41189999999999998836
63,141.25,0.19880000000000000449,0.19880000000000000449
64,141.25,0.81410000000000004583,0.81410000000000004583
65,141.25,0.9304000000000000048,0.9304000000000000048
66,141.25,0.64449999999999996181,0.64449999999999996181
67,141.25,0.49890000000000001013,0.49890000000000001013
68,141.25,0.56389999999999995683,0.56389999999999995683
69,141.25,0.71809999999999996056,0.71809999999999996056
70,141.25,0.55820000000000002949,0.55820000000000002949
-69,142.5,0.27050000000000001821,0.27050000000000001821
-68,142.5,0.39579999999999998517,0.39579999999999998517
-67,142.5,0.35260000000000002451,0.35260000000000002451
-66,142.5,0.53020000000000000462,0.53020000000000000462
-65,142.5,0.35580000000000000515,0.35580000000000000515
-64,142.5,0.21709999999999998743,0.21709999999999998743
-63,142.5,0.34670000000000000817,0.34670000000000000817
-62,142.5,0.69469999999999998419,0.69469999999999998419
-61,142.5,0.73950000000000004619,0.73950000000000004619
-60,142.5,0.48959999999999997966,0.48959999999999997966
-59,142.5,0.41299999999999997824,0.41299999999999997824
-58,142.5,0.68759999999999998899,0.68759999999999998899
-57,142.5,0.99809999999999998721,0.99809999999999998721
-56,142.5,0.97660000000000002363,0.97660000000000002363
-55,142.5,0.5383999999999999897,0.5383999999999999897
-54,142.5,0.57089999999999996305,0.57089999999999996305
-53,142.5,0.86729999999999995985,0.86729999999999995985
-52,142.5,0.64159999999999994813,0.64159999999999994813
-51,142.5,0.46179999999999998828,0.46179999999999998828
-50,142.5,0.29299999999999998268,0.29299999999999998268
-49,142.5,0.13919999999999999041,0.13919999999999999041
-48,142.5,0.19680000000000000271,0.19680000000000000271
-47,142.5,0.34310000000000001608,0.34310000000000001608
-46,142.5,0.21779999999999999361,0.21779999999999999361
-45,142.5,0.030800000000000000988,0.030800000000000000988
-44,142.5,0.0032000000000000001533,0.0032000000000000001533
-43,142.5,0.01799999999999999864,0.01799999999999999864
-42,142.5,0.019800000000000001626,0.019800000000000001626
-41,142.5,0.01460000000000000013,0.01460000000000000013
-40,142.5,0.024199999999999999289,0.024199999999999999289
-39,142.5,0.094000000000000000222,0.094000000000000000222
-38,142.5,0.10080000000000000071,0.10080000000000000071
-37,142.5,0.03579999999999999849,0.03579999999999999849
-36,142.5,0.077600000000000002309,0.077600000000000002309
-35,142.5,0.23250000000000001221,0.23250000000000001221
-34,142.5,0.17799999999999999156,0.17799999999999999156
-33,142.5,0.17760000000000000786,0.17760000000000000786
-32,142.5,0.15349999999999999756,0.15349999999999999756
-31,142.5,0.10979999999999999483,0.10979999999999999483
-30,142.5,0.049899999999999999911,0.049899999999999999911
-29,142.5,0.055500000000000000722,0.055500000000000000722
-28,142.5,0.14000000000000001332,0.14000000000000001332
-27,142.5,0.15859999999999999098,0.15859999999999999098
-26,142.5,0.071800000000000002709,0.071800000000000002709
-25,142.5,0.067100000000000006861,0.067100000000000006861
-24,142.5,0.051299999999999998379,0.051299999999999998379
-23,142.5,0.096399999999999999578,0.096399999999999999578
-22,142.5,0.22079999999999999627,0.22079999999999999627
-21,142.5,0.24449999999999999512,0.24449999999999999512
-20,142.5,0.23580000000000000959,0.23580000000000000959
-19,142.5,0.23400000000000001354,0.23400000000000001354
-18,142.5,0.28699999999999997735,0.28699999999999997735
-17,142.5,0.1001999999999999974,0.1001999999999999974
-16,142.5,0.047500000000000000555,0.047500000000000000555
-15,142.5,0.088599999999999998201,0.088599999999999998201
-14,142.5,0.042400000000000000189,0.042400000000000000189
-13,142.5,0.025700000000000000622,0.025700000000000000622
-12,142.5,0.010800000000000000572,0.010800000000000000572
-11,142.5,0.0051000000000000003664,0.0051000000000000003664
-10,142.5,0.0027999999999999999716,0.0027999999999999999716
-9,142.5,0.011299999999999999281,0.011299999999999999281
-8,142.5,0.0041999999999999997405,0.0041999999999999997405
-7,142.5,0.008300000000000000086,0.008300000000000000086
-6,142.5,0.047300000000000001765,0.047300000000000001765
-5,142.5,0.77059999999999995168,0.77059999999999995168
-4,142.5,0.55849999999999999645,0.55849999999999999645
-3,142.5,0.55959999999999998632,0.55959999999999998632
-2,142.5,0.44159999999999999254,0.44159999999999999254
-1,142.5,0.34379999999999999449,0.34379999999999999449
0,142.5,0.30819999999999997398,0.30819999999999997398
1,142.5,0.30730000000000001759,0.30730000000000001759
2,142.5,0.23910000000000000697,0.23910000000000000697
3,142.5,0.1343999999999999917,0.1343999999999999917
4,142.5,0.043799999999999998657,0.043799999999999998657
5,142.5,0.012800000000000000613,0.012800000000000000613
6,142.5,0.007700000000000000247,0.007700000000000000247
7,142.5,0.013899999999999999162,0.013899999999999999162
8,142.5,0.025899999999999999412,0.025899999999999999412
9,142.5,0.06289999999999999758,0.06289999999999999758
10,142.5,0.038600000000000002365,0.038600000000000002365
11,142.5,0.036200000000000003009,0.036200000000000003009
12,142.5,0.019199999999999998318,0.019199999999999998318
13,142.5,0.023500000000000000056,0.023500000000000000056
14,142.5,0.046699999999999998457,0.046699999999999998457
15,142.5,0.11690000000000000391,0.11690000000000000391
16,142.5,0.1491000000000000103,0.1491000000000000103
17,142.5,0.20019999999999998908,0.20019999999999998908
18,142.5,0.27570000000000000062,0.27570000000000000062
19,142.5,0.25530000000000002691,0.25530000000000002691
20,142.5,0.28360000000000001874,0.28360000000000001874
21,142.5,0.63049999999999994937,0.63049999999999994937
22,142.5,0.580400000000000027,0.580400000000000027
23,142.5,0.77349999999999996536,0.77349999999999996536
24,142.5,0.60640000000000005009,0.60640000000000005009
25,142.5,0.83520000000000005347,0.83520000000000005347
26,142.5,0.93120000000000002771,0.93120000000000002771
27,142.5,0.89629999999999998561,0.89629999999999998561
28,142.5,0.78629999999999999893,0.78629999999999999893
29,142.5,0.61919999999999997264,0.61919999999999997264
30,142.5,0.38459999999999999742,0.38459999999999999742
31,142.5,0.14269999999999999352,0.14269999999999999352
32,142.5,0.19129999999999999782,0.19129999999999999782
33,142.5,0.80530000000000001581,0.80530000000000001581
34,142.5,0.99919999999999997708,0.99919999999999997708
35,142.5,0.94710000000000005294,0.94710000000000005294
36,142.5,0.50160000000000004583,0.50160000000000004583
37,142.5,0.52270000000000005347,0.52270000000000005347
38,142.5,0.63319999999999998508,0.63319999999999998508
39,142.5,0.47299999999999997602,0.47299999999999997602
40,142.5,0.48070000000000001616,0.48070000000000001616
41,142.5,0.68089999999999994973,0.68089999999999994973
42,142.5,0.45169999999999999041,0.45169999999999999041
43,142.5,0.36599999999999999201,0.36599999999999999201
44,142.5,0.25319999999999998064,0.25319999999999998064
45,142.5,0.49109999999999998099,0.49109999999999998099
46,142.5,0.78349999999999997424,0.78349999999999997424
47,142.5,0.88539999999999996483,0.88539999999999996483
48,142.5,0.9929000000000000048,0.9929000000000000048
49,142.5,0.99109999999999998099,0.99109999999999998099
50,142.5,0.973300000000000054,0.973300000000000054
51,142.5,0.96240000000000003322,0.96240000000000003322
52,142.5,0.93899999999999994582,0.93899999999999994582
53,142.5,0.83160000000000000586,0.83160000000000000586
54,142.5,0.68279999999999996252,0.68279999999999996252
55,142.5,0.92420000000000002149,0.92420000000000002149
56,142.5,0.84819999999999995399,0.84819999999999995399
57,142.5,0.83250000000000001776,0.83250000000000001776
58,142.5,0.72050000000000002931,0.72050000000000002931
59,142.5,0.66120000000000000995,0.66120000000000000995
60,142.5,0.66930000000000000604,0.66930000000000000604
61,142.5,0.5742000000000000437,0.5742000000000000437
62,142.5,0.34760000000000002007,0.34760000000000002007
63,142.5,0.44209999999999999298,0.44209999999999999298
64,142.5,0.66029999999999999805,0.66029999999999999805
65,142.5,0.40749999999999997335,0.40749999999999997335
66,142.5,0.59389999999999998348,0.59389999999999998348
67,142.5,0.43780000000000002247,0.43780000000000002247
68,142.5,0.43309999999999998499,0.43309999999999998499
69,142.5,0.72640000000000004565,0.72640000000000004565
70,142.5,0.53139999999999998348,0.53139999999999998348
-69,143.75,0.39619999999999999662,0.39619999999999999662
-68,143.75,0.26800000000000001599,0.26800000000000001599
-67,143.75,0.27929999999999999272,0.27929999999999999272
-66,143.75,0.43900000000000000133,0.43900000000000000133
-65,143.75,0.26679999999999998161,0.26679999999999998161
-64,143.75,0.24579999999999999072,0.24579999999999999072
-63,143.75,0.3588999999999999968,0.3588999999999999968
-62,143.75,0.7920000000000000373,0.7920000000000000373
-61,143.75,0.49969999999999997753,0.49969999999999997753
-60,143.75,0.44409999999999999476,0.44409999999999999476
-59,143.75,0.60660000000000002807,0.60660000000000002807
-58,143.75,0.90659999999999996145,0.90659999999999996145
-57,143.75,0.98319999999999996287,0.98319999999999996287
-56,143.75,0.89829999999999998739,0.89829999999999998739
-55,143.75,0.43699999999999999956,0.43699999999999999956
-54,143.75,0.61029999999999995364,0.61029999999999995364
-53,143.75,0.67430000000000001048,0.67430000000000001048
-52,143.75,0.73680000000000001048,0.73680000000000001048
-51,143.75,0.73180000000000000604,0.73180000000000000604
-50,143.75,0.43619999999999997664,0.43619999999999997664
-49,143.75,0.45210000000000000187,0.45210000000000000187
-48,143.75,0.75470000000000003748,0.75470000000000003748
-47,143.75,0.49749999999999999778,0.49749999999999999778
-46,143.75,0.072400000000000006017,0.072400000000000006017
-45,143.75,0.016400000000000001382,0.016400000000000001382
-44,143.75,0.007799999999999999642,0.007799999999999999642
-43,143.75,0.030200000000000001149,0.030200000000000001149
-42,143.75,0.029200000000000000261,0.029200000000000000261
-41,143.75,0.026399999999999999856,0.026399999999999999856
-40,143.75,0.034599999999999998812,0.034599999999999998812
-39,143.75,0.071800000000000002709,0.071800000000000002709
-38,143.75,0.0625,0.0625
-37,143.75,0.0326999999999999999,0.0326999999999999999
-36,143.75,0.1001999999999999974,0.1001999999999999974
-35,143.75,0.28870000000000001217,0.28870000000000001217
-34,143.75,0.23780000000000001137,0.23780000000000001137
-33,143.75,0.21260000000000001119,0.21260000000000001119
-32,143.75,0.096699999999999994293,0.096699999999999994293
-31,143.75,0.15370000000000000329,0.15370000000000000329
-30,143.75,0.07720000000000000473,0.07720000000000000473
-29,143.75,0.040399999999999998412,0.040399999999999998412
-28,143.75,0.078799999999999995048,0.078799999999999995048
-27,143.75,0.069699999999999998068,0.069699999999999998068
-26,143.75,0.026599999999999998646,0.026599999999999998646
-25,143.75,0.065199999999999994071,0.065199999999999994071
-24,143.75,0.057900000000000000078,0.057900000000000000078
-23,143.75,0.067400000000000001577,0.067400000000000001577
-22,143.75,0.089899999999999993805,0.089899999999999993805
-21,143.75,0.095500000000000001554,0.095500000000000001554
-20,143.75,0.072800000000000003597,0.072800000000000003597
-19,143.75,0.093100000000000002198,0.093100000000000002198
-18,143.75,0.15609999999999998876,0.15609999999999998876
-17,143.75,0.13980000000000000759,0.13980000000000000759
-16,143.75,0.1356999999999999873,0.1356999999999999873
-15,143.75,0.075100000000000000089,0.075100000000000000089
-14,143.75,0.032599999999999997036,0.032599999999999997036
-13,143.75,0.014399999999999999606,0.014399999999999999606
-12,143.75,0.0054999999999999996808,0.0054999999999999996808
-11,143.75,0.0013999999999999999858,0.0013999999999999999858
-10,143.75,0.00069999999999999999289,0.00069999999999999999289
-9,143.75,0.0065999999999999999639,0.0065999999999999999639
-8,143.75,0.060199999999999996569,0.060199999999999996569
-7,143.75,0.034700000000000001676,0.034700000000000001676
-6,143.75,0.92479999999999995541,0.92479999999999995541
-5,143.75,0.14540000000000000147,0.14540000000000000147
-4,143.75,0.70079999999999997851,0.70079999999999997851
-3,143.75,0.46949999999999997291,0.46949999999999997291
-2,143.75,0.43149999999999999467,0.43149999999999999467
-1,143.75,0.46079999999999998739,0.46079999999999998739
0,143.75,0.44669999999999998597,0.44669999999999998597
1,143.75,0.455400000000000027,0.455400000000000027
2,143.75,0.34539999999999998481,0.34539999999999998481
3,143.75,0.18449999999999999734,0.18449999999999999734
4,143.75,0.074099999999999999201,0.074099999999999999201
5,143.75,0.021000000000000001305,0.021000000000000001305
6,143.75,0.0091999999999999998446,0.0091999999999999998446
7,143.75,0.013299999999999999323,0.013299999999999999323
8,143.75,0.016699999999999999567,0.016699999999999999567
9,143.75,0.071300000000000002265,0.071300000000000002265
10,143.75,0.063700000000000006617,0.063700000000000006617
11,143.75,0.038199999999999997846,0.038199999999999997846
12,143.75,0.02359999999999999945,0.02359999999999999945
13,143.75,0.037499999999999998612,0.037499999999999998612
14,143.75,0.067299999999999998712,0.067299999999999998712
15,143.75,0.13800000000000001155,0.13800000000000001155
16,143.75,0.19400000000000000577,0.19400000000000000577
17,143.75,0.22090000000000001301,0.22090000000000001301
18,143.75,0.36449999999999999067,0.36449999999999999067
19,143.75,0.38100000000000000533,0.38100000000000000533
20,143.75,0.44879999999999997673,0.44879999999999997673
21,143.75,0.69610000000000005205,0.69610000000000005205
22,143.75,0.85570000000000001616,0.85570000000000001616
23,143.75,0.78859999999999996767,0.78859999999999996767
24,143.75,0.64500000000000001776,0.64500000000000001776
25,143.75,0.7490999999999999881,0.7490999999999999881
26,143.75,0.95330000000000003624,0.95330000000000003624
27,143.75,0.92920000000000002593,0.92920000000000002593
28,143.75,0.7534999999999999476,0.7534999999999999476
29,143.75,0.52890000000000003677,0.52890000000000003677
30,143.75,0.47239999999999998659,0.47239999999999998659
31,143.75,0.13239999999999998992,0.13239999999999998992
32,143.75,0.27910000000000001474,0.27910000000000001474
33,143.75,0.89839999999999997637,0.89839999999999997637
34,143.75,0.93249999999999999556,0.93249999999999999556
35,143.75,0.46229999999999998872,0.46229999999999998872
36,143.75,0.18360000000000001319,0.18360000000000001319
37,143.75,0.22270000000000000906,0.22270000000000000906
38,143.75,0.43859999999999998987,0.43859999999999998987
39,143.75,0.4758999999999999897,0.4758999999999999897
40,143.75,0.75690000000000001723,0.75690000000000001723
41,143.75,0.88470000000000004192,0.88470000000000004192
42,143.75,0.76249999999999995559,0.76249999999999995559
43,143.75,0.31969999999999998419,0.31969999999999998419
44,143.75,0.18060000000000001052,0.18060000000000001052
45,143.75,0.48770000000000002238,0.48770000000000002238
46,143.75,0.8322000000000000508,0.8322000000000000508
47,143.75,0.96709999999999995968,0.96709999999999995968
48,143.75,0.99580000000000001847,0.99580000000000001847
49,143.75,0.97580000000000000071,0.97580000000000000071
50,143.75,0.95189999999999996838,0.95189999999999996838
51,143.75,0.89619999999999999662,0.89619999999999999662
52,143.75,0.82589999999999996749,0.82589999999999996749
53,143.75,0.73240000000000005098,0.73240000000000005098
54,143.75,0.7277000000000000135,0.7277000000000000135
55,143.75,0.8579999999999999849,0.8579999999999999849
56,143.75,0.77390000000000003233,0.77390000000000003233
57,143.75,0.7518000000000000238,0.7518000000000000238
58,143.75,0.68489999999999995328,0.68489999999999995328
59,143.75,0.76339999999999996749,0.76339999999999996749
60,143.75,0.75570000000000003837,0.75570000000000003837
61,143.75,0.56899999999999995026,0.56899999999999995026
62,143.75,0.36490000000000000213,0.36490000000000000213
63,143.75,0.43499999999999999778,0.43499999999999999778
64,143.75,0.51559999999999994724,0.51559999999999994724
65,143.75,0.2874999999999999778,0.2874999999999999778
66,143.75,0.62339999999999995417,0.62339999999999995417
67,143.75,0.26669999999999999263,0.26669999999999999263
68,143.75,0.34250000000000002665,0.34250000000000002665
69,143.75,0.68850000000000000089,0.68850000000000000089
70,143.75,0.48189999999999999503,0.48189999999999999503
-69,145,0.57799999999999995826,0.57799999999999995826
-68,145,0.28880000000000000115,0.28880000000000000115
-67,145,0.25850000000000000755,0.25850000000000000755
-66,145,0.37550000000000000044,0.37550000000000000044
-65,145,0.23239999999999999547,0.23239999999999999547
-64,145,0.3231999999999999873,0.3231999999999999873
-63,145,0.33739999999999997771,0.33739999999999997771
-62,145,0.82820000000000004725,0.82820000000000004725
-61,145,0.54339999999999999414,0.54339999999999999414
-60,145,0.73770000000000002238,0.73770000000000002238
-59,145,0.83620000000000005436,0.83620000000000005436
-58,145,0.93159999999999998366,0.93159999999999998366
-57,145,0.94750000000000000888,0.94750000000000000888
-56,145,0.62629999999999996785,0.62629999999999996785
-55,145,0.49259999999999998233,0.49259999999999998233
-54,145,0.46989999999999998437,0.46989999999999998437
-53,145,0.49340000000000000524,0.49340000000000000524
-52,145,0.88680000000000003268,0.88680000000000003268
-51,145,0.98619999999999996554,0.98619999999999996554
-50,145,0.79539999999999999591,0.79539999999999999591
-49,145,0.66410000000000002363,0.66410000000000002363
-48,145,0.66349999999999997868,0.66349999999999997868
-47,145,0.19859999999999999876,0.19859999999999999876
-46,145,0.024400000000000001549,0.024400000000000001549
-45,145,0.01460000000000000013,0.01460000000000000013
-44,145,0.026200000000000001066,0.026200000000000001066
-43,145,0.043700000000000002731,0.043700000000000002731
-42,145,0.05050000000000000322,0.05050000000000000322
-41,145,0.012200000000000000774,0.012200000000000000774
-40,145,0.063100000000000003308,0.063100000000000003308
-39,145,0.1262999999999999956,0.1262999999999999956
-38,145,0.10409999999999999809,0.10409999999999999809
-37,145,0.080000000000000001665,0.080000000000000001665
-36,145,0.17339999999999999858,0.17339999999999999858
-35,145,0.37240000000000000879,0.37240000000000000879
-34,145,0.27239999999999997549,0.27239999999999997549
-33,145,0.27489999999999997771,0.27489999999999997771
-32,145,0.16750000000000000999,0.16750000000000000999
-31,145,0.11250000000000000278,0.11250000000000000278
-30,145,0.075999999999999998113,0.075999999999999998113
-29,145,0.046699999999999998457,0.046699999999999998457
-28,145,0.095699999999999993405,0.095699999999999993405
-27,145,0.057700000000000001288,0.057700000000000001288
-26,145,0.03579999999999999849,0.03579999999999999849
-25,145,0.048000000000000000999,0.048000000000000000999
-24,145,0.041500000000000002165,0.041500000000000002165
-23,145,0.024400000000000001549,0.024400000000000001549
-22,145,0.0269000000000000003,0.0269000000000000003
-21,145,0.044999999999999998335,0.044999999999999998335
-20,145,0.043900000000000001521,0.043900000000000001521
-19,145,0.076399999999999995692,0.076399999999999995692
-18,145,0.12879999999999999782,0.12879999999999999782
-17,145,0.15320000000000000284,0.15320000000000000284
-16,145,0.1076000000000000012,0.1076000000000000012
-15,145,0.043299999999999998213,0.043299999999999998213
-14,145,0.025700000000000000622,0.025700000000000000622
-13,145,0.0091999999999999998446,0.0091999999999999998446
-12,145,0.0018999999999999999962,0.0018999999999999999962
-11,145,0.00020000000000000000958,0.00020000000000000000958
-10,145,0.00020000000000000000958,0.00020000000000000000958
-9,145,0.0027000000000000001429,0.0027000000000000001429
-8,145,0.0073000000000000000652,0.0073000000000000000652
-7,145,0.10720000000000000362,0.10720000000000000362
-6,145,0.9829999999999999849,0.9829999999999999849
-5,145,0.88639999999999996572,0.88639999999999996572
-4,145,0.59050000000000002487,0.59050000000000002487
-3,145,0.53639999999999998792,0.53639999999999998792
-2,145,0.5724000000000000199,0.5724000000000000199
-1,145,0.57520000000000004459,0.57520000000000004459
0,145,0.57210000000000005294,0.57210000000000005294
1,145,0.50800000000000000711,0.50800000000000000711
2,145,0.4159999999999999809,0.4159999999999999809
3,145,0.1910999999999999921,0.1910999999999999921
4,145,0.087900000000000005906,0.087900000000000005906
5,145,0.037100000000000001033,0.037100000000000001033
6,145,0.0088000000000000005301,0.0088000000000000005301
7,145,0.017700000000000000455,0.017700000000000000455
8,145,0.019199999999999998318,0.019199999999999998318
9,145,0.042700000000000001843,0.042700000000000001843
10,145,0.057700000000000001288,0.057700000000000001288
11,145,0.049599999999999998257,0.049599999999999998257
12,145,0.057900000000000000078,0.057900000000000000078
13,145,0.074300000000000004929,0.074300000000000004929
14,145,0.14260000000000000453,0.14260000000000000453
15,145,0.2094000000000000028,0.2094000000000000028
16,145,0.15160000000000001252,0.15160000000000001252
17,145,0.22759999999999999676,0.22759999999999999676
18,145,0.2902000000000000135,0.2902000000000000135
19,145,0.3143000000000000238,0.3143000000000000238
20,145,0.25390000000000001457,0.25390000000000001457
21,145,0.56399999999999994582,0.56399999999999994582
22,145,0.79069999999999995843,0.79069999999999995843
23,145,0.77629999999999999005,0.77629999999999999005
24,145,0.64480000000000003979,0.64480000000000003979
25,145,0.7670000000000000151,0.7670000000000000151
26,145,0.86739999999999994884,0.86739999999999994884
27,145,0.88990000000000002434,0.88990000000000002434
28,145,0.91469999999999995755,0.91469999999999995755
29,145,0.73999999999999999112,0.73999999999999999112
30,145,0.41220000000000001084,0.41220000000000001084
31,145,0.45969999999999999751,0.45969999999999999751
32,145,0.51849999999999996092,0.51849999999999996092
33,145,0.64280000000000003801,0.64280000000000003801
34,145,0.73460000000000003073,0.73460000000000003073
35,145,0.13409999999999999698,0.13409999999999999698
36,145,0.11600000000000000588,0.11600000000000000588
37,145,0.1710000000000000131,0.1710000000000000131
38,145,0.2902000000000000135,0.2902000000000000135
39,145,0.52329999999999998739,0.52329999999999998739
40,145,0.9900999999999999801,0.9900999999999999801
41,145,0.96120000000000005436,0.96120000000000005436
42,145,0.89249999999999996003,0.89249999999999996003
43,145,0.54059999999999996945,0.54059999999999996945
44,145,0.28760000000000002229,0.28760000000000002229
45,145,0.42859999999999998099,0.42859999999999998099
46,145,0.59330000000000004956,0.59330000000000004956
47,145,0.96270000000000000018,0.96270000000000000018
48,145,0.99970000000000003304,0.99970000000000003304
49,145,0.96989999999999998437,0.96989999999999998437
50,145,0.87949999999999994849,0.87949999999999994849
51,145,0.82379999999999997673,0.82379999999999997673
52,145,0.74319999999999997176,0.74319999999999997176
53,145,0.77620000000000000107,0.77620000000000000107
54,145,0.68430000000000001936,0.68430000000000001936
55,145,0.78229999999999999538,0.78229999999999999538
56,145,0.63570000000000004281,0.63570000000000004281
57,145,0.70989999999999997549,0.70989999999999997549
58,145,0.7153000000000000469,0.7153000000000000469
59,145,0.88570000000000004281,0.88570000000000004281
60,145,0.87509999999999998899,0.87509999999999998899
61,145,0.6927999999999999714,0.6927999999999999714
62,145,0.29280000000000000471,0.29280000000000000471
63,145,0.36859999999999998321,0.36859999999999998321
64,145,0.36380000000000001226,0.36380000000000001226
65,145,0.21890000000000001124,0.21890000000000001124
66,145,0.32910000000000000364,0.32910000000000000364
67,145,0.16220000000000001084,0.16220000000000001084
68,145,0.37119999999999997442,0.37119999999999997442
69,145,0.63009999999999999343,0.63009999999999999343
70,145,0.39329999999999998295,0.39329999999999998295
-69,146.25,0.49340000000000000524,0.49340000000000000524
-68,146.25,0.3179000000000000159,0.3179000000000000159
-67,146.25,0.30490000000000000435,0.30490000000000000435
-66,146.25,0.35930000000000000826,0.35930000000000000826
-65,146.25,0.29749999999999998668,0.29749999999999998668
-64,146.25,0.41999999999999998446,0.41999999999999998446
-63,146.25,0.4304000000000000048,0.4304000000000000048
-62,146.25,0.97430000000000005489,0.97430000000000005489
-61,146.25,0.69350000000000000533,0.69350000000000000533
-60,146.25,0.88370000000000004103,0.88370000000000004103
-59,146.25,0.88549999999999995381,0.88549999999999995381
-58,146.25,0.9365999999999999881,0.9365999999999999881
-57,146.25,0.7527000000000000357,0.7527000000000000357
-56,146.25,0.44379999999999997229,0.44379999999999997229
-55,146.25,0.68920000000000003482,0.68920000000000003482
-54,146.25,0.61189999999999999947,0.61189999999999999947
-53,146.25,0.60919999999999996376,0.60919999999999996376
-52,146.25,0.87309999999999998721,0.87309999999999998721
-51,146.25,0.95950000000000001954,0.95950000000000001954
-50,146.25,0.7534999999999999476,0.7534999999999999476
-49,146.25,0.51180000000000003268,0.51180000000000003268
-48,146.25,0.91290000000000004476,0.91290000000000004476
-47,146.25,0.25080000000000002292,0.25080000000000002292
-46,146.25,0.058400000000000000522,0.058400000000000000522
-45,146.25,0.025399999999999998967,0.025399999999999998967
-44,146.25,0.014500000000000000736,0.014500000000000000736
-43,146.25,0.028099999999999999978,0.028099999999999999978
-42,146.25,0.045999999999999999223,0.045999999999999999223
-41,146.25,0.050000000000000002776,0.050000000000000002776
-40,146.25,0.12770000000000000795,0.12770000000000000795
-39,146.25,0.27560000000000001164,0.27560000000000001164
-38,146.25,0.23769999999999999463,0.23769999999999999463
-37,146.25,0.079500000000000001221,0.079500000000000001221
-36,146.25,0.23119999999999998885,0.23119999999999998885
-35,146.25,0.34910000000000002141,0.34910000000000002141
-34,146.25,0.27429999999999998828,0.27429999999999998828
-33,146.25,0.35739999999999999547,0.35739999999999999547
-32,146.25,0.263400000000000023,0.263400000000000023
-31,146.25,0.14519999999999999574,0.14519999999999999574
-30,146.25,0.060999999999999998668,0.060999999999999998668
-29,146.25,0.054600000000000002698,0.054600000000000002698
-28,146.25,0.053999999999999999389,0.053999999999999999389
-27,146.25,0.040199999999999999623,0.040199999999999999623
-26,146.25,0.033200000000000000344,0.033200000000000000344
-25,146.25,0.024099999999999999895,0.024099999999999999895
-24,146.25,0.021700000000000000538,0.021700000000000000538
-23,146.25,0.020799999999999999045,0.020799999999999999045
-22,146.25,0.024500000000000000944,0.024500000000000000944
-21,146.25,0.045800000000000000433,0.045800000000000000433
-20,146.25,0.040399999999999998412,0.040399999999999998412
-19,146.25,0.054800000000000001488,0.054800000000000001488
-18,146.25,0.047300000000000001765,0.047300000000000001765
-17,146.25,0.034000000000000002442,0.034000000000000002442
-16,146.25,0.017899999999999999245,0.017899999999999999245
-15,146.25,0.0092999999999999992395,0.0092999999999999992395
-14,146.25,0.011199999999999999886,0.011199999999999999886
-13,146.25,0.00449999999999999966,0.00449999999999999966
-12,146.25,0.0016000000000000000767,0.0016000000000000000767
-11,146.25,0.0016000000000000000767,0.0016000000000000000767
-10,146.25,0.00059999999999999994744,0.00059999999999999994744
-9,146.25,0.00040000000000000001917,0.00040000000000000001917
-8,146.25,0.0086000000000000000056,0.0086000000000000000056
-7,146.25,0.62619999999999997886,0.62619999999999997886
-6,146.25,0.82599999999999995648,0.82599999999999995648
-5,146.25,0.40960000000000001963,0.40960000000000001963
-4,146.25,0.61860000000000003872,0.61860000000000003872
-3,146.25,0.62419999999999997708,0.62419999999999997708
-2,146.25,0.67349999999999998757,0.67349999999999998757
-1,146.25,0.67969999999999997087,0.67969999999999997087
0,146.25,0.71999999999999997335,0.71999999999999997335
1,146.25,0.60319999999999995843,0.60319999999999995843
2,146.25,0.51890000000000002789,0.51890000000000002789
3,146.25,0.2599000000000000199,0.2599000000000000199
4,146.25,0.10509999999999999898,0.10509999999999999898
5,146.25,0.034400000000000000022,0.034400000000000000022
6,146.25,0.007100000000000000408,0.007100000000000000408
7,146.25,0.0074999999999999997224,0.0074999999999999997224
8,146.25,0.019699999999999998762,0.019699999999999998762
9,146.25,0.048399999999999998579,0.048399999999999998579
10,146.25,0.065600000000000005529,0.065600000000000005529
11,146.25,0.096799999999999997158,0.096799999999999997158
12,146.25,0.11899999999999999467,0.11899999999999999467
13,146.25,0.10810000000000000164,0.10810000000000000164
14,146.25,0.20389999999999999791,0.20389999999999999791
15,146.25,0.27660000000000001252,0.27660000000000001252
16,146.25,0.22079999999999999627,0.22079999999999999627
17,146.25,0.27589999999999997859,0.27589999999999997859
18,146.25,0.21759999999999998788,0.21759999999999998788
19,146.25,0.27779999999999999138,0.27779999999999999138
20,146.25,0.28149999999999997247,0.28149999999999997247
21,146.25,0.51619999999999999218,0.51619999999999999218
22,146.25,0.52100000000000001865,0.52100000000000001865
23,146.25,0.46439999999999997948,0.46439999999999997948
24,146.25,0.34139999999999998126,0.34139999999999998126
25,146.25,0.66069999999999995399,0.66069999999999995399
26,146.25,0.76200000000000001066,0.76200000000000001066
27,146.25,0.85629999999999995008,0.85629999999999995008
28,146.25,0.64870000000000005436,0.64870000000000005436
29,146.25,0.9829999999999999849,0.9829999999999999849
30,146.25,0.82809999999999994724,0.82809999999999994724
31,146.25,0.90569999999999994955,0.90569999999999994955
32,146.25,0.50080000000000002292,0.50080000000000002292
33,146.25,0.22259999999999999232,0.22259999999999999232
34,146.25,0.51380000000000003446,0.51380000000000003446
35,146.25,0.28820000000000001172,0.28820000000000001172
36,146.25,0.19670000000000001372,0.19670000000000001372
37,146.25,0.086499999999999993561,0.086499999999999993561
38,146.25,0.043999999999999997446,0.043999999999999997446
39,146.25,0.34489999999999998437,0.34489999999999998437
40,146.25,0.72780000000000000249,0.72780000000000000249
41,146.25,0.42180000000000000826,0.42180000000000000826
42,146.25,0.79239999999999999325,0.79239999999999999325
43,146.25,0.51859999999999994991,0.51859999999999994991
44,146.25,0.33279999999999998472,0.33279999999999998472
45,146.25,0.4365999999999999881,0.4365999999999999881
46,146.25,0.5918999999999999817,0.5918999999999999817
47,146.25,0.80830000000000001847,0.80830000000000001847
48,146.25,0.99070000000000002505,0.99070000000000002505
49,146.25,0.98629999999999995453,0.98629999999999995453
50,146.25,0.89759999999999995346,0.89759999999999995346
51,146.25,0.82230000000000003091,0.82230000000000003091
52,146.25,0.70220000000000004636,0.70220000000000004636
53,146.25,0.80549999999999999378,0.80549999999999999378
54,146.25,0.8224000000000000199,0.8224000000000000199
55,146.25,0.72789999999999999147,0.72789999999999999147
56,146.25,0.73329999999999995186,0.73329999999999995186
57,146.25,0.78190000000000003944,0.78190000000000003944
58,146.25,0.76710000000000000409,0.76710000000000000409
59,146.25,0.76900000000000001688,0.76900000000000001688
60,146.25,0.82569999999999998952,0.82569999999999998952
61,146.25,0.6188000000000000167,0.6188000000000000167
62,146.25,0.26469999999999999085,0.26469999999999999085
63,146.25,0.32429999999999997717,0.32429999999999997717
64,146.25,0.2374999999999999889,0.2374999999999999889
65,146.25,0.1356999999999999873,0.1356999999999999873
66,146.25,0.19250000000000000444,0.19250000000000000444
67,146.25,0.17089999999999999636,0.17089999999999999636
68,146.25,0.4088999999999999857,0.4088999999999999857
69,146.25,0.54769999999999996465,0.54769999999999996465
70,146.25,0.37349999999999999867,0.37349999999999999867
-69,147.5,0.39929999999999998828,0.39929999999999998828
-68,147.5,0.26510000000000000231,0.26510000000000000231
-67,147.5,0.33410000000000000808,0.33410000000000000808
-66,147.5,0.41810000000000002718,0.41810000000000002718
-65,147.5,0.45200000000000001288,0.45200000000000001288
-64,147.5,0.52569999999999994511,0.52569999999999994511
-63,147.5,0.71740000000000003766,0.71740000000000003766
-62,147.5,0.96909999999999996145,0.96909999999999996145
-61,147.5,0.82620000000000004547,0.82620000000000004547
-60,147.5,0.83260000000000000675,0.83260000000000000675
-59,147.5,0.65580000000000004956,0.65580000000000004956
-58,147.5,0.52890000000000003677,0.52890000000000003677
-57,147.5,0.38129999999999997229,0.38129999999999997229
-56,147.5,0.34529999999999999583,0.34529999999999999583
-55,147.5,0.70309999999999994724,0.70309999999999994724
-54,147.5,0.70399999999999995914,0.70399999999999995914
-53,147.5,0.72940000000000004832,0.72940000000000004832
-52,147.5,0.95669999999999999485,0.95669999999999999485
-51,147.5,0.93440000000000000835,0.93440000000000000835
-50,147.5,0.79049999999999998046,0.79049999999999998046
-49,147.5,0.88770000000000004459,0.88770000000000004459
-48,147.5,0.89859999999999995435,0.89859999999999995435
-47,147.5,0.50970000000000004192,0.50970000000000004192
-46,147.5,0.2097999999999999865,0.2097999999999999865
-45,147.5,0.051099999999999999589,0.051099999999999999589
-44,147.5,0.020600000000000000255,0.020600000000000000255
-43,147.5,0.084099999999999994205,0.084099999999999994205
-42,147.5,0.14619999999999999662,0.14619999999999999662
-41,147.5,0.13509999999999999787,0.13509999999999999787
-40,147.5,0.23150000000000001132,0.23150000000000001132
-39,147.5,0.40089999999999997859,0.40089999999999997859
-38,147.5,0.74829999999999996518,0.74829999999999996518
-37,147.5,0.13359999999999999654,0.13359999999999999654
-36,147.5,0.13380000000000000226,0.13380000000000000226
-35,147.5,0.15340000000000000857,0.15340000000000000857
-34,147.5,0.21099999999999999312,0.21099999999999999312
-33,147.5,0.3276999999999999913,0.3276999999999999913
-32,147.5,0.26029999999999997584,0.26029999999999997584
-31,147.5,0.21840000000000001079,0.21840000000000001079
-30,147.5,0.16839999999999999414,0.16839999999999999414
-29,147.5,0.074099999999999999201,0.074099999999999999201
-28,147.5,0.06230000000000000121,0.06230000000000000121
-27,147.5,0.032000000000000000666,0.032000000000000000666
-26,147.5,0.044100000000000000311,0.044100000000000000311
-25,147.5,0.038100000000000001921,0.038100000000000001921
-24,147.5,0.028299999999999998768,0.028299999999999998768
-23,147.5,0.039600000000000003253,0.039600000000000003253
-22,147.5,0.052299999999999999267,0.052299999999999999267
-21,147.5,0.042799999999999997768,0.042799999999999997768
-20,147.5,0.021000000000000001305,0.021000000000000001305
-19,147.5,0.013400000000000000452,0.013400000000000000452
-18,147.5,0.010200000000000000733,0.010200000000000000733
-17,147.5,0.0065999999999999999639,0.0065999999999999999639
-16,147.5,0.0080000000000000001665,0.0080000000000000001665
-15,147.5,0.007100000000000000408,0.007100000000000000408
-14,147.5,0.0045999999999999999223,0.0045999999999999999223
-13,147.5,0.0027999999999999999716,0.0027999999999999999716
-12,147.5,0.0016000000000000000767,0.0016000000000000000767
-11,147.5,0.0016999999999999999053,0.0016999999999999999053
-10,147.5,0.00050000000000000001041,0.00050000000000000001041
-9,147.5,0.037100000000000001033,0.037100000000000001033
-8,147.5,0.034200000000000001232,0.034200000000000001232
-7,147.5,0.099699999999999996958,0.099699999999999996958
-6,147.5,0.15870000000000000773,0.15870000000000000773
-5,147.5,0.2222999999999999976,0.2222999999999999976
-4,147.5,0.68589999999999995417,0.68589999999999995417
-3,147.5,0.7697000000000000508,0.7697000000000000508
-2,147.5,0.7831000000000000183,0.7831000000000000183
-1,147.5,0.62909999999999999254,0.62909999999999999254
0,147.5,0.60160000000000002363,0.60160000000000002363
1,147.5,0.64059999999999994724,0.64059999999999994724
2,147.5,0.63370000000000004103,0.63370000000000004103
3,147.5,0.2909999999999999809,0.2909999999999999809
4,147.5,0.064899999999999999356,0.064899999999999999356
5,147.5,0.010399999999999999523,0.010399999999999999523
6,147.5,0.0053000000000000000236,0.0053000000000000000236
7,147.5,0.0080999999999999995615,0.0080999999999999995615
8,147.5,0.041700000000000000955,0.041700000000000000955
9,147.5,0.057299999999999996769,0.057299999999999996769
10,147.5,0.076799999999999993272,0.076799999999999993272
11,147.5,0.10539999999999999369,0.10539999999999999369
12,147.5,0.10989999999999999769,0.10989999999999999769
13,147.5,0.14219999999999999307,0.14219999999999999307
14,147.5,0.24660000000000001363,0.24660000000000001363
15,147.5,0.29920000000000002149,0.29920000000000002149
16,147.5,0.25869999999999998552,0.25869999999999998552
17,147.5,0.24299999999999999378,0.24299999999999999378
18,147.5,0.16150000000000000466,0.16150000000000000466
19,147.5,0.15499999999999999889,0.15499999999999999889
20,147.5,0.17180000000000000826,0.17180000000000000826
21,147.5,0.28279999999999999583,0.28279999999999999583
22,147.5,0.29680000000000000826,0.29680000000000000826
23,147.5,0.11990000000000000657,0.11990000000000000657
24,147.5,0.091999999999999998446,0.091999999999999998446
25,147.5,0.3054000000000000048,0.3054000000000000048
26,147.5,0.82720000000000004636,0.82720000000000004636
27,147.5,0.78649999999999997691,0.78649999999999997691
28,147.5,0.77490000000000003322,0.77490000000000003322
29,147.5,0.83830000000000004512,0.83830000000000004512
30,147.5,0.98309999999999997389,0.98309999999999997389
31,147.5,0.93889999999999995683,0.93889999999999995683
32,147.5,0.17080000000000000737,0.17080000000000000737
33,147.5,0.12149999999999999689,0.12149999999999999689
34,147.5,0.29770000000000002016,0.29770000000000002016
35,147.5,0.82730000000000003535,0.82730000000000003535
36,147.5,0.34300000000000002709,0.34300000000000002709
37,147.5,0.13700000000000001066,0.13700000000000001066
38,147.5,0.021899999999999999328,0.021899999999999999328
39,147.5,0.14000000000000001332,0.14000000000000001332
40,147.5,0.85650000000000003908,0.85650000000000003908
41,147.5,0.3454999999999999738,0.3454999999999999738
42,147.5,0.85440000000000004832,0.85440000000000004832
43,147.5,0.40220000000000000195,0.40220000000000000195
44,147.5,0.16730000000000000426,0.16730000000000000426
45,147.5,0.35410000000000002585,0.35410000000000002585
46,147.5,0.5643000000000000238,0.5643000000000000238
47,147.5,0.76839999999999997193,0.76839999999999997193
48,147.5,0.88729999999999997762,0.88729999999999997762
49,147.5,0.87450000000000005507,0.87450000000000005507
50,147.5,0.73999999999999999112,0.73999999999999999112
51,147.5,0.69259999999999999343,0.69259999999999999343
52,147.5,0.68489999999999995328,0.68489999999999995328
53,147.5,0.62700000000000000178,0.62700000000000000178
54,147.5,0.75880000000000003002,0.75880000000000003002
55,147.5,0.61480000000000001315,0.61480000000000001315
56,147.5,0.70479999999999998206,0.70479999999999998206
57,147.5,0.86619999999999996998,0.86619999999999996998
58,147.5,0.79679999999999995275,0.79679999999999995275
59,147.5,0.62180000000000001936,0.62180000000000001936
60,147.5,0.76160000000000005471,0.76160000000000005471
61,147.5,0.39879999999999998783,0.39879999999999998783
62,147.5,0.29070000000000001394,0.29070000000000001394
63,147.5,0.26229999999999997762,0.26229999999999997762
64,147.5,0.10169999999999999873,0.10169999999999999873
65,147.5,0.10230000000000000204,0.10230000000000000204
66,147.5,0.14339999999999999969,0.14339999999999999969
67,147.5,0.23410000000000000253,0.23410000000000000253
68,147.5,0.45869999999999999662,0.45869999999999999662
69,147.5,0.57299999999999995381,0.57299999999999995381
70,147.5,0.38359999999999999654,0.38359999999999999654
-69,148.75,0.70909999999999995257,0.70909999999999995257
-68,148.75,0.35010000000000002229,0.35010000000000002229
-67,148.75,0.36130000000000001004,0.36130000000000001004
-66,148.75,0.52449999999999996625,0.52449999999999996625
-65,148.75,0.60940000000000005276,0.60940000000000005276
-64,148.75,0.64280000000000003801,0.64280000000000003801
-63,148.75,0.96970000000000000639,0.96970000000000000639
-62,148.75,0.93189999999999995062,0.93189999999999995062
-61,148.75,0.81110000000000004317,0.81110000000000004317
-60,148.75,0.6052999999999999492,0.6052999999999999492
-59,148.75,0.48999999999999999112,0.48999999999999999112
-58,148.75,0.34760000000000002007,0.34760000000000002007
-57,148.75,0.40039999999999997815,0.40039999999999997815
-56,148.75,0.69540000000000001812,0.69540000000000001812
-55,148.75,0.84950000000000003286,0.84950000000000003286
-54,148.75,0.84260000000000001563,0.84260000000000001563
-53,148.75,0.90249999999999996891,0.90249999999999996891
-52,148.75,0.96819999999999994955,0.96819999999999994955
-51,148.75,0.85640000000000005009,0.85640000000000005009
-50,148.75,0.60209999999999996856,0.60209999999999996856
-49,148.75,0.84630000000000005222,0.84630000000000005222
-48,148.75,0.607099999999999973,0.607099999999999973
-47,148.75,0.64949999999999996625,0.64949999999999996625
-46,148.75,0.27479999999999998872,0.27479999999999998872
-45,148.75,0.1221000000000000002,0.1221000000000000002
-44,148.75,0.077999999999999999889,0.077999999999999999889
-43,148.75,0.048899999999999999023,0.048899999999999999023
-42,148.75,0.11830000000000000238,0.11830000000000000238
-41,148.75,0.26590000000000002522,0.26590000000000002522
-40,148.75,0.29330000000000000515,0.29330000000000000515
-39,148.75,0.36580000000000001403,0.36580000000000001403
-38,148.75,0.59819999999999995399,0.59819999999999995399
-37,148.75,0.57259999999999999787,0.57259999999999999787
-36,148.75,0.092700000000000004619,0.092700000000000004619
-35,148.75,0.057200000000000000844,0.057200000000000000844
-34,148.75,0.099799999999999999822,0.099799999999999999822
-33,148.75,0.21110000000000000986,0.21110000000000000986
-32,148.75,0.16459999999999999631,0.16459999999999999631
-31,148.75,0.19750000000000000888,0.19750000000000000888
-30,148.75,0.17419999999999999374,0.17419999999999999374
-29,148.75,0.080899999999999999689,0.080899999999999999689
-28,148.75,0.028400000000000001632,0.028400000000000001632
-27,148.75,0.015400000000000000494,0.015400000000000000494
-26,148.75,0.050099999999999998701,0.050099999999999998701
-25,148.75,0.06579999999999999738,0.06579999999999999738
-24,148.75,0.10169999999999999873,0.10169999999999999873
-23,148.75,0.078100000000000002753,0.078100000000000002753
-22,148.75,0.039199999999999998734,0.039199999999999998734
-21,148.75,0.016600000000000000172,0.016600000000000000172
-20,148.75,0.01200000000000000025,0.01200000000000000025
-19,148.75,0.0080999999999999995615,0.0080999999999999995615
-18,148.75,0.0067000000000000002262,0.0067000000000000002262
-17,148.75,0.0022999999999999999611,0.0022999999999999999611
-16,148.75,0.0030999999999999998911,0.0030999999999999998911
-15,148.75,0.0022999999999999999611,0.0022999999999999999611
-14,148.75,0.0016999999999999999053,0.0016999999999999999053
-13,148.75,0.0011999999999999998949,0.0011999999999999998949
-12,148.75,0.00069999999999999999289,0.00069999999999999999289
-11,148.75,0.0027000000000000001429,0.0027000000000000001429
-10,148.75,0.02069999999999999965,0.02069999999999999965
-9,148.75,0.010200000000000000733,0.010200000000000000733
-8,148.75,0.021899999999999999328,0.021899999999999999328
-7,148.75,0.083500000000000004774,0.083500000000000004774
-6,148.75,0.20080000000000000626,0.20080000000000000626
-5,148.75,0.63080000000000002736,0.63080000000000002736
-4,148.75,0.9882999999999999563,0.9882999999999999563
-3,148.75,0.77620000000000000107,0.77620000000000000107
-2,148.75,0.62480000000000002203,0.62480000000000002203
-1,148.75,0.4313000000000000167,0.4313000000000000167
0,148.75,0.36009999999999997566,0.36009999999999997566
1,148.75,0.48070000000000001616,0.48070000000000001616
2,148.75,0.55400000000000004796,0.55400000000000004796
3,148.75,0.34089999999999998082,0.34089999999999998082
4,148.75,0.10299999999999999434,0.10299999999999999434
5,148.75,0.019699999999999998762,0.019699999999999998762
6,148.75,0.0080000000000000001665,0.0080000000000000001665
7,148.75,0.027300000000000001349,0.027300000000000001349
8,148.75,0.073800000000000004485,0.073800000000000004485
9,148.75,0.091899999999999995581,0.091899999999999995581
10,148.75,0.074800000000000005373,0.074800000000000005373
11,148.75,0.12600000000000000089,0.12600000000000000089
12,148.75,0.12289999999999999536,0.12289999999999999536
13,148.75,0.13320000000000001283,0.13320000000000001283
14,148.75,0.25500000000000000444,0.25500000000000000444
15,148.75,0.39989999999999997771,0.39989999999999997771
16,148.75,0.38350000000000000755,0.38350000000000000755
17,148.75,0.3009000000000000008,0.3009000000000000008
18,148.75,0.21399999999999999578,0.21399999999999999578
19,148.75,0.15709999999999998965,0.15709999999999998965
20,148.75,0.18559999999999998721,0.18559999999999998721
21,148.75,0.11360000000000000653,0.11360000000000000653
22,148.75,0.11409999999999999309,0.11409999999999999309
23,148.75,0.028199999999999999373,0.028199999999999999373
24,148.75,0.016299999999999998518,0.016299999999999998518
25,148.75,0.048500000000000001443,0.048500000000000001443
26,148.75,0.43219999999999997309,0.43219999999999997309
27,148.75,0.6670000000000000373,0.6670000000000000373
28,148.75,0.72509999999999996678,0.72509999999999996678
29,148.75,0.67710000000000003517,0.67710000000000003517
30,148.75,0.6349000000000000199,0.6349000000000000199
31,148.75,0.973300000000000054,0.973300000000000054
32,148.75,0.28699999999999997735,0.28699999999999997735
33,148.75,0.12829999999999999738,0.12829999999999999738
34,148.75,0.2406000000000000083,0.2406000000000000083
35,148.75,0.79539999999999999591,0.79539999999999999591
36,148.75,0.66259999999999996678,0.66259999999999996678
37,148.75,0.1968999999999999917,0.1968999999999999917
38,148.75,0.1192000000000000004,0.1192000000000000004
39,148.75,0.06230000000000000121,0.06230000000000000121
40,148.75,0.37359999999999998765,0.37359999999999998765
41,148.75,0.83640000000000003233,0.83640000000000003233
42,148.75,0.92720000000000002416,0.92720000000000002416
43,148.75,0.58870000000000000107,0.58870000000000000107
44,148.75,0.34929999999999999938,0.34929999999999999938
45,148.75,0.45140000000000002345,0.45140000000000002345
46,148.75,0.54590000000000005187,0.54590000000000005187
47,148.75,0.68120000000000002771,0.68120000000000002771
48,148.75,0.91639999999999999236,0.91639999999999999236
49,148.75,0.83979999999999999094,0.83979999999999999094
50,148.75,0.57520000000000004459,0.57520000000000004459
51,148.75,0.50129999999999996785,0.50129999999999996785
52,148.75,0.67610000000000003428,0.67610000000000003428
53,148.75,0.44190000000000001501,0.44190000000000001501
54,148.75,0.42880000000000001448,0.42880000000000001448
55,148.75,0.46860000000000001652,0.46860000000000001652
56,148.75,0.58440000000000003055,0.58440000000000003055
57,148.75,0.90239999999999997993,0.90239999999999997993
58,148.75,0.62619999999999997886,0.62619999999999997886
59,148.75,0.57630000000000003446,0.57630000000000003446
60,148.75,0.78620000000000000995,0.78620000000000000995
61,148.75,0.29320000000000001616,0.29320000000000001616
62,148.75,0.2036000000000000032,0.2036000000000000032
63,148.75,0.17210000000000000298,0.17210000000000000298
64,148.75,0.039199999999999998734,0.039199999999999998734
65,148.75,0.070199999999999998512,0.070199999999999998512
66,148.75,0.12120000000000000218,0.12120000000000000218
67,148.75,0.317000000000000004,0.317000000000000004
68,148.75,0.4588999999999999746,0.4588999999999999746
69,148.75,0.57050000000000000711,0.57050000000000000711
70,148.75,0.4000000000000000222,0.4000000000000000222
-69,150,0.97289999999999998703,0.97289999999999998703
-68,150,0.51719999999999999307,0.51719999999999999307
-67,150,0.43290000000000000702,0.43290000000000000702
-66,150,0.61729999999999995985,0.61729999999999995985
-65,150,0.68349999999999999645,0.68349999999999999645
-64,150,0.82130000000000003002,0.82130000000000003002
-63,150,0.96709999999999995968,0.96709999999999995968
-62,150,0.8972999999999999865,0.8972999999999999865
-61,150,0.92030000000000000693,0.92030000000000000693
-60,150,0.39539999999999997371,0.39539999999999997371
-59,150,0.68830000000000002292,0.68830000000000002292
-58,150,0.79039999999999999147,0.79039999999999999147
-57,150,0.8322000000000000508,0.8322000000000000508
-56,150,0.87339999999999995417,0.87339999999999995417
-55,150,0.98899999999999999023,0.98899999999999999023
-54,150,0.87960000000000004849,0.87960000000000004849
-53,150,0.8697000000000000286,0.8697000000000000286
-52,150,0.96899999999999997247,0.96899999999999997247
-51,150,0.68689999999999995506,0.68689999999999995506
-50,150,0.77000000000000001776,0.77000000000000001776
-49,150,0.41849999999999998312,0.41849999999999998312
-48,150,0.34129999999999999227,0.34129999999999999227
-47,150,0.65390000000000003677,0.65390000000000003677
-46,150,0.39660000000000000808,0.39660000000000000808
-45,150,0.32719999999999999085,0.32719999999999999085
-44,150,0.12570000000000000617,0.12570000000000000617
-43,150,0.14269999999999999352,0.14269999999999999352
-42,150,0.19370000000000001106,0.19370000000000001106
-41,150,0.17510000000000000564,0.17510000000000000564
-40,150,0.1884000000000000119,0.1884000000000000119
-39,150,0.14590000000000000191,0.14590000000000000191
-38,150,0.46820000000000000506,0.46820000000000000506
-37,150,0.89039999999999996927,0.89039999999999996927
-36,150,0.3250000000000000111,0.3250000000000000111
-35,150,0.054800000000000001488,0.054800000000000001488
-34,150,0.063899999999999998468,0.063899999999999998468
-33,150,0.13910000000000000142,0.13910000000000000142
-32,150,0.11650000000000000633,0.11650000000000000633
-31,150,0.12479999999999999427,0.12479999999999999427
-30,150,0.051700000000000002898,0.051700000000000002898
-29,150,0.036700000000000003453,0.036700000000000003453
-28,150,0.02089999999999999844,0.02089999999999999844
-27,150,0.02380000000000000171,0.02380000000000000171
-26,150,0.1356999999999999873,0.1356999999999999873
-25,150,0.16709999999999999853,0.16709999999999999853
-24,150,0.22270000000000000906,0.22270000000000000906
-23,150,0.058999999999999996891,0.058999999999999996891
-22,150,0.0099000000000000008132,0.0099000000000000008132
-21,150,0.014699999999999999525,0.014699999999999999525
-20,150,0.013100000000000000533,0.013100000000000000533
-19,150,0.010600000000000000047,0.010600000000000000047
-18,150,0.0082000000000000006911,0.0082000000000000006911
-17,150,0.0018999999999999999962,0.0018999999999999999962
-16,150,0.0012999999999999999403,0.0012999999999999999403
-15,150,0.0011999999999999998949,0.0011999999999999998949
-14,150,0.00069999999999999999289,0.00069999999999999999289
-13,150,0.00059999999999999994744,0.00059999999999999994744
-12,150,0.00020000000000000000958,0.00020000000000000000958
-11,150,0.00040000000000000001917,0.00040000000000000001917
-10,150,0.013700000000000000372,0.013700000000000000372
-9,150,0.012800000000000000613,0.012800000000000000613
-8,150,0.041899999999999999745,0.041899999999999999745
-7,150,0.22919999999999998708,0.22919999999999998708
-6,150,0.79669999999999996376,0.79669999999999996376
-5,150,0.97989999999999999325,0.97989999999999999325
-4,150,0.69620000000000004103,0.69620000000000004103
-3,150,0.50070000000000003393,0.50070000000000003393
-2,150,0.47630000000000000115,0.47630000000000000115
-1,150,0.25290000000000001368,0.25290000000000001368
0,150,0.17669999999999999596,0.17669999999999999596
1,150,0.2490999999999999881,0.2490999999999999881
2,150,0.33800000000000002265,0.33800000000000002265
3,150,0.50509999999999999343,0.50509999999999999343
4,150,0.13609999999999999876,0.13609999999999999876
5,150,0.038800000000000001155,0.038800000000000001155
6,150,0.012900000000000000008,0.012900000000000000008
7,150,0.025800000000000000017,0.025800000000000000017
8,150,0.078799999999999995048,0.078799999999999995048
9,150,0.15440000000000000946,0.15440000000000000946
10,150,0.13009999999999999343,0.13009999999999999343
11,150,0.20669999999999999485,0.20669999999999999485
12,150,0.2335000000000000131,0.2335000000000000131
13,150,0.17649999999999999023,0.17649999999999999023
14,150,0.25929999999999997495,0.25929999999999997495
15,150,0.4081000000000000183,0.4081000000000000183
16,150,0.40539999999999998259,0.40539999999999998259
17,150,0.30430000000000001492,0.30430000000000001492
18,150,0.20569999999999999396,0.20569999999999999396
19,150,0.13819999999999998952,0.13819999999999998952
20,150,0.12030000000000000415,0.12030000000000000415
21,150,0.093799999999999994493,0.093799999999999994493
22,150,0.094500000000000000666,0.094500000000000000666
23,150,0.014000000000000000291,0.014000000000000000291
24,150,0.010000000000000000208,0.010000000000000000208
25,150,0.013400000000000000452,0.013400000000000000452
26,150,0.10030000000000000027,0.10030000000000000027
27,150,0.50580000000000002736,0.50580000000000002736
28,150,0.44319999999999998286,0.44319999999999998286
29,150,0.51090000000000002078,0.51090000000000002078
30,150,0.36820000000000002727,0.36820000000000002727
31,150,0.48459999999999997522,0.48459999999999997522
32,150,0.21499999999999999667,0.21499999999999999667
33,150,0.13550000000000000933,0.13550000000000000933
34,150,0.11669999999999999818,0.11669999999999999818
35,150,0.41499999999999998002,0.41499999999999998002
36,150,0.58309999999999995168,0.58309999999999995168
37,150,0.33669999999999999929,0.33669999999999999929
38,150,0.26629999999999998117,0.26629999999999998117
39,150,0.061300000000000000322,0.061300000000000000322
40,150,0.084199999999999997069,0.084199999999999997069
41,150,0.95909999999999995257,0.95909999999999995257
42,150,0.85680000000000000604,0.85680000000000000604
43,150,0.68989999999999995772,0.68989999999999995772
44,150,0.66690000000000004832,0.66690000000000004832
45,150,0.67469999999999996643,0.67469999999999996643
46,150,0.61490000000000000213,0.61490000000000000213
47,150,0.67030000000000000693,0.67030000000000000693
48,150,0.63129999999999997229,0.63129999999999997229
49,150,0.56750000000000000444,0.56750000000000000444
50,150,0.58860000000000001208,0.58860000000000001208
51,150,0.4884000000000000008,0.4884000000000000008
52,150,0.58589999999999997637,0.58589999999999997637
53,150,0.23869999999999999551,0.23869999999999999551
54,150,0.23619999999999999329,0.23619999999999999329
55,150,0.33719999999999999973,0.33719999999999999973
56,150,0.30120000000000002327,0.30120000000000002327
57,150,0.64529999999999998472,0.64529999999999998472
58,150,0.47649999999999997913,0.47649999999999997913
59,150,0.61370000000000002327,0.61370000000000002327
60,150,0.69769999999999998685,0.69769999999999998685
61,150,0.17310000000000000386,0.17310000000000000386
62,150,0.13130000000000000004,0.13130000000000000004
63,150,0.11959999999999999798,0.11959999999999999798
64,150,0.037800000000000000266,0.037800000000000000266
65,150,0.039399999999999997524,0.039399999999999997524
66,150,0.10810000000000000164,0.10810000000000000164
67,150,0.26129999999999997673,0.26129999999999997673
68,150,0.46010000000000000897,0.46010000000000000897
69,150,0.52439999999999997726,0.52439999999999997726
70,150,0.43909999999999999032,0.43909999999999999032
-69,151.25,0.93759999999999998899,0.93759999999999998899
-68,151.25,0.60689999999999999503,0.60689999999999999503
-67,151.25,0.55440000000000000391,0.55440000000000000391
-66,151.25,0.65880000000000005222,0.65880000000000005222
-65,151.25,0.76529999999999998028,0.76529999999999998028
-64,151.25,0.9625000000000000222,0.9625000000000000222
-63,151.25,0.79069999999999995843,0.79069999999999995843
-62,151.25,0.92010000000000002895,0.92010000000000002895
-61,151.25,0.72780000000000000249,0.72780000000000000249
-60,151.25,0.51639999999999997016,0.51639999999999997016
-59,151.25,0.93759999999999998899,0.93759999999999998899
-58,151.25,0.9418999999999999595,0.9418999999999999595
-57,151.25,0.90359999999999995879,0.90359999999999995879
-56,151.25,0.94310000000000004938,0.94310000000000004938
-55,151.25,0.89659999999999995257,0.89659999999999995257
-54,151.25,0.70060000000000000053,0.70060000000000000053
-53,151.25,0.89719999999999999751,0.89719999999999999751
-52,151.25,0.92420000000000002149,0.92420000000000002149
-51,151.25,0.56189999999999995506,0.56189999999999995506
-50,151.25,0.79790000000000005365,0.79790000000000005365
-49,151.25,0.16320000000000001172,0.16320000000000001172
-48,151.25,0.21599999999999999756,0.21599999999999999756
-47,151.25,0.49580000000000001847,0.49580000000000001847
-46,151.25,0.53439999999999998614,0.53439999999999998614
-45,151.25,0.52720000000000000195,0.52720000000000000195
-44,151.25,0.1018000000000000016,0.1018000000000000016
-43,151.25,0.096000000000000001998,0.096000000000000001998
-42,151.25,0.21479999999999999094,0.21479999999999999094
-41,151.25,0.29249999999999998224,0.29249999999999998224
-40,151.25,0.25159999999999999032,0.25159999999999999032
-39,151.25,0.2777000000000000024,0.2777000000000000024
-38,151.25,0.34610000000000001874,0.34610000000000001874
-37,151.25,0.5625,0.5625
-36,151.25,0.35260000000000002451,0.35260000000000002451
-35,151.25,0.18729999999999999427,0.18729999999999999427
-34,151.25,0.23699999999999998845,0.23699999999999998845
-33,151.25,0.15040000000000000591,0.15040000000000000591
-32,151.25,0.13409999999999999698,0.13409999999999999698
-31,151.25,0.03540000000000000091,0.03540000000000000091
-30,151.25,0.01490000000000000005,0.01490000000000000005
-29,151.25,0.031500000000000000222,0.031500000000000000222
-28,151.25,0.048199999999999999789,0.048199999999999999789
-27,151.25,0.10130000000000000115,0.10130000000000000115
-26,151.25,0.15370000000000000329,0.15370000000000000329
-25,151.25,0.13120000000000001106,0.13120000000000001106
-24,151.25,0.085400000000000003686,0.085400000000000003686
-23,151.25,0.019099999999999998923,0.019099999999999998923
-22,151.25,0.013299999999999999323,0.013299999999999999323
-21,151.25,0.016099999999999999728,0.016099999999999999728
-20,151.25,0.011799999999999999725,0.011799999999999999725
-19,151.25,0.008300000000000000086,0.008300000000000000086
-18,151.25,0.0064999999999999997016,0.0064999999999999997016
-17,151.25,0.0035000000000000000729,0.0035000000000000000729
-16,151.25,0.00069999999999999999289,0.00069999999999999999289
-15,151.25,0.0015000000000000000312,0.0015000000000000000312
-14,151.25,0.00069999999999999999289,0.00069999999999999999289
-13,151.25,0.00020000000000000000958,0.00020000000000000000958
-12,151.25,0,0
-11,151.25,0.00029999999999999997372,0.00029999999999999997372
-10,151.25,0.00050000000000000001041,0.00050000000000000001041
-9,151.25,0.022999999999999999611,0.022999999999999999611
-8,151.25,0.056599999999999997535,0.056599999999999997535
-7,151.25,0.22830000000000000293,0.22830000000000000293
-6,151.25,0.86390000000000000124,0.86390000000000000124
-5,151.25,0.69110000000000004761,0.69110000000000004761
-4,151.25,0.48820000000000002283,0.48820000000000002283
-3,151.25,0.39419999999999999485,0.39419999999999999485
-2,151.25,0.3186999999999999833,0.3186999999999999833
-1,151.25,0.13739999999999999436,0.13739999999999999436
0,151.25,0.10140000000000000402,0.10140000000000000402
1,151.25,0.12159999999999999976,0.12159999999999999976
2,151.25,0.19129999999999999782,0.19129999999999999782
3,151.25,0.50129999999999996785,0.50129999999999996785
4,151.25,0.18629999999999999338,0.18629999999999999338
5,151.25,0.070999999999999993672,0.070999999999999993672
6,151.25,0.018499999999999999084,0.018499999999999999084
7,151.25,0.03309999999999999748,0.03309999999999999748
8,151.25,0.077600000000000002309,0.077600000000000002309
9,151.25,0.16889999999999999458,0.16889999999999999458
10,151.25,0.263400000000000023,0.263400000000000023
11,151.25,0.2999999999999999889,0.2999999999999999889
12,151.25,0.37600000000000000089,0.37600000000000000089
13,151.25,0.22700000000000000733,0.22700000000000000733
14,151.25,0.26100000000000000977,0.26100000000000000977
15,151.25,0.39779999999999998694,0.39779999999999998694
16,151.25,0.4481999999999999873,0.4481999999999999873
17,151.25,0.35310000000000002496,0.35310000000000002496
18,151.25,0.29230000000000000426,0.29230000000000000426
19,151.25,0.099199999999999996514,0.099199999999999996514
20,151.25,0.058999999999999996891,0.058999999999999996891
21,151.25,0.085400000000000003686,0.085400000000000003686
22,151.25,0.092399999999999996025,0.092399999999999996025
23,151.25,0.023400000000000000661,0.023400000000000000661
24,151.25,0.0063000000000000000444,0.0063000000000000000444
25,151.25,0.0080000000000000001665,0.0080000000000000001665
26,151.25,0.018800000000000000738,0.018800000000000000738
27,151.25,0.26560000000000000275,0.26560000000000000275
28,151.25,0.52470000000000005524,0.52470000000000005524
29,151.25,0.39050000000000001377,0.39050000000000001377
30,151.25,0.46060000000000000941,0.46060000000000000941
31,151.25,0.40949999999999997513,0.40949999999999997513
32,151.25,0.14230000000000000981,0.14230000000000000981
33,151.25,0.092200000000000004174,0.092200000000000004174
34,151.25,0.093299999999999994049,0.093299999999999994049
35,151.25,0.090599999999999999978,0.090599999999999999978
36,151.25,0.25230000000000002425,0.25230000000000002425
37,151.25,0.74509999999999998455,0.74509999999999998455
38,151.25,0.51060000000000005382,0.51060000000000005382
39,151.25,0.17419999999999999374,0.17419999999999999374
40,151.25,0.13669999999999998819,0.13669999999999998819
41,151.25,0.95030000000000003357,0.95030000000000003357
42,151.25,0.70850000000000001865,0.70850000000000001865
43,151.25,0.31230000000000002203,0.31230000000000002203
44,151.25,0.26889999999999997238,0.26889999999999997238
45,151.25,0.64619999999999999662,0.64619999999999999662
46,151.25,0.68779999999999996696,0.68779999999999996696
47,151.25,0.55349999999999999201,0.55349999999999999201
48,151.25,0.51049999999999995381,0.51049999999999995381
49,151.25,0.50960000000000005294,0.50960000000000005294
50,151.25,0.28670000000000001039,0.28670000000000001039
51,151.25,0.30380000000000001448,0.30380000000000001448
52,151.25,0.299099999999999977,0.299099999999999977
53,151.25,0.18429999999999999161,0.18429999999999999161
54,151.25,0.20330000000000000848,0.20330000000000000848
55,151.25,0.18549999999999999822,0.18549999999999999822
56,151.25,0.21720000000000000417,0.21720000000000000417
57,151.25,0.48509999999999997566,0.48509999999999997566
58,151.25,0.53710000000000002185,0.53710000000000002185
59,151.25,0.67659999999999997922,0.67659999999999997922
60,151.25,0.5742000000000000437,0.5742000000000000437
61,151.25,0.0711999999999999994,0.0711999999999999994
62,151.25,0.082900000000000001465,0.082900000000000001465
63,151.25,0.069199999999999997624,0.069199999999999997624
64,151.25,0.030800000000000000988,0.030800000000000000988
65,151.25,0.026200000000000001066,0.026200000000000001066
66,151.25,0.0355999999999999997,0.0355999999999999997
67,151.25,0.17419999999999999374,0.17419999999999999374
68,151.25,0.37169999999999997486,0.37169999999999997486
69,151.25,0.5204999999999999627,0.5204999999999999627
70,151.25,0.5070999999999999952,0.5070999999999999952
-69,152.5,0.93810000000000004494,0.93810000000000004494
-68,152.5,0.69799999999999995381,0.69799999999999995381
-67,152.5,0.71609999999999995879,0.71609999999999995879
-66,152.5,0.67589999999999994529,0.67589999999999994529
-65,152.5,0.84689999999999998614,0.84689999999999998614
-64,152.5,0.94199999999999994849,0.94199999999999994849
-63,152.5,0.69689999999999996394,0.69689999999999996394
-62,152.5,0.92689999999999994618,0.92689999999999994618
-61,152.5,0.7159999999999999698,0.7159999999999999698
-60,152.5,0.77200000000000001954,0.77200000000000001954
-59,152.5,0.95309999999999994724,0.95309999999999994724
-58,152.5,0.77859999999999995879,0.77859999999999995879
-57,152.5,0.66359999999999996767,0.66359999999999996767
-56,152.5,0.95520000000000004903,0.95520000000000004903
-55,152.5,0.96709999999999995968,0.96709999999999995968
-54,152.5,0.90839999999999998526,0.90839999999999998526
-53,152.5,0.92059999999999997389,0.92059999999999997389
-52,152.5,0.97809999999999996945,0.97809999999999996945
-51,152.5,0.80549999999999999378,0.80549999999999999378
-50,152.5,0.53569999999999995399,0.53569999999999995399
-49,152.5,0.19600000000000000755,0.19600000000000000755
-48,152.5,0.19530000000000000138,0.19530000000000000138
-47,152.5,0.27489999999999997771,0.27489999999999997771
-46,152.5,0.54230000000000000426,0.54230000000000000426
-45,152.5,0.45819999999999999618,0.45819999999999999618
-44,152.5,0.14610000000000000764,0.14610000000000000764
-43,152.5,0.023699999999999998845,0.023699999999999998845
-42,152.5,0.11279999999999999749,0.11279999999999999749
-41,152.5,0.22720000000000001306,0.22720000000000001306
-40,152.5,0.2048999999999999988,0.2048999999999999988
-39,152.5,0.1262999999999999956,0.1262999999999999956
-38,152.5,0.067900000000000002021,0.067900000000000002021
-37,152.5,0.046899999999999997247,0.046899999999999997247
-36,152.5,0.058599999999999999312,0.058599999999999999312
-35,152.5,0.063100000000000003308,0.063100000000000003308
-34,152.5,0.1459999999999999909,0.1459999999999999909
-33,152.5,0.20899999999999999134,0.20899999999999999134
-32,152.5,0.10589999999999999414,0.10589999999999999414
-31,152.5,0.029700000000000000705,0.029700000000000000705
-30,152.5,0.043999999999999997446,0.043999999999999997446
-29,152.5,0.049500000000000002331,0.049500000000000002331
-28,152.5,0.098199999999999995626,0.098199999999999995626
-27,152.5,0.2097999999999999865,0.2097999999999999865
-26,152.5,0.11290000000000000036,0.11290000000000000036
-25,152.5,0.055899999999999998301,0.055899999999999998301
-24,152.5,0.025499999999999998362,0.025499999999999998362
-23,152.5,0.017700000000000000455,0.017700000000000000455
-22,152.5,0.017500000000000001665,0.017500000000000001665
-21,152.5,0.021000000000000001305,0.021000000000000001305
-20,152.5,0.009599999999999999159,0.009599999999999999159
-19,152.5,0.0082000000000000006911,0.0082000000000000006911
-18,152.5,0.0065999999999999999639,0.0065999999999999999639
-17,152.5,0.0022999999999999999611,0.0022999999999999999611
-16,152.5,0.0013999999999999999858,0.0013999999999999999858
-15,152.5,0.00050000000000000001041,0.00050000000000000001041
-14,152.5,0.00040000000000000001917,0.00040000000000000001917
-13,152.5,0.00089999999999999997537,0.00089999999999999997537
-12,152.5,0.0010000000000000000208,0.0010000000000000000208
-11,152.5,0.00059999999999999994744,0.00059999999999999994744
-10,152.5,0.0037000000000000001638,0.0037000000000000001638
-9,152.5,0.020000000000000000416,0.020000000000000000416
-8,152.5,0.072999999999999995448,0.072999999999999995448
-7,152.5,0.30349999999999999201,0.30349999999999999201
-6,152.5,0.94559999999999999609,0.94559999999999999609
-5,152.5,0.42940000000000000391,0.42940000000000000391
-4,152.5,0.41760000000000002673,0.41760000000000002673
-3,152.5,0.25609999999999999432,0.25609999999999999432
-2,152.5,0.18479999999999999205,0.18479999999999999205
-1,152.5,0.10489999999999999325,0.10489999999999999325
0,152.5,0.076899999999999996136,0.076899999999999996136
1,152.5,0.057099999999999997979,0.057099999999999997979
2,152.5,0.10979999999999999483,0.10979999999999999483
3,152.5,0.34060000000000001386,0.34060000000000001386
4,152.5,0.33379999999999998561,0.33379999999999998561
5,152.5,0.067799999999999999156,0.067799999999999999156
6,152.5,0.019800000000000001626,0.019800000000000001626
7,152.5,0.029499999999999998446,0.029499999999999998446
8,152.5,0.064699999999999993627,0.064699999999999993627
9,152.5,0.11419999999999999596,0.11419999999999999596
10,152.5,0.19229999999999999871,0.19229999999999999871
11,152.5,0.254500000000000004,0.254500000000000004
12,152.5,0.41670000000000001483,0.41670000000000001483
13,152.5,0.39489999999999997327,0.39489999999999997327
14,152.5,0.43269999999999997353,0.43269999999999997353
15,152.5,0.41649999999999998135,0.41649999999999998135
16,152.5,0.36299999999999998934,0.36299999999999998934
17,152.5,0.19570000000000001283,0.19570000000000001283
18,152.5,0.18590000000000000968,0.18590000000000000968
19,152.5,0.039100000000000002809,0.039100000000000002809
20,152.5,0.02999999999999999889,0.02999999999999999889
21,152.5,0.051999999999999997613,0.051999999999999997613
22,152.5,0.08550000000000000655,0.08550000000000000655
23,152.5,0.03599999999999999728,0.03599999999999999728
24,152.5,0.013700000000000000372,0.013700000000000000372
25,152.5,0.009599999999999999159,0.009599999999999999159
26,152.5,0.013499999999999999847,0.013499999999999999847
27,152.5,0.10749999999999999833,0.10749999999999999833
28,152.5,0.33679999999999998828,0.33679999999999998828
29,152.5,0.26490000000000002434,0.26490000000000002434
30,152.5,0.49649999999999999689,0.49649999999999999689
31,152.5,0.49270000000000002682,0.49270000000000002682
32,152.5,0.28999999999999998002,0.28999999999999998002
33,152.5,0.10929999999999999438,0.10929999999999999438
34,152.5,0.10190000000000000446,0.10190000000000000446
35,152.5,0.10870000000000000495,0.10870000000000000495
36,152.5,0.44350000000000000533,0.44350000000000000533
37,152.5,0.96189999999999997726,0.96189999999999997726
38,152.5,0.5724000000000000199,0.5724000000000000199
39,152.5,0.16939999999999999503,0.16939999999999999503
40,152.5,0.22220000000000000862,0.22220000000000000862
41,152.5,0.3418999999999999817,0.3418999999999999817
42,152.5,0.77310000000000000941,0.77310000000000000941
43,152.5,0.3588999999999999968,0.3588999999999999968
44,152.5,0.18110000000000001097,0.18110000000000001097
45,152.5,0.46189999999999997726,0.46189999999999997726
46,152.5,0.7215000000000000302,0.7215000000000000302
47,152.5,0.8375000000000000222,0.8375000000000000222
48,152.5,0.59960000000000002185,0.59960000000000002185
49,152.5,0.36980000000000001759,0.36980000000000001759
50,152.5,0.14890000000000000457,0.14890000000000000457
51,152.5,0.2258999999999999897,0.2258999999999999897
52,152.5,0.1179000000000000048,0.1179000000000000048
53,152.5,0.24199999999999999289,0.24199999999999999289
54,152.5,0.22959999999999999853,0.22959999999999999853
55,152.5,0.19189999999999998725,0.19189999999999998725
56,152.5,0.25669999999999998375,0.25669999999999998375
57,152.5,0.60170000000000001261,0.60170000000000001261
58,152.5,0.59060000000000001386,0.59060000000000001386
59,152.5,0.33589999999999997637,0.33589999999999997637
60,152.5,0.30880000000000001892,0.30880000000000001892
61,152.5,0.044900000000000002409,0.044900000000000002409
62,152.5,0.038600000000000002365,0.038600000000000002365
63,152.5,0.037499999999999998612,0.037499999999999998612
64,152.5,0.014300000000000000211,0.014300000000000000211
65,152.5,0.01760000000000000106,0.01760000000000000106
66,152.5,0.021600000000000001144,0.021600000000000001144
67,152.5,0.095100000000000003975,0.095100000000000003975
68,152.5,0.2954999999999999849,0.2954999999999999849
69,152.5,0.5554000000000000048,0.5554000000000000048
70,152.5,0.61609999999999998099,0.61609999999999998099
-69,153.75,0.97550000000000003375,0.97550000000000003375
-68,153.75,0.84130000000000004778,0.84130000000000004778
-67,153.75,0.83020000000000004903,0.83020000000000004903
-66,153.75,0.67610000000000003428,0.67610000000000003428
-65,153.75,0.88900000000000001243,0.88900000000000001243
-64,153.75,0.93740000000000001101,0.93740000000000001101
-63,153.75,0.7329999999999999849,0.7329999999999999849
-62,153.75,0.85870000000000001883,0.85870000000000001883
-61,153.75,0.88229999999999997318,0.88229999999999997318
-60,153.75,0.8186999999999999833,0.8186999999999999833
-59,153.75,0.89939999999999997726,0.89939999999999997726
-58,153.75,0.54920000000000002149,0.54920000000000002149
-57,153.75,0.65769999999999995133,0.65769999999999995133
-56,153.75,0.93489999999999995328,0.93489999999999995328
-55,153.75,0.98899999999999999023,0.98899999999999999023
-54,153.75,0.982099999999999973,0.982099999999999973
-53,153.75,0.96169999999999999929,0.96169999999999999929
-52,153.75,0.96670000000000000373,0.96670000000000000373
-51,153.75,0.83669999999999999929,0.83669999999999999929
-50,153.75,0.33219999999999999529,0.33219999999999999529
-49,153.75,0.30140000000000000124,0.30140000000000000124
-48,153.75,0.12030000000000000415,0.12030000000000000415
-47,153.75,0.10240000000000000491,0.10240000000000000491
-46,153.75,0.24129999999999998672,0.24129999999999998672
-45,153.75,0.28549999999999997602,0.28549999999999997602
-44,153.75,0.092299999999999993161,0.092299999999999993161
-43,153.75,0.0097000000000000002887,0.0097000000000000002887
-42,153.75,0.064500000000000001776,0.064500000000000001776
-41,153.75,0.15950000000000000289,0.15950000000000000289
-40,153.75,0.17089999999999999636,0.17089999999999999636
-39,153.75,0.054699999999999998623,0.054699999999999998623
-38,153.75,0.033500000000000001998,0.033500000000000001998
-37,153.75,0.021999999999999998723,0.021999999999999998723
-36,153.75,0.046600000000000002531,0.046600000000000002531
-35,153.75,0.022700000000000001427,0.022700000000000001427
-34,153.75,0.043200000000000002287,0.043200000000000002287
-33,153.75,0.066299999999999997824,0.066299999999999997824
-32,153.75,0.038999999999999999944,0.038999999999999999944
-31,153.75,0.05920000000000000262,0.05920000000000000262
-30,153.75,0.16969999999999998974,0.16969999999999998974
-29,153.75,0.14710000000000000853,0.14710000000000000853
-28,153.75,0.16969999999999998974,0.16969999999999998974
-27,153.75,0.22120000000000000773,0.22120000000000000773
-26,153.75,0.18900000000000000133,0.18900000000000000133
-25,153.75,0.098500000000000004219,0.098500000000000004219
-24,153.75,0.043299999999999998213,0.043299999999999998213
-23,153.75,0.016099999999999999728,0.016099999999999999728
-22,153.75,0.018900000000000000133,0.018900000000000000133
-21,153.75,0.013799999999999999767,0.013799999999999999767
-20,153.75,0.0050000000000000001041,0.0050000000000000001041
-19,153.75,0.0057000000000000002054,0.0057000000000000002054
-18,153.75,0.0050000000000000001041,0.0050000000000000001041
-17,153.75,0.00059999999999999994744,0.00059999999999999994744
-16,153.75,0.00069999999999999999289,0.00069999999999999999289
-15,153.75,0.00040000000000000001917,0.00040000000000000001917
-14,153.75,0.00080000000000000003834,0.00080000000000000003834
-13,153.75,0.00020000000000000000958,0.00020000000000000000958
-12,153.75,0.0051000000000000003664,0.0051000000000000003664
-11,153.75,0.0051000000000000003664,0.0051000000000000003664
-10,153.75,0.0082000000000000006911,0.0082000000000000006911
-9,153.75,0.028099999999999999978,0.028099999999999999978
-8,153.75,0.11669999999999999818,0.11669999999999999818
-7,153.75,0.37890000000000001457,0.37890000000000001457
-6,153.75,0.97319999999999995399,0.97319999999999995399
-5,153.75,0.44150000000000000355,0.44150000000000000355
-4,153.75,0.22789999999999999147,0.22789999999999999147
-3,153.75,0.14710000000000000853,0.14710000000000000853
-2,153.75,0.079399999999999998357,0.079399999999999998357
-1,153.75,0.044900000000000002409,0.044900000000000002409
0,153.75,0.043299999999999998213,0.043299999999999998213
1,153.75,0.047500000000000000555,0.047500000000000000555
2,153.75,0.10380000000000000338,0.10380000000000000338
3,153.75,0.23990000000000000213,0.23990000000000000213
4,153.75,0.45610000000000000542,0.45610000000000000542
5,153.75,0.12009999999999999842,0.12009999999999999842
6,153.75,0.0384999999999999995,0.0384999999999999995
7,153.75,0.021499999999999998279,0.021499999999999998279
8,153.75,0.036499999999999997724,0.036499999999999997724
9,153.75,0.085599999999999995537,0.085599999999999995537
10,153.75,0.21990000000000001212,0.21990000000000001212
11,153.75,0.37340000000000000968,0.37340000000000000968
12,153.75,0.53969999999999995755,0.53969999999999995755
13,153.75,0.43319999999999997398,0.43319999999999997398
14,153.75,0.40379999999999999227,0.40379999999999999227
15,153.75,0.30859999999999998543,0.30859999999999998543
16,153.75,0.37769999999999998019,0.37769999999999998019
17,153.75,0.19559999999999999609,0.19559999999999999609
18,153.75,0.12379999999999999338,0.12379999999999999338
19,153.75,0.028400000000000001632,0.028400000000000001632
20,153.75,0.010500000000000000652,0.010500000000000000652
21,153.75,0.02709999999999999909,0.02709999999999999909
22,153.75,0.051900000000000001688,0.051900000000000001688
23,153.75,0.044999999999999998335,0.044999999999999998335
24,153.75,0.0091999999999999998446,0.0091999999999999998446
25,153.75,0.0065999999999999999639,0.0065999999999999999639
26,153.75,0.015599999999999999284,0.015599999999999999284
27,153.75,0.057700000000000001288,0.057700000000000001288
28,153.75,0.26540000000000002478,0.26540000000000002478
29,153.75,0.36499999999999999112,0.36499999999999999112
30,153.75,0.49630000000000001892,0.49630000000000001892
31,153.75,0.5606999999999999762,0.5606999999999999762
32,153.75,0.41460000000000002407,0.41460000000000002407
33,153.75,0.12030000000000000415,0.12030000000000000415
34,153.75,0.083099999999999993316,0.083099999999999993316
35,153.75,0.32200000000000000844,0.32200000000000000844
36,153.75,0.9616000000000000103,0.9616000000000000103
37,153.75,0.99690000000000000835,0.99690000000000000835
38,153.75,0.54849999999999998757,0.54849999999999998757
39,153.75,0.072700000000000000733,0.072700000000000000733
40,153.75,0.14929999999999998828,0.14929999999999998828
41,153.75,0.090300000000000005262,0.090300000000000005262
42,153.75,0.48709999999999997744,0.48709999999999997744
43,153.75,0.57269999999999998685,0.57269999999999998685
44,153.75,0.34829999999999999849,0.34829999999999999849
45,153.75,0.51380000000000003446,0.51380000000000003446
46,153.75,0.93110000000000003872,0.93110000000000003872
47,153.75,0.95420000000000004814,0.95420000000000004814
48,153.75,0.58020000000000004903,0.58020000000000004903
49,153.75,0.33369999999999999662,0.33369999999999999662
50,153.75,0.14010000000000000231,0.14010000000000000231
51,153.75,0.10359999999999999765,0.10359999999999999765
52,153.75,0.10660000000000000031,0.10660000000000000031
53,153.75,0.25150000000000000133,0.25150000000000000133
54,153.75,0.21079999999999998739,0.21079999999999998739
55,153.75,0.28229999999999999538,0.28229999999999999538
56,153.75,0.1990999999999999992,0.1990999999999999992
57,153.75,0.61199999999999998845,0.61199999999999998845
58,153.75,0.72819999999999995843,0.72819999999999995843
59,153.75,0.22580000000000000071,0.22580000000000000071
60,153.75,0.14699999999999999178,0.14699999999999999178
61,153.75,0.071699999999999999845,0.071699999999999999845
62,153.75,0.079000000000000000777,0.079000000000000000777
63,153.75,0.022100000000000001588,0.022100000000000001588
64,153.75,0.0068999999999999998834,0.0068999999999999998834
65,153.75,0.0094000000000000003691,0.0094000000000000003691
66,153.75,0.019800000000000001626,0.019800000000000001626
67,153.75,0.067400000000000001577,0.067400000000000001577
68,153.75,0.26800000000000001599,0.26800000000000001599
69,153.75,0.55089999999999994529,0.55089999999999994529
70,153.75,0.64929999999999998828,0.64929999999999998828
-69,155,0.97699999999999997957,0.97699999999999997957
-68,155,0.87990000000000001545,0.87990000000000001545
-67,155,0.89590000000000002967,0.89590000000000002967
-66,155,0.72509999999999996678,0.72509999999999996678
-65,155,0.88819999999999998952,0.88819999999999998952
-64,155,0.92090000000000005187,0.92090000000000005187
-63,155,0.74570000000000002949,0.74570000000000002949
-62,155,0.73340000000000005187,0.73340000000000005187
-61,155,0.69679999999999997495,0.69679999999999997495
-60,155,0.90449999999999997069,0.90449999999999997069
-59,155,0.77880000000000004778,0.77880000000000004778
-58,155,0.31180000000000002158,0.31180000000000002158
-57,155,0.59150000000000002576,0.59150000000000002576
-56,155,0.97650000000000003464,0.97650000000000003464
-55,155,0.97560000000000002274,0.97560000000000002274
-54,155,0.95740000000000002878,0.95740000000000002878
-53,155,0.8106999999999999762,0.8106999999999999762
-52,155,0.85719999999999996199,0.85719999999999996199
-51,155,0.42720000000000002416,0.42720000000000002416
-50,155,0.35010000000000002229,0.35010000000000002229
-49,155,0.29010000000000002451,0.29010000000000002451
-48,155,0.065900000000000000244,0.065900000000000000244
-47,155,0.062199999999999998346,0.062199999999999998346
-46,155,0.082100000000000006306,0.082100000000000006306
-45,155,0.11110000000000000431,0.11110000000000000431
-44,155,0.1076000000000000012,0.1076000000000000012
-43,155,0.14390000000000000013,0.14390000000000000013
-42,155,0.28899999999999997913,0.28899999999999997913
-41,155,0.30620000000000002771,0.30620000000000002771
-40,155,0.18720000000000000528,0.18720000000000000528
-39,155,0.087900000000000005906,0.087900000000000005906
-38,155,0.014000000000000000291,0.014000000000000000291
-37,155,0.048599999999999997369,0.048599999999999997369
-36,155,0.10570000000000000229,0.10570000000000000229
-35,155,0.024199999999999999289,0.024199999999999999289
-34,155,0.026499999999999999251,0.026499999999999999251
-33,155,0.093100000000000002198,0.093100000000000002198
-32,155,0.068800000000000000044,0.068800000000000000044
-31,155,0.13830000000000000626,0.13830000000000000626
-30,155,0.13230000000000000093,0.13230000000000000093
-29,155,0.2222999999999999976,0.2222999999999999976
-28,155,0.2963999999999999968,0.2963999999999999968
-27,155,0.41580000000000000293,0.41580000000000000293
-26,155,0.30409999999999998144,0.30409999999999998144
-25,155,0.15459999999999998743,0.15459999999999998743
-24,155,0.044299999999999999101,0.044299999999999999101
-23,155,0.017000000000000001221,0.017000000000000001221
-22,155,0.01200000000000000025,0.01200000000000000025
-21,155,0.0070000000000000001457,0.0070000000000000001457
-20,155,0.007700000000000000247,0.007700000000000000247
-19,155,0.0061999999999999997821,0.0061999999999999997821
-18,155,0.0043000000000000000028,0.0043000000000000000028
-17,155,0.00089999999999999997537,0.00089999999999999997537
-16,155,0.00020000000000000000958,0.00020000000000000000958
-15,155,0.00040000000000000001917,0.00040000000000000001917
-14,155,0.0015000000000000000312,0.0015000000000000000312
-13,155,0.0030000000000000000625,0.0030000000000000000625
-12,155,0.0057000000000000002054,0.0057000000000000002054
-11,155,0.0091000000000000004496,0.0091000000000000004496
-10,155,0.012900000000000000008,0.012900000000000000008
-9,155,0.02069999999999999965,0.02069999999999999965
-8,155,0.14199999999999998734,0.14199999999999998734
-7,155,0.87019999999999997353,0.87019999999999997353
-6,155,0.92830000000000001403,0.92830000000000001403
-5,155,0.30999999999999999778,0.30999999999999999778
-4,155,0.13200000000000000622,0.13200000000000000622
-3,155,0.04159999999999999809,0.04159999999999999809
-2,155,0.019199999999999998318,0.019199999999999998318
-1,155,0.018399999999999999689,0.018399999999999999689
0,155,0.021299999999999999489,0.021299999999999999489
1,155,0.03889999999999999708,0.03889999999999999708
2,155,0.065699999999999994515,0.065699999999999994515
3,155,0.17000000000000001221,0.17000000000000001221
4,155,0.60550000000000003819,0.60550000000000003819
5,155,0.12770000000000000795,0.12770000000000000795
6,155,0.039899999999999997968,0.039899999999999997968
7,155,0.027900000000000001188,0.027900000000000001188
8,155,0.038399999999999996636,0.038399999999999996636
9,155,0.091600000000000000866,0.091600000000000000866
10,155,0.26919999999999999485,0.26919999999999999485
11,155,0.48520000000000002016,0.48520000000000002016
12,155,0.66100000000000003197,0.66100000000000003197
13,155,0.42280000000000000915,0.42280000000000000915
14,155,0.34789999999999998703,0.34789999999999998703
15,155,0.23189999999999999503,0.23189999999999999503
16,155,0.27689999999999997948,0.27689999999999997948
17,155,0.18979999999999999649,0.18979999999999999649
18,155,0.12579999999999999516,0.12579999999999999516
19,155,0.036499999999999997724,0.036499999999999997724
20,155,0.012399999999999999564,0.012399999999999999564
21,155,0.021100000000000000699,0.021100000000000000699
22,155,0.050099999999999998701,0.050099999999999998701
23,155,0.038100000000000001921,0.038100000000000001921
24,155,0.007700000000000000247,0.007700000000000000247
25,155,0.003299999999999999982,0.003299999999999999982
26,155,0.0099000000000000008132,0.0099000000000000008132
27,155,0.039500000000000000389,0.039500000000000000389
28,155,0.18529999999999999249,0.18529999999999999249
29,155,0.40749999999999997335,0.40749999999999997335
30,155,0.5463999999999999968,0.5463999999999999968
31,155,0.47029999999999999583,0.47029999999999999583
32,155,0.61409999999999997922,0.61409999999999997922
33,155,0.099000000000000004663,0.099000000000000004663
34,155,0.15540000000000001035,0.15540000000000001035
35,155,0.57159999999999999698,0.57159999999999999698
36,155,0.99139999999999994795,0.99139999999999994795
37,155,0.9266999999999999682,0.9266999999999999682
38,155,0.30340000000000000302,0.30340000000000000302
39,155,0.030599999999999998729,0.030599999999999998729
40,155,0.10259999999999999676,0.10259999999999999676
41,155,0.049099999999999997813,0.049099999999999997813
42,155,0.25500000000000000444,0.25500000000000000444
43,155,0.86019999999999996465,0.86019999999999996465
44,155,0.75929999999999997495,0.75929999999999997495
45,155,0.67169999999999996376,0.67169999999999996376
46,155,0.9721999999999999531,0.9721999999999999531
47,155,0.96579999999999999183,0.96579999999999999183
48,155,0.60199999999999997957,0.60199999999999997957
49,155,0.39829999999999998739,0.39829999999999998739
50,155,0.16159999999999999365,0.16159999999999999365
51,155,0.078399999999999997469,0.078399999999999997469
52,155,0.10219999999999999918,0.10219999999999999918
53,155,0.11020000000000000628,0.11020000000000000628
54,155,0.077299999999999993716,0.077299999999999993716
55,155,0.14119999999999999218,0.14119999999999999218
56,155,0.16609999999999999765,0.16609999999999999765
57,155,0.30020000000000002238,0.30020000000000002238
58,155,0.47970000000000001528,0.47970000000000001528
59,155,0.10059999999999999498,0.10059999999999999498
60,155,0.0682999999999999996,0.0682999999999999996
61,155,0.079899999999999998801,0.079899999999999998801
62,155,0.12089999999999999358,0.12089999999999999358
63,155,0.034900000000000000466,0.034900000000000000466
64,155,0.0068999999999999998834,0.0068999999999999998834
65,155,0.0057999999999999996003,0.0057999999999999996003
66,155,0.0057000000000000002054,0.0057000000000000002054
67,155,0.05650000000000000161,0.05650000000000000161
68,155,0.2280999999999999972,0.2280999999999999972
69,155,0.44600000000000000755,0.44600000000000000755
70,155,0.53600000000000003197,0.53600000000000003197
-69,156.25,0.96309999999999995612,0.96309999999999995612
-68,156.25,0.90290000000000003588,0.90290000000000003588
-67,156.25,0.88390000000000001901,0.88390000000000001901
-66,156.25,0.81020000000000003126,0.81020000000000003126
-65,156.25,0.85589999999999999414,0.85589999999999999414
-64,156.25,0.86580000000000001403,0.86580000000000001403
-63,156.25,0.78549999999999997602,0.78549999999999997602
-62,156.25,0.67889999999999994795,0.67889999999999994795
-61,156.25,0.68349999999999999645,0.68349999999999999645
-60,156.25,0.8947000000000000508,0.8947000000000000508
-59,156.25,0.90039999999999997815,0.90039999999999997815
-58,156.25,0.17690000000000000169,0.17690000000000000169
-57,156.25,0.39400000000000001688,0.39400000000000001688
-56,156.25,0.94440000000000001723,0.94440000000000001723
-55,156.25,0.9900999999999999801,0.9900999999999999801
-54,156.25,0.79620000000000001883,0.79620000000000001883
-53,156.25,0.7793999999999999817,0.7793999999999999817
-52,156.25,0.83169999999999999485,0.83169999999999999485
-51,156.25,0.30320000000000002505,0.30320000000000002505
-50,156.25,0.24879999999999999338,0.24879999999999999338
-49,156.25,0.15529999999999999361,0.15529999999999999361
-48,156.25,0.048300000000000002653,0.048300000000000002653
-47,156.25,0.0298000000000000001,0.0298000000000000001
-46,156.25,0.047199999999999998901,0.047199999999999998901
-45,156.25,0.40150000000000002354,0.40150000000000002354
-44,156.25,0.69420000000000003926,0.69420000000000003926
-43,156.25,0.48699999999999998845,0.48699999999999998845
-42,156.25,0.40920000000000000817,0.40920000000000000817
-41,156.25,0.24190000000000000391,0.24190000000000000391
-40,156.25,0.14199999999999998734,0.14199999999999998734
-39,156.25,0.048899999999999999023,0.048899999999999999023
-38,156.25,0.023699999999999998845,0.023699999999999998845
-37,156.25,0.11000000000000000056,0.11000000000000000056
-36,156.25,0.1804000000000000048,0.1804000000000000048
-35,156.25,0.041000000000000001721,0.041000000000000001721
-34,156.25,0.05920000000000000262,0.05920000000000000262
-33,156.25,0.15110000000000001208,0.15110000000000001208
-32,156.25,0.15599999999999999978,0.15599999999999999978
-31,156.25,0.18019999999999999907,0.18019999999999999907
-30,156.25,0.12379999999999999338,0.12379999999999999338
-29,156.25,0.39310000000000000497,0.39310000000000000497
-28,156.25,0.55769999999999997353,0.55769999999999997353
-27,156.25,0.46670000000000000373,0.46670000000000000373
-26,156.25,0.33610000000000000986,0.33610000000000000986
-25,156.25,0.14039999999999999702,0.14039999999999999702
-24,156.25,0.06289999999999999758,0.06289999999999999758
-23,156.25,0.029299999999999999656,0.029299999999999999656
-22,156.25,0.021899999999999999328,0.021899999999999999328
-21,156.25,0.014800000000000000655,0.014800000000000000655
-20,156.25,0.0086999999999999994005,0.0086999999999999994005
-19,156.25,0.003899999999999999821,0.003899999999999999821
-18,156.25,0.0016999999999999999053,0.0016999999999999999053
-17,156.25,0.00089999999999999997537,0.00089999999999999997537
-16,156.25,0.00050000000000000001041,0.00050000000000000001041
-15,156.25,0.00029999999999999997372,0.00029999999999999997372
-14,156.25,0.0027999999999999999716,0.0027999999999999999716
-13,156.25,0.0065999999999999999639,0.0065999999999999999639
-12,156.25,0.0061999999999999997821,0.0061999999999999997821
-11,156.25,0.0063000000000000000444,0.0063000000000000000444
-10,156.25,0.0065999999999999999639,0.0065999999999999999639
-9,156.25,0.021499999999999998279,0.021499999999999998279
-8,156.25,0.33539999999999997593,0.33539999999999997593
-7,156.25,0.93649999999999999911,0.93649999999999999911
-6,156.25,0.73440000000000005276,0.73440000000000005276
-5,156.25,0.22389999999999998792,0.22389999999999998792
-4,156.25,0.064299999999999996048,0.064299999999999996048
-3,156.25,0.013700000000000000372,0.013700000000000000372
-2,156.25,0.0033999999999999998106,0.0033999999999999998106
-1,156.25,0.0032000000000000001533,0.0032000000000000001533
0,156.25,0.0061000000000000003872,0.0061000000000000003872
1,156.25,0.013199999999999999928,0.013199999999999999928
2,156.25,0.031300000000000001432,0.031300000000000001432
3,156.25,0.14249999999999998779,0.14249999999999998779
4,156.25,0.56889999999999996128,0.56889999999999996128
5,156.25,0.2831000000000000183,0.2831000000000000183
6,156.25,0.089700000000000001954,0.089700000000000001954
7,156.25,0.084500000000000005662,0.084500000000000005662
8,156.25,0.076200000000000003841,0.076200000000000003841
9,156.25,0.10989999999999999769,0.10989999999999999769
10,156.25,0.26569999999999999174,0.26569999999999999174
11,156.25,0.45750000000000001776,0.45750000000000001776
12,156.25,0.65769999999999995133,0.65769999999999995133
13,156.25,0.36109999999999997655,0.36109999999999997655
14,156.25,0.43850000000000000089,0.43850000000000000089
15,156.25,0.28639999999999998792,0.28639999999999998792
16,156.25,0.21169999999999999929,0.21169999999999999929
17,156.25,0.16910000000000000031,0.16910000000000000031
18,156.25,0.082100000000000006306,0.082100000000000006306
19,156.25,0.043900000000000001521,0.043900000000000001521
20,156.25,0.024699999999999999734,0.024699999999999999734
21,156.25,0.025000000000000001388,0.025000000000000001388
22,156.25,0.047600000000000003419,0.047600000000000003419
23,156.25,0.028699999999999999817,0.028699999999999999817
24,156.25,0.0082000000000000006911,0.0082000000000000006911
25,156.25,0.0044000000000000002651,0.0044000000000000002651
26,156.25,0.012900000000000000008,0.012900000000000000008
27,156.25,0.041700000000000000955,0.041700000000000000955
28,156.25,0.15390000000000000902,0.15390000000000000902
29,156.25,0.3054000000000000048,0.3054000000000000048
30,156.25,0.55779999999999996252,0.55779999999999996252
31,156.25,0.58320000000000005169,0.58320000000000005169
32,156.25,0.79339999999999999414,0.79339999999999999414
33,156.25,0.24019999999999999685,0.24019999999999999685
34,156.25,0.20630000000000001115,0.20630000000000001115
35,156.25,0.82730000000000003535,0.82730000000000003535
36,156.25,0.90790000000000004032,0.90790000000000004032
37,156.25,0.6840000000000000524,0.6840000000000000524
38,156.25,0.41570000000000001394,0.41570000000000001394
39,156.25,0.077399999999999996581,0.077399999999999996581
40,156.25,0.052200000000000003342,0.052200000000000003342
41,156.25,0.039800000000000002043,0.039800000000000002043
42,156.25,0.28100000000000002753,0.28100000000000002753
43,156.25,0.80679999999999996163,0.80679999999999996163
44,156.25,0.71079999999999998739,0.71079999999999998739
45,156.25,0.58169999999999999485,0.58169999999999999485
46,156.25,0.82840000000000002522,0.82840000000000002522
47,156.25,0.96040000000000003144,0.96040000000000003144
48,156.25,0.64410000000000000586,0.64410000000000000586
49,156.25,0.42880000000000001448,0.42880000000000001448
50,156.25,0.34239999999999998215,0.34239999999999998215
51,156.25,0.09500000000000000111,0.09500000000000000111
52,156.25,0.020099999999999999811,0.020099999999999999811
53,156.25,0.035900000000000001354,0.035900000000000001354
54,156.25,0.036600000000000000588,0.036600000000000000588
55,156.25,0.015599999999999999284,0.015599999999999999284
56,156.25,0.070400000000000004241,0.070400000000000004241
57,156.25,0.17000000000000001221,0.17000000000000001221
58,156.25,0.11550000000000000544,0.11550000000000000544
59,156.25,0.060299999999999999434,0.060299999999999999434
60,156.25,0.093600000000000002642,0.093600000000000002642
61,156.25,0.13739999999999999436,0.13739999999999999436
62,156.25,0.10710000000000000075,0.10710000000000000075
63,156.25,0.045499999999999998779,0.045499999999999998779
64,156.25,0.0094000000000000003691,0.0094000000000000003691
65,156.25,0.0057999999999999996003,0.0057999999999999996003
66,156.25,0.007100000000000000408,0.007100000000000000408
67,156.25,0.067100000000000006861,0.067100000000000006861
68,156.25,0.22109999999999999098,0.22109999999999999098
69,156.25,0.33379999999999998561,0.33379999999999998561
70,156.25,0.34089999999999998082,0.34089999999999998082
-69,157.5,0.94089999999999995861,0.94089999999999995861
-68,157.5,0.88619999999999998774,0.88619999999999998774
-67,157.5,0.87090000000000000746,0.87090000000000000746
-66,157.5,0.90849999999999997424,0.90849999999999997424
-65,157.5,0.82760000000000000231,0.82760000000000000231
-64,157.5,0.8731999999999999762,0.8731999999999999762
-63,157.5,0.79720000000000001972,0.79720000000000001972
-62,157.5,0.6998999999999999666,0.6998999999999999666
-61,157.5,0.66029999999999999805,0.66029999999999999805
-60,157.5,0.57499999999999995559,0.57499999999999995559
-59,157.5,0.69399999999999995026,0.69399999999999995026
-58,157.5,0.46789999999999998259,0.46789999999999998259
-57,157.5,0.60570000000000001616,0.60570000000000001616
-56,157.5,0.92740000000000000213,0.92740000000000000213
-55,157.5,0.7784999999999999698,0.7784999999999999698
-54,157.5,0.61370000000000002327,0.61370000000000002327
-53,157.5,0.75609999999999999432,0.75609999999999999432
-52,157.5,0.90069999999999994511,0.90069999999999994511
-51,157.5,0.54720000000000001972,0.54720000000000001972
-50,157.5,0.21909999999999998921,0.21909999999999998921
-49,157.5,0.13650000000000001021,0.13650000000000001021
-48,157.5,0.068599999999999994316,0.068599999999999994316
-47,157.5,0.05940000000000000141,0.05940000000000000141
-46,157.5,0.14089999999999999747,0.14089999999999999747
-45,157.5,0.71570000000000000284,0.71570000000000000284
-44,157.5,0.93510000000000004228,0.93510000000000004228
-43,157.5,0.59670000000000000817,0.59670000000000000817
-42,157.5,0.57220000000000004192,0.57220000000000004192
-41,157.5,0.66569999999999995843,0.66569999999999995843
-40,157.5,0.29149999999999998135,0.29149999999999998135
-39,157.5,0.091499999999999998002,0.091499999999999998002
-38,157.5,0.10929999999999999438,0.10929999999999999438
-37,157.5,0.28439999999999998614,0.28439999999999998614
-36,157.5,0.2258999999999999897,0.2258999999999999897
-35,157.5,0.066699999999999995404,0.066699999999999995404
-34,157.5,0.074099999999999999201,0.074099999999999999201
-33,157.5,0.20530000000000001026,0.20530000000000001026
-32,157.5,0.28649999999999997691,0.28649999999999997691
-31,157.5,0.16120000000000000995,0.16120000000000000995
-30,157.5,0.26410000000000000142,0.26410000000000000142
-29,157.5,0.43309999999999998499,0.43309999999999998499
-28,157.5,0.50670000000000003926,0.50670000000000003926
-27,157.5,0.21140000000000000457,0.21140000000000000457
-26,157.5,0.2938000000000000056,0.2938000000000000056
-25,157.5,0.18129999999999998894,0.18129999999999998894
-24,157.5,0.11239999999999999991,0.11239999999999999991
-23,157.5,0.055899999999999998301,0.055899999999999998301
-22,157.5,0.030099999999999998285,0.030099999999999998285
-21,157.5,0.017899999999999999245,0.017899999999999999245
-20,157.5,0.0063000000000000000444,0.0063000000000000000444
-19,157.5,0.0011999999999999998949,0.0011999999999999998949
-18,157.5,0.00089999999999999997537,0.00089999999999999997537
-17,157.5,0.00010000000000000000479,0.00010000000000000000479
-16,157.5,0.00059999999999999994744,0.00059999999999999994744
-15,157.5,0.0022000000000000001325,0.0022000000000000001325
-14,157.5,0.0061999999999999997821,0.0061999999999999997821
-13,157.5,0.010200000000000000733,0.010200000000000000733
-12,157.5,0.0082000000000000006911,0.0082000000000000006911
-11,157.5,0.0022999999999999999611,0.0022999999999999999611
-10,157.5,0.0013999999999999999858,0.0013999999999999999858
-9,157.5,0.02999999999999999889,0.02999999999999999889
-8,157.5,0.22530000000000000027,0.22530000000000000027
-7,157.5,0.98890000000000000124,0.98890000000000000124
-6,157.5,0.39100000000000001421,0.39100000000000001421
-5,157.5,0.11880000000000000282,0.11880000000000000282
-4,157.5,0.021799999999999999933,0.021799999999999999933
-3,157.5,0.0030999999999999998911,0.0030999999999999998911
-2,157.5,0.0011999999999999998949,0.0011999999999999998949
-1,157.5,0.00089999999999999997537,0.00089999999999999997537
0,157.5,0.0013999999999999999858,0.0013999999999999999858
1,157.5,0.0053000000000000000236,0.0053000000000000000236
2,157.5,0.018999999999999999528,0.018999999999999999528
3,157.5,0.098000000000000003775,0.098000000000000003775
4,157.5,0.41310000000000002274,0.41310000000000002274
5,157.5,0.54849999999999998757,0.54849999999999998757
6,157.5,0.15310000000000001386,0.15310000000000001386
7,157.5,0.090700000000000002842,0.090700000000000002842
8,157.5,0.12479999999999999427,0.12479999999999999427
9,157.5,0.15779999999999999583,0.15779999999999999583
10,157.5,0.30080000000000001181,0.30080000000000001181
11,157.5,0.59730000000000005311,0.59730000000000005311
12,157.5,0.79990000000000005542,0.79990000000000005542
13,157.5,0.46439999999999997948,0.46439999999999997948
14,157.5,0.46360000000000001208,0.46360000000000001208
15,157.5,0.24959999999999998854,0.24959999999999998854
16,157.5,0.18699999999999999956,0.18699999999999999956
17,157.5,0.1549000000000000099,0.1549000000000000099
18,157.5,0.10370000000000000051,0.10370000000000000051
19,157.5,0.074200000000000002065,0.074200000000000002065
20,157.5,0.050799999999999997935,0.050799999999999997935
21,157.5,0.044200000000000003175,0.044200000000000003175
22,157.5,0.061600000000000001976,0.061600000000000001976
23,157.5,0.024199999999999999289,0.024199999999999999289
24,157.5,0.015800000000000001543,0.015800000000000001543
25,157.5,0.0097000000000000002887,0.0097000000000000002887
26,157.5,0.016799999999999998962,0.016799999999999998962
27,157.5,0.057299999999999996769,0.057299999999999996769
28,157.5,0.1317000000000000115,0.1317000000000000115
29,157.5,0.28220000000000000639,0.28220000000000000639
30,157.5,0.42909999999999998144,0.42909999999999998144
31,157.5,0.50890000000000001901,0.50890000000000001901
32,157.5,0.77800000000000002487,0.77800000000000002487
33,157.5,0.33419999999999999707,0.33419999999999999707
34,157.5,0.35130000000000000115,0.35130000000000000115
35,157.5,0.79430000000000000604,0.79430000000000000604
36,157.5,0.80789999999999995151,0.80789999999999995151
37,157.5,0.36459999999999997966,0.36459999999999997966
38,157.5,0.6268000000000000238,0.6268000000000000238
39,157.5,0.13509999999999999787,0.13509999999999999787
40,157.5,0.034900000000000000466,0.034900000000000000466
41,157.5,0.031500000000000000222,0.031500000000000000222
42,157.5,0.32250000000000000888,0.32250000000000000888
43,157.5,0.9322000000000000286,0.9322000000000000286
44,157.5,0.69789999999999996483,0.69789999999999996483
45,157.5,0.61299999999999998934,0.61299999999999998934
46,157.5,0.91479999999999994653,0.91479999999999994653
47,157.5,0.98999999999999999112,0.98999999999999999112
48,157.5,0.61739999999999994884,0.61739999999999994884
49,157.5,0.73180000000000000604,0.73180000000000000604
50,157.5,0.63180000000000002824,0.63180000000000002824
51,157.5,0.20239999999999999658,0.20239999999999999658
52,157.5,0.024799999999999999128,0.024799999999999999128
53,157.5,0.014500000000000000736,0.014500000000000000736
54,157.5,0.0054999999999999996808,0.0054999999999999996808
55,157.5,0.0040000000000000000833,0.0040000000000000000833
56,157.5,0.017100000000000000616,0.017100000000000000616
57,157.5,0.075300000000000005818,0.075300000000000005818
58,157.5,0.065699999999999994515,0.065699999999999994515
59,157.5,0.091899999999999995581,0.091899999999999995581
60,157.5,0.20250000000000001332,0.20250000000000001332
61,157.5,0.096699999999999994293,0.096699999999999994293
62,157.5,0.083500000000000004774,0.083500000000000004774
63,157.5,0.063799999999999995604,0.063799999999999995604
64,157.5,0.01460000000000000013,0.01460000000000000013
65,157.5,0.0047000000000000001846,0.0047000000000000001846
66,157.5,0.014999999999999999445,0.014999999999999999445
67,157.5,0.064199999999999993183,0.064199999999999993183
68,157.5,0.14710000000000000853,0.14710000000000000853
69,157.5,0.21260000000000001119,0.21260000000000001119
70,157.5,0.20250000000000001332,0.20250000000000001332
-69,158.75,0.89159999999999994813,0.89159999999999994813
-68,158.75,0.83499999999999996447,0.83499999999999996447
-67,158.75,0.86839999999999994973,0.86839999999999994973
-66,158.75,0.92090000000000005187,0.92090000000000005187
-65,158.75,0.78280000000000005134,0.78280000000000005134
-64,158.75,0.86019999999999996465,0.86019999999999996465
-63,158.75,0.75049999999999994493,0.75049999999999994493
-62,158.75,0.81810000000000004938,0.81810000000000004938
-61,158.75,0.66290000000000004476,0.66290000000000004476
-60,158.75,0.46860000000000001652,0.46860000000000001652
-59,158.75,0.23000000000000000999,0.23000000000000000999
-58,158.75,0.40400000000000002576,0.40400000000000002576
-57,158.75,0.92210000000000003073,0.92210000000000003073
-56,158.75,0.97209999999999996412,0.97209999999999996412
-55,158.75,0.39240000000000002656,0.39240000000000002656
-54,158.75,0.40579999999999999405,0.40579999999999999405
-53,158.75,0.60999999999999998668,0.60999999999999998668
-52,158.75,0.91739999999999999325,0.91739999999999999325
-51,158.75,0.63700000000000001066,0.63700000000000001066
-50,158.75,0.30509999999999998233,0.30509999999999998233
-49,158.75,0.14899999999999999356,0.14899999999999999356
-48,158.75,0.10249999999999999389,0.10249999999999999389
-47,158.75,0.044600000000000000755,0.044600000000000000755
-46,158.75,0.23560000000000000386,0.23560000000000000386
-45,158.75,0.79330000000000000515,0.79330000000000000515
-44,158.75,0.87180000000000001936,0.87180000000000001936
-43,158.75,0.35989999999999999769,0.35989999999999999769
-42,158.75,0.47899999999999998135,0.47899999999999998135
-41,158.75,0.75029999999999996696,0.75029999999999996696
-40,158.75,0.44140000000000001457,0.44140000000000001457
-39,158.75,0.21060000000000000941,0.21060000000000000941
-38,158.75,0.28489999999999998659,0.28489999999999998659
-37,158.75,0.29230000000000000426,0.29230000000000000426
-36,158.75,0.15090000000000000635,0.15090000000000000635
-35,158.75,0.16139999999999998792,0.16139999999999998792
-34,158.75,0.28599999999999997646,0.28599999999999997646
-33,158.75,0.40120000000000000107,0.40120000000000000107
-32,158.75,0.59750000000000003109,0.59750000000000003109
-31,158.75,0.54259999999999997122,0.54259999999999997122
-30,158.75,0.29489999999999999547,0.29489999999999999547
-29,158.75,0.2963999999999999968,0.2963999999999999968
-28,158.75,0.51539999999999996927,0.51539999999999996927
-27,158.75,0.46089999999999997637,0.46089999999999997637
-26,158.75,0.27469999999999999973,0.27469999999999999973
-25,158.75,0.18590000000000000968,0.18590000000000000968
-24,158.75,0.15720000000000000639,0.15720000000000000639
-23,158.75,0.066900000000000001132,0.066900000000000001132
-22,158.75,0.036499999999999997724,0.036499999999999997724
-21,158.75,0.010300000000000000128,0.010300000000000000128
-20,158.75,0.00069999999999999999289,0.00069999999999999999289
-19,158.75,0.00010000000000000000479,0.00010000000000000000479
-18,158.75,0.00059999999999999994744,0.00059999999999999994744
-17,158.75,0.0010000000000000000208,0.0010000000000000000208
-16,158.75,0.0016000000000000000767,0.0016000000000000000767
-15,158.75,0.0030000000000000000625,0.0030000000000000000625
-14,158.75,0.0058999999999999998626,0.0058999999999999998626
-13,158.75,0.0088999999999999999251,0.0088999999999999999251
-12,158.75,0.0057000000000000002054,0.0057000000000000002054
-11,158.75,0.0050000000000000001041,0.0050000000000000001041
-10,158.75,0.021499999999999998279,0.021499999999999998279
-9,158.75,0.092700000000000004619,0.092700000000000004619
-8,158.75,0.76659999999999994813,0.76659999999999994813
-7,158.75,0.73799999999999998934,0.73799999999999998934
-6,158.75,0.15970000000000000862,0.15970000000000000862
-5,158.75,0.042999999999999996558,0.042999999999999996558
-4,158.75,0.0043000000000000000028,0.0043000000000000000028
-3,158.75,0.0016000000000000000767,0.0016000000000000000767
-2,158.75,0.0011000000000000000663,0.0011000000000000000663
-1,158.75,0.00010000000000000000479,0.00010000000000000000479
0,158.75,0.00059999999999999994744,0.00059999999999999994744
1,158.75,0.0016000000000000000767,0.0016000000000000000767
2,158.75,0.0092999999999999992395,0.0092999999999999992395
3,158.75,0.060600000000000001088,0.060600000000000001088
4,158.75,0.29520000000000001794,0.29520000000000001794
5,158.75,0.80359999999999998099,0.80359999999999998099
6,158.75,0.17979999999999998761,0.17979999999999998761
7,158.75,0.067000000000000003997,0.067000000000000003997
8,158.75,0.14490000000000000102,0.14490000000000000102
9,158.75,0.21590000000000000857,0.21590000000000000857
10,158.75,0.42189999999999999725,0.42189999999999999725
11,158.75,0.80410000000000003695,0.80410000000000003695
12,158.75,0.94259999999999999343,0.94259999999999999343
13,158.75,0.76480000000000003535,0.76480000000000003535
14,158.75,0.4277000000000000246,0.4277000000000000246
15,158.75,0.1768000000000000127,0.1768000000000000127
16,158.75,0.15459999999999998743,0.15459999999999998743
17,158.75,0.10589999999999999414,0.10589999999999999414
18,158.75,0.078799999999999995048,0.078799999999999995048
19,158.75,0.077299999999999993716,0.077299999999999993716
20,158.75,0.034700000000000001676,0.034700000000000001676
21,158.75,0.024699999999999999734,0.024699999999999999734
22,158.75,0.034099999999999998368,0.034099999999999998368
23,158.75,0.026999999999999999695,0.026999999999999999695
24,158.75,0.014399999999999999606,0.014399999999999999606
25,158.75,0.008399999999999999481,0.008399999999999999481
26,158.75,0.014099999999999999686,0.014099999999999999686
27,158.75,0.045800000000000000433,0.045800000000000000433
28,158.75,0.11809999999999999665,0.11809999999999999665
29,158.75,0.2883999999999999897,0.2883999999999999897
30,158.75,0.41330000000000000071,0.41330000000000000071
31,158.75,0.46489999999999997993,0.46489999999999997993
32,158.75,0.839199999999999946,0.839199999999999946
33,158.75,0.48060000000000002718,0.48060000000000002718
34,158.75,0.29689999999999999725,0.29689999999999999725
35,158.75,0.68100000000000004974,0.68100000000000004974
36,158.75,0.9829999999999999849,0.9829999999999999849
37,158.75,0.51349999999999995648,0.51349999999999995648
38,158.75,0.4124999999999999778,0.4124999999999999778
39,158.75,0.20419999999999999263,0.20419999999999999263
40,158.75,0.037699999999999997402,0.037699999999999997402
41,158.75,0.062799999999999994715,0.062799999999999994715
42,158.75,0.38869999999999998996,0.38869999999999998996
43,158.75,0.82069999999999998508,0.82069999999999998508
44,158.75,0.80859999999999998543,0.80859999999999998543
45,158.75,0.77620000000000000107,0.77620000000000000107
46,158.75,0.96309999999999995612,0.96309999999999995612
47,158.75,0.88109999999999999432,0.88109999999999999432
48,158.75,0.5043999999999999595,0.5043999999999999595
49,158.75,0.79139999999999999236,0.79139999999999999236
50,158.75,0.6364999999999999547,0.6364999999999999547
51,158.75,0.26569999999999999174,0.26569999999999999174
52,158.75,0.14549999999999999045,0.14549999999999999045
53,158.75,0.17260000000000000342,0.17260000000000000342
54,158.75,0.053499999999999998945,0.053499999999999998945
55,158.75,0.0054000000000000002859,0.0054000000000000002859
56,158.75,0.0037999999999999999924,0.0037999999999999999924
57,158.75,0.013100000000000000533,0.013100000000000000533
58,158.75,0.22000000000000000111,0.22000000000000000111
59,158.75,0.3018000000000000127,0.3018000000000000127
60,158.75,0.29249999999999998224,0.29249999999999998224
61,158.75,0.097500000000000003331,0.097500000000000003331
62,158.75,0.05979999999999999899,0.05979999999999999899
63,158.75,0.029399999999999999051,0.029399999999999999051
64,158.75,0.011299999999999999281,0.011299999999999999281
65,158.75,0.0082000000000000006911,0.0082000000000000006911
66,158.75,0.027599999999999999534,0.027599999999999999534
67,158.75,0.087499999999999994449,0.087499999999999994449
68,158.75,0.1259000000000000119,0.1259000000000000119
69,158.75,0.16619999999999998663,0.16619999999999998663
70,158.75,0.14210000000000000409,0.14210000000000000409
-69,160,0.77569999999999994511,0.77569999999999994511
-68,160,0.77739999999999997993,0.77739999999999997993
-67,160,0.80120000000000002327,0.80120000000000002327
-66,160,0.8722999999999999643,0.8722999999999999643
-65,160,0.7438000000000000167,0.7438000000000000167
-64,160,0.80840000000000000746,0.80840000000000000746
-63,160,0.65220000000000000195,0.65220000000000000195
-62,160,0.82120000000000004103,0.82120000000000004103
-61,160,0.70560000000000000497,0.70560000000000000497
-60,160,0.40470000000000000417,0.40470000000000000417
-59,160,0.10730000000000000648,0.10730000000000000648
-58,160,0.40310000000000001386,0.40310000000000001386
-57,160,0.92849999999999999201,0.92849999999999999201
-56,160,0.70050000000000001155,0.70050000000000001155
-55,160,0.40100000000000002309,0.40100000000000002309
-54,160,0.4616000000000000103,0.4616000000000000103
-53,160,0.61150000000000004352,0.61150000000000004352
-52,160,0.92969999999999997087,0.92969999999999997087
-51,160,0.7778000000000000469,0.7778000000000000469
-50,160,0.61129999999999995453,0.61129999999999995453
-49,160,0.44979999999999997762,0.44979999999999997762
-48,160,0.16079999999999999849,0.16079999999999999849
-47,160,0.12850000000000000311,0.12850000000000000311
-46,160,0.79820000000000002061,0.79820000000000002061
-45,160,0.88090000000000001634,0.88090000000000001634
-44,160,0.48249999999999998446,0.48249999999999998446
-43,160,0.19380000000000000004,0.19380000000000000004
-42,160,0.24140000000000000346,0.24140000000000000346
-41,160,0.25859999999999999654,0.25859999999999999654
-40,160,0.17790000000000000258,0.17790000000000000258
-39,160,0.26679999999999998161,0.26679999999999998161
-38,160,0.31099999999999999867,0.31099999999999999867
-37,160,0.19580000000000000182,0.19580000000000000182
-36,160,0.1527000000000000024,0.1527000000000000024
-35,160,0.25150000000000000133,0.25150000000000000133
-34,160,0.50580000000000002736,0.50580000000000002736
-33,160,0.76400000000000001243,0.76400000000000001243
-32,160,0.88849999999999995648,0.88849999999999995648
-31,160,0.94210000000000004849,0.94210000000000004849
-30,160,0.51780000000000003801,0.51780000000000003801
-29,160,0.55649999999999999467,0.55649999999999999467
-28,160,0.73819999999999996732,0.73819999999999996732
-27,160,0.5918999999999999817,0.5918999999999999817
-26,160,0.26740000000000002656,0.26740000000000002656
-25,160,0.26469999999999999085,0.26469999999999999085
-24,160,0.10989999999999999769,0.10989999999999999769
-23,160,0.041500000000000002165,0.041500000000000002165
-22,160,0.018399999999999999689,0.018399999999999999689
-21,160,0.0012999999999999999403,0.0012999999999999999403
-20,160,0,0
-19,160,0.00010000000000000000479,0.00010000000000000000479
-18,160,0.00080000000000000003834,0.00080000000000000003834
-17,160,0.0041000000000000003456,0.0041000000000000003456
-16,160,0.011100000000000000491,0.011100000000000000491
-15,160,0.010999999999999999362,0.010999999999999999362
-14,160,0.0086999999999999994005,0.0086999999999999994005
-13,160,0.011499999999999999806,0.011499999999999999806
-12,160,0.0070000000000000001457,0.0070000000000000001457
-11,160,0.010399999999999999523,0.010399999999999999523
-10,160,0.48189999999999999503,0.48189999999999999503
-9,160,0.53590000000000004299,0.53590000000000004299
-8,160,0.72689999999999999059,0.72689999999999999059
-7,160,0.55949999999999999734,0.55949999999999999734
-6,160,0.11160000000000000475,0.11160000000000000475
-5,160,0.0091999999999999998446,0.0091999999999999998446
-4,160,0.00069999999999999999289,0.00069999999999999999289
-3,160,0.00040000000000000001917,0.00040000000000000001917
-2,160,0.00050000000000000001041,0.00050000000000000001041
-1,160,0.00010000000000000000479,0.00010000000000000000479
0,160,0,0
1,160,0.00020000000000000000958,0.00020000000000000000958
2,160,0.0064000000000000003067,0.0064000000000000003067
3,160,0.043499999999999997002,0.043499999999999997002
4,160,0.24040000000000000258,0.24040000000000000258
5,160,0.80369999999999996998,0.80369999999999996998
6,160,0.24660000000000001363,0.24660000000000001363
7,160,0.08550000000000000655,0.08550000000000000655
8,160,0.12550000000000000044,0.12550000000000000044
9,160,0.23180000000000000604,0.23180000000000000604
10,160,0.41649999999999998135,0.41649999999999998135
11,160,0.83230000000000003979,0.83230000000000003979
12,160,0.97709999999999996856,0.97709999999999996856
13,160,0.90290000000000003588,0.90290000000000003588
14,160,0.4777000000000000135,0.4777000000000000135
15,160,0.14230000000000000981,0.14230000000000000981
16,160,0.12929999999999999827,0.12929999999999999827
17,160,0.12379999999999999338,0.12379999999999999338
18,160,0.067699999999999996292,0.067699999999999996292
19,160,0.055599999999999996647,0.055599999999999996647
20,160,0.01200000000000000025,0.01200000000000000025
21,160,0.0091999999999999998446,0.0091999999999999998446
22,160,0.013100000000000000533,0.013100000000000000533
23,160,0.019699999999999998762,0.019699999999999998762
24,160,0.011199999999999999886,0.011199999999999999886
25,160,0.0037999999999999999924,0.0037999999999999999924
26,160,0.011499999999999999806,0.011499999999999999806
27,160,0.040599999999999997202,0.040599999999999997202
28,160,0.05050000000000000322,0.05050000000000000322
29,160,0.19930000000000000493,0.19930000000000000493
30,160,0.47160000000000001918,0.47160000000000001918
31,160,0.55679999999999996163,0.55679999999999996163
32,160,0.6813000000000000167,0.6813000000000000167
33,160,0.72309999999999996501,0.72309999999999996501
34,160,0.55869999999999997442,0.55869999999999997442
35,160,0.67930000000000001492,0.67930000000000001492
36,160,0.98939999999999994618,0.98939999999999994618
37,160,0.91669999999999995932,0.91669999999999995932
38,160,0.29449999999999998401,0.29449999999999998401
39,160,0.11959999999999999798,0.11959999999999999798
40,160,0.055899999999999998301,0.055899999999999998301
41,160,0.16239999999999998881,0.16239999999999998881
42,160,0.73799999999999998934,0.73799999999999998934
43,160,0.84809999999999996501,0.84809999999999996501
44,160,0.90249999999999996891,0.90249999999999996891
45,160,0.7456000000000000405,0.7456000000000000405
46,160,0.85319999999999995843,0.85319999999999995843
47,160,0.90190000000000003499,0.90190000000000003499
48,160,0.52949999999999997069,0.52949999999999997069
49,160,0.63810000000000000053,0.63810000000000000053
50,160,0.48180000000000000604,0.48180000000000000604
51,160,0.20100000000000001199,0.20100000000000001199
52,160,0.1923999999999999877,0.1923999999999999877
53,160,0.28260000000000001785,0.28260000000000001785
54,160,0.12679999999999999605,0.12679999999999999605
55,160,0.0094000000000000003691,0.0094000000000000003691
56,160,0.01490000000000000005,0.01490000000000000005
57,160,0.0013999999999999999858,0.0013999999999999999858
58,160,0.018700000000000001343,0.018700000000000001343
59,160,0.37580000000000002292,0.37580000000000002292
60,160,0.29499999999999998446,0.29499999999999998446
61,160,0.04469999999999999668,0.04469999999999999668
62,160,0.030399999999999999939,0.030399999999999999939
63,160,0.015199999999999999969,0.015199999999999999969
64,160,0.007799999999999999642,0.007799999999999999642
65,160,0.0082000000000000006911,0.0082000000000000006911
66,160,0.040000000000000000833,0.040000000000000000833
67,160,0.11039999999999999813,0.11039999999999999813
68,160,0.20990000000000000324,0.20990000000000000324
69,160,0.22730000000000000204,0.22730000000000000204
70,160,0.13519999999999998685,0.13519999999999998685
-69,161.25,0.63759999999999994458,0.63759999999999994458
-68,161.25,0.66220000000000001084,0.66220000000000001084
-67,161.25,0.705400000000000027,0.705400000000000027
-66,161.25,0.84799999999999997602,0.84799999999999997602
-65,161.25,0.81200000000000005507,0.81200000000000005507
-64,161.25,0.81259999999999998899,0.81259999999999998899
-63,161.25,0.56730000000000002647,0.56730000000000002647
-62,161.25,0.89500000000000001776,0.89500000000000001776
-61,161.25,0.51129999999999997673,0.51129999999999997673
-60,161.25,0.23719999999999999418,0.23719999999999999418
-59,161.25,0.084400000000000002798,0.084400000000000002798
-58,161.25,0.56169999999999997708,0.56169999999999997708
-57,161.25,0.85380000000000000338,0.85380000000000000338
-56,161.25,0.7552999999999999714,0.7552999999999999714
-55,161.25,0.65820000000000000728,0.65820000000000000728
-54,161.25,0.66649999999999998135,0.66649999999999998135
-53,161.25,0.68879999999999996785,0.68879999999999996785
-52,161.25,0.83709999999999995524,0.83709999999999995524
-51,161.25,0.94569999999999998508,0.94569999999999998508
-50,161.25,0.59709999999999996412,0.59709999999999996412
-49,161.25,0.73560000000000003162,0.73560000000000003162
-48,161.25,0.23660000000000000475,0.23660000000000000475
-47,161.25,0.36049999999999998712,0.36049999999999998712
-46,161.25,0.89429999999999998384,0.89429999999999998384
-45,161.25,0.82989999999999997105,0.82989999999999997105
-44,161.25,0.51619999999999999218,0.51619999999999999218
-43,161.25,0.18320000000000000173,0.18320000000000000173
-42,161.25,0.25380000000000002558,0.25380000000000002558
-41,161.25,0.22859999999999999765,0.22859999999999999765
-40,161.25,0.27289999999999997593,0.27289999999999997593
-39,161.25,0.46379999999999999005,0.46379999999999999005
-38,161.25,0.32510000000000000009,0.32510000000000000009
-37,161.25,0.32419999999999998819,0.32419999999999998819
-36,161.25,0.38779999999999997806,0.38779999999999997806
-35,161.25,0.6902000000000000357,0.6902000000000000357
-34,161.25,0.83789999999999997815,0.83789999999999997815
-33,161.25,0.97319999999999995399,0.97319999999999995399
-32,161.25,0.97660000000000002363,0.97660000000000002363
-31,161.25,0.7617000000000000437,0.7617000000000000437
-30,161.25,0.71140000000000003233,0.71140000000000003233
-29,161.25,0.92830000000000001403,0.92830000000000001403
-28,161.25,0.99509999999999998455,0.99509999999999998455
-27,161.25,0.66220000000000001084,0.66220000000000001084
-26,161.25,0.33239999999999997327,0.33239999999999997327
-25,161.25,0.21629999999999999227,0.21629999999999999227
-24,161.25,0.077499999999999999445,0.077499999999999999445
-23,161.25,0.028500000000000001027,0.028500000000000001027
-22,161.25,0.0045999999999999999223,0.0045999999999999999223
-21,161.25,0.00040000000000000001917,0.00040000000000000001917
-20,161.25,0.00020000000000000000958,0.00020000000000000000958
-19,161.25,0.00010000000000000000479,0.00010000000000000000479
-18,161.25,0.0051999999999999997613,0.0051999999999999997613
-17,161.25,0.020400000000000001465,0.020400000000000001465
-16,161.25,0.038399999999999996636,0.038399999999999996636
-15,161.25,0.022100000000000001588,0.022100000000000001588
-14,161.25,0.0082000000000000006911,0.0082000000000000006911
-13,161.25,0.0071999999999999998029,0.0071999999999999998029
-12,161.25,0.0051999999999999997613,0.0051999999999999997613
-11,161.25,0.017000000000000001221,0.017000000000000001221
-10,161.25,0.10190000000000000446,0.10190000000000000446
-9,161.25,0.47620000000000001217,0.47620000000000001217
-8,161.25,0.88129999999999997229,0.88129999999999997229
-7,161.25,0.49759999999999998677,0.49759999999999998677
-6,161.25,0.050200000000000001565,0.050200000000000001565
-5,161.25,0.0013999999999999999858,0.0013999999999999999858
-4,161.25,0.00010000000000000000479,0.00010000000000000000479
-3,161.25,0,0
-2,161.25,0,0
-1,161.25,0.00020000000000000000958,0.00020000000000000000958
0,161.25,0,0
1,161.25,0.00020000000000000000958,0.00020000000000000000958
2,161.25,0.0022999999999999999611,0.0022999999999999999611
3,161.25,0.016500000000000000777,0.016500000000000000777
4,161.25,0.15820000000000000728,0.15820000000000000728
5,161.25,0.86189999999999999947,0.86189999999999999947
6,161.25,0.20469999999999999307,0.20469999999999999307
7,161.25,0.052999999999999998501,0.052999999999999998501
8,161.25,0.091800000000000006595,0.091800000000000006595
9,161.25,0.29089999999999999192,0.29089999999999999192
10,161.25,0.53669999999999995488,0.53669999999999995488
11,161.25,0.85150000000000003464,0.85150000000000003464
12,161.25,0.89210000000000000409,0.89210000000000000409
13,161.25,0.89180000000000003713,0.89180000000000003713
14,161.25,0.60960000000000003073,0.60960000000000003073
15,161.25,0.13910000000000000142,0.13910000000000000142
16,161.25,0.11200000000000000233,0.11200000000000000233
17,161.25,0.11100000000000000144,0.11100000000000000144
18,161.25,0.095600000000000004419,0.095600000000000004419
19,161.25,0.047000000000000000111,0.047000000000000000111
20,161.25,0.012500000000000000694,0.012500000000000000694
21,161.25,0.013899999999999999162,0.013899999999999999162
22,161.25,0.012900000000000000008,0.012900000000000000008
23,161.25,0.012999999999999999403,0.012999999999999999403
24,161.25,0.00899999999999999932,0.00899999999999999932
25,161.25,0.0054999999999999996808,0.0054999999999999996808
26,161.25,0.014000000000000000291,0.014000000000000000291
27,161.25,0.042200000000000001399,0.042200000000000001399
28,161.25,0.040599999999999997202,0.040599999999999997202
29,161.25,0.1076000000000000012,0.1076000000000000012
30,161.25,0.40720000000000000639,0.40720000000000000639
31,161.25,0.60080000000000000071,0.60080000000000000071
32,161.25,0.6420000000000000151,0.6420000000000000151
33,161.25,0.61739999999999994884,0.61739999999999994884
34,161.25,0.52529999999999998916,0.52529999999999998916
35,161.25,0.57079999999999997407,0.57079999999999997407
36,161.25,0.86819999999999997176,0.86819999999999997176
37,161.25,0.87819999999999998064,0.87819999999999998064
38,161.25,0.28660000000000002141,0.28660000000000002141
39,161.25,0.042900000000000000633,0.042900000000000000633
40,161.25,0.085300000000000000822,0.085300000000000000822
41,161.25,0.47870000000000001439,0.47870000000000001439
42,161.25,0.88160000000000005027,0.88160000000000005027
43,161.25,0.85209999999999996856,0.85209999999999996856
44,161.25,0.85029999999999994476,0.85029999999999994476
45,161.25,0.74419999999999997264,0.74419999999999997264
46,161.25,0.80669999999999997264,0.80669999999999997264
47,161.25,0.97089999999999998526,0.97089999999999998526
48,161.25,0.73070000000000001616,0.73070000000000001616
49,161.25,0.52700000000000002398,0.52700000000000002398
50,161.25,0.29310000000000002718,0.29310000000000002718
51,161.25,0.17819999999999999729,0.17819999999999999729
52,161.25,0.13830000000000000626,0.13830000000000000626
53,161.25,0.1688000000000000056,0.1688000000000000056
54,161.25,0.17389999999999999902,0.17389999999999999902
55,161.25,0.11669999999999999818,0.11669999999999999818
56,161.25,0.03309999999999999748,0.03309999999999999748
57,161.25,0.034700000000000001676,0.034700000000000001676
58,161.25,0.014699999999999999525,0.014699999999999999525
59,161.25,0.015199999999999999969,0.015199999999999999969
60,161.25,0.25059999999999998943,0.25059999999999998943
61,161.25,0.025600000000000001227,0.025600000000000001227
62,161.25,0.013599999999999999242,0.013599999999999999242
63,161.25,0.0054999999999999996808,0.0054999999999999996808
64,161.25,0.010699999999999999442,0.010699999999999999442
65,161.25,0.0061999999999999997821,0.0061999999999999997821
66,161.25,0.029700000000000000705,0.029700000000000000705
67,161.25,0.1233999999999999958,0.1233999999999999958
68,161.25,0.20319999999999999174,0.20319999999999999174
69,161.25,0.2973000000000000087,0.2973000000000000087
70,161.25,0.12820000000000000839,0.12820000000000000839
-69,162.5,0.5151999999999999913,0.5151999999999999913
-68,162.5,0.58109999999999994991,0.58109999999999994991
-67,162.5,0.61270000000000002238,0.61270000000000002238
-66,162.5,0.81499999999999994671,0.81499999999999994671
-65,162.5,0.9133999999999999897,0.9133999999999999897
-64,162.5,0.86160000000000003251,0.86160000000000003251
-63,162.5,0.65800000000000002931,0.65800000000000002931
-62,162.5,0.8598000000000000087,0.8598000000000000087
-61,162.5,0.3518000000000000016,0.3518000000000000016
-60,162.5,0.19000000000000000222,0.19000000000000000222
-59,162.5,0.18490000000000000879,0.18490000000000000879
-58,162.5,0.60499999999999998224,0.60499999999999998224
-57,162.5,0.84119999999999994778,0.84119999999999994778
-56,162.5,0.95909999999999995257,0.95909999999999995257
-55,162.5,0.80149999999999999023,0.80149999999999999023
-54,162.5,0.6364999999999999547,0.6364999999999999547
-53,162.5,0.45519999999999999352,0.45519999999999999352
-52,162.5,0.3811999999999999833,0.3811999999999999833
-51,162.5,0.58989999999999997993,0.58989999999999997993
-50,162.5,0.99399999999999999467,0.99399999999999999467
-49,162.5,0.73040000000000004921,0.73040000000000004921
-48,162.5,0.17299999999999998712,0.17299999999999998712
-47,162.5,0.36309999999999997833,0.36309999999999997833
-46,162.5,0.96009999999999995346,0.96009999999999995346
-45,162.5,0.99319999999999997176,0.99319999999999997176
-44,162.5,0.49480000000000001759,0.49480000000000001759
-43,162.5,0.26329999999999997851,0.26329999999999997851
-42,162.5,0.5275999999999999579,0.5275999999999999579
-41,162.5,0.45119999999999998996,0.45119999999999998996
-40,162.5,0.70809999999999995168,0.70809999999999995168
-39,162.5,0.71409999999999995701,0.71409999999999995701
-38,162.5,0.63290000000000001812,0.63290000000000001812
-37,162.5,0.79649999999999998579,0.79649999999999998579
-36,162.5,0.87809999999999999165,0.87809999999999999165
-35,162.5,0.64080000000000003624,0.64080000000000003624
-34,162.5,0.85240000000000004654,0.85240000000000004654
-33,162.5,0.84379999999999999449,0.84379999999999999449
-32,162.5,0.94850000000000000977,0.94850000000000000977
-31,162.5,0.76580000000000003624,0.76580000000000003624
-30,162.5,0.85999999999999998668,0.85999999999999998668
-29,162.5,0.92479999999999995541,0.92479999999999995541
-28,162.5,0.9096999999999999531,0.9096999999999999531
-27,162.5,0.62329999999999996518,0.62329999999999996518
-26,162.5,0.22730000000000000204,0.22730000000000000204
-25,162.5,0.16839999999999999414,0.16839999999999999414
-24,162.5,0.083500000000000004774,0.083500000000000004774
-23,162.5,0.013599999999999999242,0.013599999999999999242
-22,162.5,0.002500000000000000052,0.002500000000000000052
-21,162.5,0.00069999999999999999289,0.00069999999999999999289
-20,162.5,0.00059999999999999994744,0.00059999999999999994744
-19,162.5,0.0032000000000000001533,0.0032000000000000001533
-18,162.5,0.0067000000000000002262,0.0067000000000000002262
-17,162.5,0.012900000000000000008,0.012900000000000000008
-16,162.5,0.02999999999999999889,0.02999999999999999889
-15,162.5,0.0091999999999999998446,0.0091999999999999998446
-14,162.5,0.0051999999999999997613,0.0051999999999999997613
-13,162.5,0.003299999999999999982,0.003299999999999999982
-12,162.5,0.0027000000000000001429,0.0027000000000000001429
-11,162.5,0.00899999999999999932,0.00899999999999999932
-10,162.5,0.071499999999999994116,0.071499999999999994116
-9,162.5,0.58279999999999998472,0.58279999999999998472
-8,162.5,0.77910000000000001474,0.77910000000000001474
-7,162.5,0.09829999999999999849,0.09829999999999999849
-6,162.5,0.00899999999999999932,0.00899999999999999932
-5,162.5,0.00029999999999999997372,0.00029999999999999997372
-4,162.5,0,0
-3,162.5,0,0
-2,162.5,0,0
-1,162.5,0,0
0,162.5,0,0
1,162.5,0.00010000000000000000479,0.00010000000000000000479
2,162.5,0.0020999999999999998702,0.0020999999999999998702
3,162.5,0.017299999999999999406,0.017299999999999999406
4,162.5,0.15779999999999999583,0.15779999999999999583
5,162.5,0.82869999999999999218,0.82869999999999999218
6,162.5,0.14940000000000000502,0.14940000000000000502
7,162.5,0.036200000000000003009,0.036200000000000003009
8,162.5,0.080799999999999996825,0.080799999999999996825
9,162.5,0.26960000000000000631,0.26960000000000000631
10,162.5,0.52019999999999999574,0.52019999999999999574
11,162.5,0.81630000000000002558,0.81630000000000002558
12,162.5,0.86670000000000002593,0.86670000000000002593
13,162.5,0.85999999999999998668,0.85999999999999998668
14,162.5,0.75919999999999998597,0.75919999999999998597
15,162.5,0.18890000000000001235,0.18890000000000001235
16,162.5,0.092299999999999993161,0.092299999999999993161
17,162.5,0.06909999999999999476,0.06909999999999999476
18,162.5,0.13930000000000000715,0.13930000000000000715
19,162.5,0.042200000000000001399,0.042200000000000001399
20,162.5,0.01200000000000000025,0.01200000000000000025
21,162.5,0.017899999999999999245,0.017899999999999999245
22,162.5,0.014800000000000000655,0.014800000000000000655
23,162.5,0.011599999999999999201,0.011599999999999999201
24,162.5,0.011900000000000000855,0.011900000000000000855
25,162.5,0.016600000000000000172,0.016600000000000000172
26,162.5,0.024699999999999999734,0.024699999999999999734
27,162.5,0.014200000000000000816,0.014200000000000000816
28,162.5,0.021700000000000000538,0.021700000000000000538
29,162.5,0.0625,0.0625
30,162.5,0.25759999999999999565,0.25759999999999999565
31,162.5,0.50519999999999998241,0.50519999999999998241
32,162.5,0.61839999999999994973,0.61839999999999994973
33,162.5,0.61909999999999998366,0.61909999999999998366
34,162.5,0.33820000000000000062,0.33820000000000000062
35,162.5,0.36370000000000002327,0.36370000000000002327
36,162.5,0.63500000000000000888,0.63500000000000000888
37,162.5,0.80069999999999996732,0.80069999999999996732
38,162.5,0.40560000000000001608,0.40560000000000001608
39,162.5,0.16250000000000000555,0.16250000000000000555
40,162.5,0.47310000000000002052,0.47310000000000002052
41,162.5,0.8920000000000000151,0.8920000000000000151
42,162.5,0.70679999999999998384,0.70679999999999998384
43,162.5,0.87070000000000002949,0.87070000000000002949
44,162.5,0.65739999999999998437,0.65739999999999998437
45,162.5,0.8248999999999999666,0.8248999999999999666
46,162.5,0.76310000000000000053,0.76310000000000000053
47,162.5,0.83030000000000003801,0.83030000000000003801
48,162.5,0.73939999999999994618,0.73939999999999994618
49,162.5,0.2442000000000000004,0.2442000000000000004
50,162.5,0.14099999999999998646,0.14099999999999998646
51,162.5,0.15220000000000000195,0.15220000000000000195
52,162.5,0.13500000000000000888,0.13500000000000000888
53,162.5,0.15939999999999998614,0.15939999999999998614
54,162.5,0.14810000000000000941,0.14810000000000000941
55,162.5,0.045400000000000002853,0.045400000000000002853
56,162.5,0.071499999999999994116,0.071499999999999994116
57,162.5,0.061600000000000001976,0.061600000000000001976
58,162.5,0.070199999999999998512,0.070199999999999998512
59,162.5,0.037499999999999998612,0.037499999999999998612
60,162.5,0.033399999999999999134,0.033399999999999999134
61,162.5,0.031300000000000001432,0.031300000000000001432
62,162.5,0.007700000000000000247,0.007700000000000000247
63,162.5,0.0015000000000000000312,0.0015000000000000000312
64,162.5,0.0047000000000000001846,0.0047000000000000001846
65,162.5,0.0055999999999999999431,0.0055999999999999999431
66,162.5,0.033599999999999997924,0.033599999999999997924
67,162.5,0.12249999999999999778,0.12249999999999999778
68,162.5,0.17069999999999999063,0.17069999999999999063
69,162.5,0.24210000000000000964,0.24210000000000000964
70,162.5,0.15959999999999999187,0.15959999999999999187
-69,163.75,0.46400000000000002354,0.46400000000000002354
-68,163.75,0.53959999999999996856,0.53959999999999996856
-67,163.75,0.60370000000000001439,0.60370000000000001439
-66,163.75,0.76659999999999994813,0.76659999999999994813
-65,163.75,0.93100000000000004974,0.93100000000000004974
-64,163.75,0.93030000000000001581,0.93030000000000001581
-63,163.75,0.7775999999999999579,0.7775999999999999579
-62,163.75,0.91759999999999997122,0.91759999999999997122
-61,163.75,0.4027000000000000024,0.4027000000000000024
-60,163.75,0.24049999999999999156,0.24049999999999999156
-59,163.75,0.27210000000000000853,0.27210000000000000853
-58,163.75,0.37299999999999999822,0.37299999999999999822
-57,163.75,0.85819999999999996287,0.85819999999999996287
-56,163.75,0.92540000000000000036,0.92540000000000000036
-55,163.75,0.61299999999999998934,0.61299999999999998934
-54,163.75,0.35599999999999998312,0.35599999999999998312
-53,163.75,0.23810000000000000608,0.23810000000000000608
-52,163.75,0.18790000000000001146,0.18790000000000001146
-51,163.75,0.24809999999999998721,0.24809999999999998721
-50,163.75,0.93540000000000000924,0.93540000000000000924
-49,163.75,0.65920000000000000817,0.65920000000000000817
-48,163.75,0.45769999999999999574,0.45769999999999999574
-47,163.75,0.56830000000000002736,0.56830000000000002736
-46,163.75,0.98250000000000003997,0.98250000000000003997
-45,163.75,0.97989999999999999325,0.97989999999999999325
-44,163.75,0.8063000000000000167,0.8063000000000000167
-43,163.75,0.61129999999999995453,0.61129999999999995453
-42,163.75,0.63170000000000003926,0.63170000000000003926
-41,163.75,0.82340000000000002078,0.82340000000000002078
-40,163.75,0.96289999999999997815,0.96289999999999997815
-39,163.75,0.99529999999999996252,0.99529999999999996252
-38,163.75,0.96030000000000004245,0.96030000000000004245
-37,163.75,0.46739999999999998215,0.46739999999999998215
-36,163.75,0.28539999999999998703,0.28539999999999998703
-35,163.75,0.54049999999999998046,0.54049999999999998046
-34,163.75,0.54159999999999997033,0.54159999999999997033
-33,163.75,0.82020000000000004015,0.82020000000000004015
-32,163.75,0.91949999999999998401,0.91949999999999998401
-31,163.75,0.84979999999999999982,0.84979999999999999982
-30,163.75,0.96889999999999998348,0.96889999999999998348
-29,163.75,0.97629999999999994564,0.97629999999999994564
-28,163.75,0.98570000000000002061,0.98570000000000002061
-27,163.75,0.54500000000000003997,0.54500000000000003997
-26,163.75,0.29839999999999999858,0.29839999999999999858
-25,163.75,0.26910000000000000586,0.26910000000000000586
-24,163.75,0.16100000000000000422,0.16100000000000000422
-23,163.75,0.028199999999999999373,0.028199999999999999373
-22,163.75,0.0051999999999999997613,0.0051999999999999997613
-21,163.75,0.0020000000000000000416,0.0020000000000000000416
-20,163.75,0.0035000000000000000729,0.0035000000000000000729
-19,163.75,0.0086999999999999994005,0.0086999999999999994005
-18,163.75,0.008300000000000000086,0.008300000000000000086
-17,163.75,0.016899999999999998357,0.016899999999999998357
-16,163.75,0.028199999999999999373,0.028199999999999999373
-15,163.75,0.013899999999999999162,0.013899999999999999162
-14,163.75,0.010000000000000000208,0.010000000000000000208
-13,163.75,0.0032000000000000001533,0.0032000000000000001533
-12,163.75,0.0017999999999999999507,0.0017999999999999999507
-11,163.75,0.014200000000000000816,0.014200000000000000816
-10,163.75,0.13359999999999999654,0.13359999999999999654
-9,163.75,0.97340000000000004299,0.97340000000000004299
-8,163.75,0.23980000000000001315,0.23980000000000001315
-7,163.75,0.026200000000000001066,0.026200000000000001066
-6,163.75,0.0043000000000000000028,0.0043000000000000000028
-5,163.75,0.00010000000000000000479,0.00010000000000000000479
-4,163.75,0.00010000000000000000479,0.00010000000000000000479
-3,163.75,0,0
-2,163.75,0,0
-1,163.75,0,0
0,163.75,0,0
1,163.75,0.00020000000000000000958,0.00020000000000000000958
2,163.75,0.0015000000000000000312,0.0015000000000000000312
3,163.75,0.016000000000000000333,0.016000000000000000333
4,163.75,0.16600000000000000866,0.16600000000000000866
5,163.75,0.85309999999999996945,0.85309999999999996945
6,163.75,0.083099999999999993316,0.083099999999999993316
7,163.75,0.024899999999999998523,0.024899999999999998523
8,163.75,0.08300000000000000433,0.08300000000000000433
9,163.75,0.28970000000000001306,0.28970000000000001306
10,163.75,0.57120000000000004103,0.57120000000000004103
11,163.75,0.75019999999999997797,0.75019999999999997797
12,163.75,0.77910000000000001474,0.77910000000000001474
13,163.75,0.80379999999999995897,0.80379999999999995897
14,163.75,0.71169999999999999929,0.71169999999999999929
15,163.75,0.22630000000000000115,0.22630000000000000115
16,163.75,0.05650000000000000161,0.05650000000000000161
17,163.75,0.037999999999999999056,0.037999999999999999056
18,163.75,0.12130000000000000504,0.12130000000000000504
19,163.75,0.079799999999999995937,0.079799999999999995937
20,163.75,0.014500000000000000736,0.014500000000000000736
21,163.75,0.0099000000000000008132,0.0099000000000000008132
22,163.75,0.010699999999999999442,0.010699999999999999442
23,163.75,0.01200000000000000025,0.01200000000000000025
24,163.75,0.010200000000000000733,0.010200000000000000733
25,163.75,0.036299999999999998934,0.036299999999999998934
26,163.75,0.061400000000000003186,0.061400000000000003186
27,163.75,0.032199999999999999456,0.032199999999999999456
28,163.75,0.028500000000000001027,0.028500000000000001027
29,163.75,0.08069999999999999396,0.08069999999999999396
30,163.75,0.23369999999999999107,0.23369999999999999107
31,163.75,0.59370000000000000551,0.59370000000000000551
32,163.75,0.60829999999999995186,0.60829999999999995186
33,163.75,0.42199999999999998623,0.42199999999999998623
34,163.75,0.2999999999999999889,0.2999999999999999889
35,163.75,0.36080000000000000959,0.36080000000000000959
36,163.75,0.43719999999999997753,0.43719999999999997753
37,163.75,0.73489999999999999769,0.73489999999999999769
38,163.75,0.63680000000000003268,0.63680000000000003268
39,163.75,0.52219999999999999751,0.52219999999999999751
40,163.75,0.8561999999999999611,0.8561999999999999611
41,163.75,0.87800000000000000266,0.87800000000000000266
42,163.75,0.71789999999999998259,0.71789999999999998259
43,163.75,0.58520000000000005347,0.58520000000000005347
44,163.75,0.51229999999999997762,0.51229999999999997762
45,163.75,0.88039999999999996039,0.88039999999999996039
46,163.75,0.61460000000000003517,0.61460000000000003517
47,163.75,0.63590000000000002078,0.63590000000000002078
48,163.75,0.84899999999999997691,0.84899999999999997691
49,163.75,0.27310000000000000941,0.27310000000000000941
50,163.75,0.17849999999999999201,0.17849999999999999201
51,163.75,0.20549999999999998823,0.20549999999999998823
52,163.75,0.33329999999999998517,0.33329999999999998517
53,163.75,0.12189999999999999447,0.12189999999999999447
54,163.75,0.06869999999999999718,0.06869999999999999718
55,163.75,0.036400000000000001799,0.036400000000000001799
56,163.75,0.0384999999999999995,0.0384999999999999995
57,163.75,0.054199999999999998179,0.054199999999999998179
58,163.75,0.063000000000000000444,0.063000000000000000444
59,163.75,0.074300000000000004929,0.074300000000000004929
60,163.75,0.0080000000000000001665,0.0080000000000000001665
61,163.75,0.014300000000000000211,0.014300000000000000211
62,163.75,0.0037000000000000001638,0.0037000000000000001638
63,163.75,0.00059999999999999994744,0.00059999999999999994744
64,163.75,0.0018999999999999999962,0.0018999999999999999962
65,163.75,0.003299999999999999982,0.003299999999999999982
66,163.75,0.031399999999999997358,0.031399999999999997358
67,163.75,0.093899999999999997358,0.093899999999999997358
68,163.75,0.13469999999999998641,0.13469999999999998641
69,163.75,0.20769999999999999574,0.20769999999999999574
70,163.75,0.13819999999999998952,0.13819999999999998952
-69,165,0.56130000000000002114,0.56130000000000002114
-68,165,0.4848000000000000087,0.4848000000000000087
-67,165,0.55179999999999995719,0.55179999999999995719
-66,165,0.74709999999999998632,0.74709999999999998632
-65,165,0.89400000000000001688,0.89400000000000001688
-64,165,0.99770000000000003126,0.99770000000000003126
-63,165,0.91800000000000003819,0.91800000000000003819
-62,165,0.90320000000000000284,0.90320000000000000284
-61,165,0.50600000000000000533,0.50600000000000000533
-60,165,0.38860000000000000098,0.38860000000000000098
-59,165,0.46089999999999997637,0.46089999999999997637
-58,165,0.37959999999999999298,0.37959999999999999298
-57,165,0.94410000000000005027,0.94410000000000005027
-56,165,0.89880000000000004334,0.89880000000000004334
-55,165,0.46210000000000001075,0.46210000000000001075
-54,165,0.20510000000000000453,0.20510000000000000453
-53,165,0.1192000000000000004,0.1192000000000000004
-52,165,0.05940000000000000141,0.05940000000000000141
-51,165,0.14640000000000000235,0.14640000000000000235
-50,165,0.88309999999999999609,0.88309999999999999609
-49,165,0.82550000000000001155,0.82550000000000001155
-48,165,0.97519999999999995577,0.97519999999999995577
-47,165,0.99639999999999995239,0.99639999999999995239
-46,165,0.91730000000000000426,0.91730000000000000426
-45,165,0.9829999999999999849,0.9829999999999999849
-44,165,0.74939999999999995506,0.74939999999999995506
-43,165,0.51949999999999996181,0.51949999999999996181
-42,165,0.60919999999999996376,0.60919999999999996376
-41,165,0.83469999999999999751,0.83469999999999999751
-40,165,0.98899999999999999023,0.98899999999999999023
-39,165,0.84909999999999996589,0.84909999999999996589
-38,165,0.21060000000000000941,0.21060000000000000941
-37,165,0.1237000000000000044,0.1237000000000000044
-36,165,0.23880000000000001226,0.23880000000000001226
-35,165,0.71140000000000003233,0.71140000000000003233
-34,165,0.61270000000000002238,0.61270000000000002238
-33,165,0.74019999999999996909,0.74019999999999996909
-32,165,0.91820000000000001616,0.91820000000000001616
-31,165,0.94520000000000004015,0.94520000000000004015
-30,165,0.72540000000000004476,0.72540000000000004476
-29,165,0.88560000000000005382,0.88560000000000005382
-28,165,0.98129999999999995008,0.98129999999999995008
-27,165,0.64000000000000001332,0.64000000000000001332
-26,165,0.49690000000000000835,0.49690000000000000835
-25,165,0.45169999999999999041,0.45169999999999999041
-24,165,0.2793999999999999817,0.2793999999999999817
-23,165,0.090899999999999994693,0.090899999999999994693
-22,165,0.046300000000000000877,0.046300000000000000877
-21,165,0.012699999999999999484,0.012699999999999999484
-20,165,0.013400000000000000452,0.013400000000000000452
-19,165,0.007100000000000000408,0.007100000000000000408
-18,165,0.025399999999999998967,0.025399999999999998967
-17,165,0.030900000000000000383,0.030900000000000000383
-16,165,0.040800000000000002931,0.040800000000000002931
-15,165,0.030700000000000001593,0.030700000000000001593
-14,165,0.016000000000000000333,0.016000000000000000333
-13,165,0.012200000000000000774,0.012200000000000000774
-12,165,0.012399999999999999564,0.012399999999999999564
-11,165,0.012999999999999999403,0.012999999999999999403
-10,165,0.22439999999999998836,0.22439999999999998836
-9,165,0.83740000000000003322,0.83740000000000003322
-8,165,0.14760000000000000897,0.14760000000000000897
-7,165,0.0053000000000000000236,0.0053000000000000000236
-6,165,0.00080000000000000003834,0.00080000000000000003834
-5,165,0,0
-4,165,0,0
-3,165,0,0
-2,165,0,0
-1,165,0,0
0,165,0,0
1,165,0,0
2,165,0.00059999999999999994744,0.00059999999999999994744
3,165,0.011499999999999999806,0.011499999999999999806
4,165,0.1411000000000000032,0.1411000000000000032
5,165,0.75449999999999994849,0.75449999999999994849
6,165,0.070699999999999998956,0.070699999999999998956
7,165,0.028699999999999999817,0.028699999999999999817
8,165,0.069599999999999995204,0.069599999999999995204
9,165,0.19559999999999999609,0.19559999999999999609
10,165,0.61140000000000005453,0.61140000000000005453
11,165,0.8010000000000000453,0.8010000000000000453
12,165,0.79490000000000005098,0.79490000000000005098
13,165,0.77720000000000000195,0.77720000000000000195
14,165,0.66890000000000005009,0.66890000000000005009
15,165,0.27210000000000000853,0.27210000000000000853
16,165,0.075600000000000000533,0.075600000000000000533
17,165,0.047899999999999998135,0.047899999999999998135
18,165,0.1436999999999999944,0.1436999999999999944
19,165,0.091499999999999998002,0.091499999999999998002
20,165,0.027599999999999999534,0.027599999999999999534
21,165,0.015699999999999998679,0.015699999999999998679
22,165,0.012699999999999999484,0.012699999999999999484
23,165,0.013199999999999999928,0.013199999999999999928
24,165,0.022100000000000001588,0.022100000000000001588
25,165,0.050299999999999997491,0.050299999999999997491
26,165,0.070699999999999998956,0.070699999999999998956
27,165,0.068199999999999996736,0.068199999999999996736
28,165,0.049099999999999997813,0.049099999999999997813
29,165,0.069500000000000006217,0.069500000000000006217
30,165,0.27789999999999998037,0.27789999999999998037
31,165,0.81910000000000005027,0.81910000000000005027
32,165,0.92259999999999997566,0.92259999999999997566
33,165,0.57830000000000003624,0.57830000000000003624
34,165,0.33069999999999999396,0.33069999999999999396
35,165,0.47560000000000002274,0.47560000000000002274
36,165,0.52990000000000003766,0.52990000000000003766
37,165,0.76329999999999997851,0.76329999999999997851
38,165,0.83870000000000000107,0.83870000000000000107
39,165,0.85829999999999995186,0.85829999999999995186
40,165,0.97250000000000003109,0.97250000000000003109
41,165,0.86390000000000000124,0.86390000000000000124
42,165,0.84760000000000002007,0.84760000000000002007
43,165,0.57540000000000002256,0.57540000000000002256
44,165,0.69199999999999994849,0.69199999999999994849
45,165,0.74690000000000000835,0.74690000000000000835
46,165,0.68769999999999997797,0.68769999999999997797
47,165,0.8152000000000000357,0.8152000000000000357
48,165,0.95620000000000004992,0.95620000000000004992
49,165,0.4223000000000000087,0.4223000000000000087
50,165,0.27460000000000001075,0.27460000000000001075
51,165,0.26240000000000002212,0.26240000000000002212
52,165,0.35080000000000000071,0.35080000000000000071
53,165,0.079500000000000001221,0.079500000000000001221
54,165,0.010999999999999999362,0.010999999999999999362
55,165,0.014399999999999999606,0.014399999999999999606
56,165,0.019699999999999998762,0.019699999999999998762
57,165,0.018100000000000001504,0.018100000000000001504
58,165,0.040899999999999998856,0.040899999999999998856
59,165,0.031800000000000001876,0.031800000000000001876
60,165,0.0025999999999999998807,0.0025999999999999998807
61,165,0.0058999999999999998626,0.0058999999999999998626
62,165,0.0020000000000000000416,0.0020000000000000000416
63,165,0.00029999999999999997372,0.00029999999999999997372
64,165,0.0016000000000000000767,0.0016000000000000000767
65,165,0.00089999999999999997537,0.00089999999999999997537
66,165,0.029299999999999999656,0.029299999999999999656
67,165,0.057200000000000000844,0.057200000000000000844
68,165,0.13420000000000001372,0.13420000000000001372
69,165,0.25290000000000001368,0.25290000000000001368
70,165,0.12059999999999999887,0.12059999999999999887
-69,166.25,0.67989999999999994884,0.67989999999999994884
-68,166.25,0.48649999999999998801,0.48649999999999998801
-67,166.25,0.51400000000000001243,0.51400000000000001243
-66,166.25,0.74750000000000005329,0.74750000000000005329
-65,166.25,0.93189999999999995062,0.93189999999999995062
-64,166.25,0.96860000000000001652,0.96860000000000001652
-63,166.25,0.95299999999999995826,0.95299999999999995826
-62,166.25,0.75760000000000005116,0.75760000000000005116
-61,166.25,0.5009000000000000119,0.5009000000000000119
-60,166.25,0.70130000000000003446,0.70130000000000003446
-59,166.25,0.76910000000000000586,0.76910000000000000586
-58,166.25,0.72340000000000004299,0.72340000000000004299
-57,166.25,0.75490000000000001545,0.75490000000000001545
-56,166.25,0.71489999999999997993,0.71489999999999997993
-55,166.25,0.29130000000000000338,0.29130000000000000338
-54,166.25,0.22700000000000000733,0.22700000000000000733
-53,166.25,0.072099999999999997424,0.072099999999999997424
-52,166.25,0.03540000000000000091,0.03540000000000000091
-51,166.25,0.25859999999999999654,0.25859999999999999654
-50,166.25,0.72619999999999995666,0.72619999999999995666
-49,166.25,0.73060000000000002718,0.73060000000000002718
-48,166.25,0.67210000000000003073,0.67210000000000003073
-47,166.25,0.4410999999999999921,0.4410999999999999921
-46,166.25,0.44030000000000002469,0.44030000000000002469
-45,166.25,0.99170000000000002593,0.99170000000000002593
-44,166.25,0.80640000000000000568,0.80640000000000000568
-43,166.25,0.40079999999999998961,0.40079999999999998961
-42,166.25,0.42059999999999997389,0.42059999999999997389
-41,166.25,0.70569999999999999396,0.70569999999999999396
-40,166.25,0.99780000000000002025,0.99780000000000002025
-39,166.25,0.49880000000000002114,0.49880000000000002114
-38,166.25,0.13800000000000001155,0.13800000000000001155
-37,166.25,0.10090000000000000357,0.10090000000000000357
-36,166.25,0.26889999999999997238,0.26889999999999997238
-35,166.25,0.39179999999999998161,0.39179999999999998161
-34,166.25,0.24140000000000000346,0.24140000000000000346
-33,166.25,0.64890000000000003233,0.64890000000000003233
-32,166.25,0.76039999999999996483,0.76039999999999996483
-31,166.25,0.45519999999999999352,0.45519999999999999352
-30,166.25,0.31040000000000000924,0.31040000000000000924
-29,166.25,0.44809999999999999831,0.44809999999999999831
-28,166.25,0.78669999999999995488,0.78669999999999995488
-27,166.25,0.68030000000000001581,0.68030000000000001581
-26,166.25,0.72809999999999996945,0.72809999999999996945
-25,166.25,0.77239999999999997549,0.77239999999999997549
-24,166.25,0.4597999999999999865,0.4597999999999999865
-23,166.25,0.29049999999999998046,0.29049999999999998046
-22,166.25,0.105999999999999997,0.105999999999999997
-21,166.25,0.15349999999999999756,0.15349999999999999756
-20,166.25,0.059299999999999998546,0.059299999999999998546
-19,166.25,0.021499999999999998279,0.021499999999999998279
-18,166.25,0.028000000000000000583,0.028000000000000000583
-17,166.25,0.036799999999999999378,0.036799999999999999378
-16,166.25,0.08010000000000000453,0.08010000000000000453
-15,166.25,0.038999999999999999944,0.038999999999999999944
-14,166.25,0.019300000000000001182,0.019300000000000001182
-13,166.25,0.039399999999999997524,0.039399999999999997524
-12,166.25,0.047500000000000000555,0.047500000000000000555
-11,166.25,0.035000000000000003331,0.035000000000000003331
-10,166.25,0.46550000000000002487,0.46550000000000002487
-9,166.25,0.83409999999999995257,0.83409999999999995257
-8,166.25,0.076899999999999996136,0.076899999999999996136
-7,166.25,0.0018999999999999999962,0.0018999999999999999962
-6,166.25,0.00020000000000000000958,0.00020000000000000000958
-5,166.25,0,0
-4,166.25,0,0
-3,166.25,0.00010000000000000000479,0.00010000000000000000479
-2,166.25,0,0
-1,166.25,0,0
0,166.25,0,0
1,166.25,0,0
2,166.25,0,0
3,166.25,0.0053000000000000000236,0.0053000000000000000236
4,166.25,0.071499999999999994116,0.071499999999999994116
5,166.25,0.75949999999999995293,0.75949999999999995293
6,166.25,0.10730000000000000648,0.10730000000000000648
7,166.25,0.033300000000000003209,0.033300000000000003209
8,166.25,0.094100000000000003086,0.094100000000000003086
9,166.25,0.16270000000000001128,0.16270000000000001128
10,166.25,0.53039999999999998259,0.53039999999999998259
11,166.25,0.71770000000000000462,0.71770000000000000462
12,166.25,0.8248999999999999666,0.8248999999999999666
13,166.25,0.70399999999999995914,0.70399999999999995914
14,166.25,0.63900000000000001243,0.63900000000000001243
15,166.25,0.27169999999999999707,0.27169999999999999707
16,166.25,0.081100000000000005418,0.081100000000000005418
17,166.25,0.071800000000000002709,0.071800000000000002709
18,166.25,0.19709999999999999742,0.19709999999999999742
19,166.25,0.089300000000000004374,0.089300000000000004374
20,166.25,0.056199999999999999956,0.056199999999999999956
21,166.25,0.053499999999999998945,0.053499999999999998945
22,166.25,0.034599999999999998812,0.034599999999999998812
23,166.25,0.05050000000000000322,0.05050000000000000322
24,166.25,0.042099999999999998535,0.042099999999999998535
25,166.25,0.055199999999999999067,0.055199999999999999067
26,166.25,0.034599999999999998812,0.034599999999999998812
27,166.25,0.062799999999999994715,0.062799999999999994715
28,166.25,0.066000000000000003109,0.066000000000000003109
29,166.25,0.057399999999999999634,0.057399999999999999634
30,166.25,0.25600000000000000533,0.25600000000000000533
31,166.25,0.73440000000000005276,0.73440000000000005276
32,166.25,0.82320000000000004281,0.82320000000000004281
33,166.25,0.66090000000000004299,0.66090000000000004299
34,166.25,0.39129999999999998117,0.39129999999999998117
35,166.25,0.50170000000000003482,0.50170000000000003482
36,166.25,0.82250000000000000888,0.82250000000000000888
37,166.25,0.5971999999999999531,0.5971999999999999531
38,166.25,0.76209999999999999964,0.76209999999999999964
39,166.25,0.93799999999999994493,0.93799999999999994493
40,166.25,0.982099999999999973,0.982099999999999973
41,166.25,0.96150000000000002132,0.96150000000000002132
42,166.25,0.94399999999999995026,0.94399999999999995026
43,166.25,0.80989999999999995328,0.80989999999999995328
44,166.25,0.83909999999999995701,0.83909999999999995701
45,166.25,0.74780000000000002025,0.74780000000000002025
46,166.25,0.89939999999999997726,0.89939999999999997726
47,166.25,0.99590000000000000746,0.99590000000000000746
48,166.25,0.92540000000000000036,0.92540000000000000036
49,166.25,0.48739999999999999991,0.48739999999999999991
50,166.25,0.375,0.375
51,166.25,0.32059999999999999609,0.32059999999999999609
52,166.25,0.21859999999999998876,0.21859999999999998876
53,166.25,0.032399999999999998246,0.032399999999999998246
54,166.25,0.0037000000000000001638,0.0037000000000000001638
55,166.25,0.0071999999999999998029,0.0071999999999999998029
56,166.25,0.0074999999999999997224,0.0074999999999999997224
57,166.25,0.007700000000000000247,0.007700000000000000247
58,166.25,0.034000000000000002442,0.034000000000000002442
59,166.25,0.016299999999999998518,0.016299999999999998518
60,166.25,0.00089999999999999997537,0.00089999999999999997537
61,166.25,0.00080000000000000003834,0.00080000000000000003834
62,166.25,0.0010000000000000000208,0.0010000000000000000208
63,166.25,0.00029999999999999997372,0.00029999999999999997372
64,166.25,0.00029999999999999997372,0.00029999999999999997372
65,166.25,0.00089999999999999997537,0.00089999999999999997537
66,166.25,0.0032000000000000001533,0.0032000000000000001533
67,166.25,0.029899999999999999495,0.029899999999999999495
68,166.25,0.18160000000000001141,0.18160000000000001141
69,166.25,0.25130000000000002336,0.25130000000000002336
70,166.25,0.096500000000000002442,0.096500000000000002442
-69,167.5,0.78390000000000004121,0.78390000000000004121
-68,167.5,0.56089999999999995417,0.56089999999999995417
-67,167.5,0.51870000000000004992,0.51870000000000004992
-66,167.5,0.78420000000000000817,0.78420000000000000817
-65,167.5,0.98680000000000001048,0.98680000000000001048
-64,167.5,0.91110000000000002096,0.91110000000000002096
-63,167.5,0.81130000000000002114,0.81130000000000002114
-62,167.5,0.69210000000000004849,0.69210000000000004849
-61,167.5,0.4536000000000000032,0.4536000000000000032
-60,167.5,0.87350000000000005418,0.87350000000000005418
-59,167.5,0.86499999999999999112,0.86499999999999999112
-58,167.5,0.89280000000000003801,0.89280000000000003801
-57,167.5,0.61099999999999998757,0.61099999999999998757
-56,167.5,0.41680000000000000382,0.41680000000000000382
-55,167.5,0.27029999999999998472,0.27029999999999998472
-54,167.5,0.23489999999999999769,0.23489999999999999769
-53,167.5,0.090099999999999999534,0.090099999999999999534
-52,167.5,0.086599999999999996425,0.086599999999999996425
-51,167.5,0.31209999999999998854,0.31209999999999998854
-50,167.5,0.72189999999999998614,0.72189999999999998614
-49,167.5,0.64190000000000002611,0.64190000000000002611
-48,167.5,0.34220000000000000417,0.34220000000000000417
-47,167.5,0.33450000000000001954,0.33450000000000001954
-46,167.5,0.68669999999999997708,0.68669999999999997708
-45,167.5,0.77729999999999999094,0.77729999999999999094
-44,167.5,0.87309999999999998721,0.87309999999999998721
-43,167.5,0.39560000000000000719,0.39560000000000000719
-42,167.5,0.35970000000000001972,0.35970000000000001972
-41,167.5,0.67549999999999998934,0.67549999999999998934
-40,167.5,0.95809999999999995168,0.95809999999999995168
-39,167.5,0.85580000000000000515,0.85580000000000000515
-38,167.5,0.68730000000000002203,0.68730000000000002203
-37,167.5,0.48449999999999998623,0.48449999999999998623
-36,167.5,0.61819999999999997176,0.61819999999999997176
-35,167.5,0.22329999999999999849,0.22329999999999999849
-34,167.5,0.17869999999999999774,0.17869999999999999774
-33,167.5,0.56379999999999996785,0.56379999999999996785
-32,167.5,0.56950000000000000622,0.56950000000000000622
-31,167.5,0.42920000000000002593,0.42920000000000002593
-30,167.5,0.31280000000000002247,0.31280000000000002247
-29,167.5,0.39000000000000001332,0.39000000000000001332
-28,167.5,0.68189999999999995062,0.68189999999999995062
-27,167.5,0.71330000000000004512,0.71330000000000004512
-26,167.5,0.66120000000000000995,0.66120000000000000995
-25,167.5,0.76039999999999996483,0.76039999999999996483
-24,167.5,0.77900000000000002576,0.77900000000000002576
-23,167.5,0.76739999999999997105,0.76739999999999997105
-22,167.5,0.83420000000000005258,0.83420000000000005258
-21,167.5,0.43769999999999997797,0.43769999999999997797
-20,167.5,0.15370000000000000329,0.15370000000000000329
-19,167.5,0.030999999999999999778,0.030999999999999999778
-18,167.5,0.012699999999999999484,0.012699999999999999484
-17,167.5,0.0088999999999999999251,0.0088999999999999999251
-16,167.5,0.0068999999999999998834,0.0068999999999999998834
-15,167.5,0.010600000000000000047,0.010600000000000000047
-14,167.5,0.041500000000000002165,0.041500000000000002165
-13,167.5,0.022599999999999998562,0.022599999999999998562
-12,167.5,0.02999999999999999889,0.02999999999999999889
-11,167.5,0.08010000000000000453,0.08010000000000000453
-10,167.5,0.59199999999999997069,0.59199999999999997069
-9,167.5,0.69320000000000003837,0.69320000000000003837
-8,167.5,0.065199999999999994071,0.065199999999999994071
-7,167.5,0.0013999999999999999858,0.0013999999999999999858
-6,167.5,0.00029999999999999997372,0.00029999999999999997372
-5,167.5,0,0
-4,167.5,0,0
-3,167.5,0,0
-2,167.5,0,0
-1,167.5,0,0
0,167.5,0,0
1,167.5,0,0
2,167.5,0,0
3,167.5,0.0020999999999999998702,0.0020999999999999998702
4,167.5,0.024699999999999999734,0.024699999999999999734
5,167.5,0.6284999999999999476,0.6284999999999999476
6,167.5,0.18770000000000000573,0.18770000000000000573
7,167.5,0.039699999999999999178,0.039699999999999999178
8,167.5,0.089499999999999996225,0.089499999999999996225
9,167.5,0.18950000000000000178,0.18950000000000000178
10,167.5,0.52729999999999999094,0.52729999999999999094
11,167.5,0.65269999999999994689,0.65269999999999994689
12,167.5,0.80449999999999999289,0.80449999999999999289
13,167.5,0.6992000000000000437,0.6992000000000000437
14,167.5,0.54379999999999995008,0.54379999999999995008
15,167.5,0.19659999999999999698,0.19659999999999999698
16,167.5,0.05340000000000000302,0.05340000000000000302
17,167.5,0.069300000000000000488,0.069300000000000000488
18,167.5,0.15599999999999999978,0.15599999999999999978
19,167.5,0.12740000000000001323,0.12740000000000001323
20,167.5,0.097000000000000002887,0.097000000000000002887
21,167.5,0.054699999999999998623,0.054699999999999998623
22,167.5,0.0269000000000000003,0.0269000000000000003
23,167.5,0.051400000000000001243,0.051400000000000001243
24,167.5,0.046899999999999997247,0.046899999999999997247
25,167.5,0.040099999999999996758,0.040099999999999996758
26,167.5,0.039100000000000002809,0.039100000000000002809
27,167.5,0.063899999999999998468,0.063899999999999998468
28,167.5,0.058200000000000001732,0.058200000000000001732
29,167.5,0.036900000000000002243,0.036900000000000002243
30,167.5,0.17260000000000000342,0.17260000000000000342
31,167.5,0.42899999999999999245,0.42899999999999999245
32,167.5,0.57230000000000003091,0.57230000000000003091
33,167.5,0.43440000000000000835,0.43440000000000000835
34,167.5,0.33319999999999999618,0.33319999999999999618
35,167.5,0.55279999999999995808,0.55279999999999995808
36,167.5,0.81499999999999994671,0.81499999999999994671
37,167.5,0.77549999999999996714,0.77549999999999996714
38,167.5,0.7472999999999999643,0.7472999999999999643
39,167.5,0.96350000000000002309,0.96350000000000002309
40,167.5,0.95220000000000004636,0.95220000000000004636
41,167.5,0.90180000000000004601,0.90180000000000004601
42,167.5,0.77110000000000000764,0.77110000000000000764
43,167.5,0.8991000000000000103,0.8991000000000000103
44,167.5,0.92330000000000000959,0.92330000000000000959
45,167.5,0.59079999999999999183,0.59079999999999999183
46,167.5,0.84730000000000005311,0.84730000000000005311
47,167.5,0.95969999999999999751,0.95969999999999999751
48,167.5,0.88749999999999995559,0.88749999999999995559
49,167.5,0.5686999999999999833,0.5686999999999999833
50,167.5,0.58860000000000001208,0.58860000000000001208
51,167.5,0.49430000000000001714,0.49430000000000001714
52,167.5,0.22709999999999999631,0.22709999999999999631
53,167.5,0.045499999999999998779,0.045499999999999998779
54,167.5,0.0094999999999999997641,0.0094999999999999997641
55,167.5,0.012699999999999999484,0.012699999999999999484
56,167.5,0.012399999999999999564,0.012399999999999999564
57,167.5,0.014500000000000000736,0.014500000000000000736
58,167.5,0.022399999999999999772,0.022399999999999999772
59,167.5,0.0074000000000000003275,0.0074000000000000003275
60,167.5,0.0012999999999999999403,0.0012999999999999999403
61,167.5,0.00050000000000000001041,0.00050000000000000001041
62,167.5,0.0016000000000000000767,0.0016000000000000000767
63,167.5,0.00069999999999999999289,0.00069999999999999999289
64,167.5,0.00059999999999999994744,0.00059999999999999994744
65,167.5,0.00080000000000000003834,0.00080000000000000003834
66,167.5,0.00069999999999999999289,0.00069999999999999999289
67,167.5,0.013400000000000000452,0.013400000000000000452
68,167.5,0.24840000000000000968,0.24840000000000000968
69,167.5,0.20710000000000000631,0.20710000000000000631
70,167.5,0.054899999999999997413,0.054899999999999997413
-69,168.75,0.87360000000000004317,0.87360000000000004317
-68,168.75,0.72119999999999995222,0.72119999999999995222
-67,168.75,0.57340000000000002078,0.57340000000000002078
-66,168.75,0.86539999999999994706,0.86539999999999994706
-65,168.75,0.99750000000000005329,0.99750000000000005329
-64,168.75,0.85329999999999994742,0.85329999999999994742
-63,168.75,0.85819999999999996287,0.85819999999999996287
-62,168.75,0.63109999999999999432,0.63109999999999999432
-61,168.75,0.51209999999999999964,0.51209999999999999964
-60,168.75,0.95920000000000005258,0.95920000000000005258
-59,168.75,0.80610000000000003872,0.80610000000000003872
-58,168.75,0.75190000000000001279,0.75190000000000001279
-57,168.75,0.73499999999999998668,0.73499999999999998668
-56,168.75,0.31859999999999999432,0.31859999999999999432
-55,168.75,0.19639999999999999125,0.19639999999999999125
-54,168.75,0.11139999999999999902,0.11139999999999999902
-53,168.75,0.12929999999999999827,0.12929999999999999827
-52,168.75,0.16850000000000001088,0.16850000000000001088
-51,168.75,0.39539999999999997371,0.39539999999999997371
-50,168.75,0.6079999999999999849,0.6079999999999999849
-49,168.75,0.64900000000000002132,0.64900000000000002132
-48,168.75,0.57099999999999995204,0.57099999999999995204
-47,168.75,0.89049999999999995826,0.89049999999999995826
-46,168.75,0.89000000000000001332,0.89000000000000001332
-45,168.75,0.99299999999999999378,0.99299999999999999378
-44,168.75,0.98150000000000003908,0.98150000000000003908
-43,168.75,0.75560000000000004938,0.75560000000000004938
-42,168.75,0.66300000000000003375,0.66300000000000003375
-41,168.75,0.87290000000000000924,0.87290000000000000924
-40,168.75,0.92279999999999995364,0.92279999999999995364
-39,168.75,0.85489999999999999325,0.85489999999999999325
-38,168.75,0.89319999999999999396,0.89319999999999999396
-37,168.75,0.74419999999999997264,0.74419999999999997264
-36,168.75,0.77829999999999999183,0.77829999999999999183
-35,168.75,0.43830000000000002292,0.43830000000000002292
-34,168.75,0.23150000000000001132,0.23150000000000001132
-33,168.75,0.25740000000000001767,0.25740000000000001767
-32,168.75,0.56459999999999999076,0.56459999999999999076
-31,168.75,0.46939999999999998392,0.46939999999999998392
-30,168.75,0.3679000000000000048,0.3679000000000000048
-29,168.75,0.43490000000000000879,0.43490000000000000879
-28,168.75,0.47010000000000001785,0.47010000000000001785
-27,168.75,0.54300000000000003819,0.54300000000000003819
-26,168.75,0.71740000000000003766,0.71740000000000003766
-25,168.75,0.7277000000000000135,0.7277000000000000135
-24,168.75,0.98419999999999996376,0.98419999999999996376
-23,168.75,0.96609999999999995879,0.96609999999999995879
-22,168.75,0.93769999999999997797,0.93769999999999997797
-21,168.75,0.43809999999999998943,0.43809999999999998943
-20,168.75,0.11749999999999999334,0.11749999999999999334
-19,168.75,0.0099000000000000008132,0.0099000000000000008132
-18,168.75,0.0027999999999999999716,0.0027999999999999999716
-17,168.75,0.0028999999999999998002,0.0028999999999999998002
-16,168.75,0.0032000000000000001533,0.0032000000000000001533
-15,168.75,0.0091999999999999998446,0.0091999999999999998446
-14,168.75,0.018999999999999999528,0.018999999999999999528
-13,168.75,0.0073000000000000000652,0.0073000000000000000652
-12,168.75,0.011599999999999999201,0.011599999999999999201
-11,168.75,0.058200000000000001732,0.058200000000000001732
-10,168.75,0.63070000000000003837,0.63070000000000003837
-9,168.75,0.56789999999999996039,0.56789999999999996039
-8,168.75,0.084800000000000000377,0.084800000000000000377
-7,168.75,0.0017999999999999999507,0.0017999999999999999507
-6,168.75,0.00020000000000000000958,0.00020000000000000000958
-5,168.75,0,0
-4,168.75,0,0
-3,168.75,0,0
-2,168.75,0,0
-1,168.75,0,0
0,168.75,0,0
1,168.75,0,0
2,168.75,0,0
3,168.75,0.0016000000000000000767,0.0016000000000000000767
4,168.75,0.016600000000000000172,0.016600000000000000172
5,168.75,0.50739999999999996216,0.50739999999999996216
6,168.75,0.192000000000000004,0.192000000000000004
7,168.75,0.035200000000000002121,0.035200000000000002121
8,168.75,0.06230000000000000121,0.06230000000000000121
9,168.75,0.20530000000000001026,0.20530000000000001026
10,168.75,0.48239999999999999547,0.48239999999999999547
11,168.75,0.60729999999999995097,0.60729999999999995097
12,168.75,0.65559999999999996056,0.65559999999999996056
13,168.75,0.63009999999999999343,0.63009999999999999343
14,168.75,0.58989999999999997993,0.58989999999999997993
15,168.75,0.24299999999999999378,0.24299999999999999378
16,168.75,0.054899999999999997413,0.054899999999999997413
17,168.75,0.082000000000000003442,0.082000000000000003442
18,168.75,0.10259999999999999676,0.10259999999999999676
19,168.75,0.058299999999999997657,0.058299999999999997657
20,168.75,0.090599999999999999978,0.090599999999999999978
21,168.75,0.076999999999999999001,0.076999999999999999001
22,168.75,0.047699999999999999345,0.047699999999999999345
23,168.75,0.055199999999999999067,0.055199999999999999067
24,168.75,0.030200000000000001149,0.030200000000000001149
25,168.75,0.040599999999999997202,0.040599999999999997202
26,168.75,0.06619999999999999496,0.06619999999999999496
27,168.75,0.093799999999999994493,0.093799999999999994493
28,168.75,0.04469999999999999668,0.04469999999999999668
29,168.75,0.054600000000000002698,0.054600000000000002698
30,168.75,0.099699999999999996958,0.099699999999999996958
31,168.75,0.17530000000000001137,0.17530000000000001137
32,168.75,0.42809999999999998055,0.42809999999999998055
33,168.75,0.34289999999999998259,0.34289999999999998259
34,168.75,0.34579999999999999627,0.34579999999999999627
35,168.75,0.59960000000000002185,0.59960000000000002185
36,168.75,0.8001000000000000334,0.8001000000000000334
37,168.75,0.90510000000000001563,0.90510000000000001563
38,168.75,0.9795000000000000373,0.9795000000000000373
39,168.75,0.97319999999999995399,0.97319999999999995399
40,168.75,0.85289999999999999147,0.85289999999999999147
41,168.75,0.68679999999999996607,0.68679999999999996607
42,168.75,0.46589999999999998082,0.46589999999999998082
43,168.75,0.72789999999999999147,0.72789999999999999147
44,168.75,0.90520000000000000462,0.90520000000000000462
45,168.75,0.6411000000000000032,0.6411000000000000032
46,168.75,0.68289999999999995151,0.68289999999999995151
47,168.75,0.72050000000000002931,0.72050000000000002931
48,168.75,0.80840000000000000746,0.80840000000000000746
49,168.75,0.74190000000000000391,0.74190000000000000391
50,168.75,0.74780000000000002025,0.74780000000000002025
51,168.75,0.64090000000000002522,0.64090000000000002522
52,168.75,0.2036000000000000032,0.2036000000000000032
53,168.75,0.037800000000000000266,0.037800000000000000266
54,168.75,0.0073000000000000000652,0.0073000000000000000652
55,168.75,0.033899999999999999578,0.033899999999999999578
56,168.75,0.020400000000000001465,0.020400000000000001465
57,168.75,0.010399999999999999523,0.010399999999999999523
58,168.75,0.0091000000000000004496,0.0091000000000000004496
59,168.75,0.0017999999999999999507,0.0017999999999999999507
60,168.75,0.0020000000000000000416,0.0020000000000000000416
61,168.75,0.0013999999999999999858,0.0013999999999999999858
62,168.75,0.0027000000000000001429,0.0027000000000000001429
63,168.75,0.0022999999999999999611,0.0022999999999999999611
64,168.75,0.0011000000000000000663,0.0011000000000000000663
65,168.75,0.0013999999999999999858,0.0013999999999999999858
66,168.75,0.00080000000000000003834,0.00080000000000000003834
67,168.75,0.0030999999999999998911,0.0030999999999999998911
68,168.75,0.2911000000000000254,0.2911000000000000254
69,168.75,0.125,0.125
70,168.75,0.035499999999999996836,0.035499999999999996836
-69,170,0.91510000000000002451,0.91510000000000002451
-68,170,0.86560000000000003606,0.86560000000000003606
-67,170,0.67069999999999996287,0.67069999999999996287
-66,170,0.95509999999999994902,0.95509999999999994902
-65,170,0.96489999999999997993,0.96489999999999997993
-64,170,0.86370000000000002327,0.86370000000000002327
-63,170,0.88109999999999999432,0.88109999999999999432
-62,170,0.43259999999999998455,0.43259999999999998455
-61,170,0.5581000000000000405,0.5581000000000000405
-60,170,0.93830000000000002292,0.93830000000000002292
-59,170,0.73550000000000004263,0.73550000000000004263
-58,170,0.62209999999999998632,0.62209999999999998632
-57,170,0.54100000000000003642,0.54100000000000003642
-56,170,0.27179999999999998606,0.27179999999999998606
-55,170,0.17610000000000000653,0.17610000000000000653
-54,170,0.1208000000000000046,0.1208000000000000046
-53,170,0.19070000000000000839,0.19070000000000000839
-52,170,0.1932999999999999996,0.1932999999999999996
-51,170,0.36230000000000001092,0.36230000000000001092
-50,170,0.47539999999999998925,0.47539999999999998925
-49,170,0.61750000000000004885,0.61750000000000004885
-48,170,0.84340000000000003855,0.84340000000000003855
-47,170,0.97009999999999996234,0.97009999999999996234
-46,170,0.42559999999999997833,0.42559999999999997833
-45,170,0.50309999999999999165,0.50309999999999999165
-44,170,0.91149999999999997691,0.91149999999999997691
-43,170,0.94259999999999999343,0.94259999999999999343
-42,170,0.78800000000000003375,0.78800000000000003375
-41,170,0.89059999999999994724,0.89059999999999994724
-40,170,0.89980000000000004423,0.89980000000000004423
-39,170,0.723300000000000054,0.723300000000000054
-38,170,0.76590000000000002522,0.76590000000000002522
-37,170,0.86770000000000002682,0.86770000000000002682
-36,170,0.88719999999999998863,0.88719999999999998863
-35,170,0.50949999999999995293,0.50949999999999995293
-34,170,0.27310000000000000941,0.27310000000000000941
-33,170,0.43859999999999998987,0.43859999999999998987
-32,170,0.58489999999999997549,0.58489999999999997549
-31,170,0.5231999999999999984,0.5231999999999999984
-30,170,0.59270000000000000462,0.59270000000000000462
-29,170,0.65890000000000004121,0.65890000000000004121
-28,170,0.60499999999999998224,0.60499999999999998224
-27,170,0.40100000000000002309,0.40100000000000002309
-26,170,0.46470000000000000195,0.46470000000000000195
-25,170,0.839199999999999946,0.839199999999999946
-24,170,0.93759999999999998899,0.93759999999999998899
-23,170,0.78149999999999997247,0.78149999999999997247
-22,170,0.82299999999999995381,0.82299999999999995381
-21,170,0.47089999999999998526,0.47089999999999998526
-20,170,0.092799999999999993605,0.092799999999999993605
-19,170,0.02670000000000000151,0.02670000000000000151
-18,170,0.014999999999999999445,0.014999999999999999445
-17,170,0.011299999999999999281,0.011299999999999999281
-16,170,0.0064000000000000003067,0.0064000000000000003067
-15,170,0.012099999999999999645,0.012099999999999999645
-14,170,0.011900000000000000855,0.011900000000000000855
-13,170,0.0015000000000000000312,0.0015000000000000000312
-12,170,0.00080000000000000003834,0.00080000000000000003834
-11,170,0.064600000000000004641,0.064600000000000004641
-10,170,0.76929999999999998384,0.76929999999999998384
-9,170,0.43180000000000001714,0.43180000000000001714
-8,170,0.066000000000000003109,0.066000000000000003109
-7,170,0.0040000000000000000833,0.0040000000000000000833
-6,170,0.00040000000000000001917,0.00040000000000000001917
-5,170,0,0
-4,170,0,0
-3,170,0,0
-2,170,0,0
-1,170,0,0
0,170,0,0
1,170,0,0
2,170,0,0
3,170,0.00050000000000000001041,0.00050000000000000001041
4,170,0.010800000000000000572,0.010800000000000000572
5,170,0.37809999999999999165,0.37809999999999999165
6,170,0.23910000000000000697,0.23910000000000000697
7,170,0.01760000000000000106,0.01760000000000000106
8,170,0.029100000000000000866,0.029100000000000000866
9,170,0.13200000000000000622,0.13200000000000000622
10,170,0.39119999999999999218,0.39119999999999999218
11,170,0.60060000000000002274,0.60060000000000002274
12,170,0.65929999999999999716,0.65929999999999999716
13,170,0.64149999999999995914,0.64149999999999995914
14,170,0.59909999999999996589,0.59909999999999996589
15,170,0.30199999999999999067,0.30199999999999999067
16,170,0.096600000000000005307,0.096600000000000005307
17,170,0.10069999999999999785,0.10069999999999999785
18,170,0.078500000000000000333,0.078500000000000000333
19,170,0.029399999999999999051,0.029399999999999999051
20,170,0.022200000000000000983,0.022200000000000000983
21,170,0.018800000000000000738,0.018800000000000000738
22,170,0.024699999999999999734,0.024699999999999999734
23,170,0.042500000000000003053,0.042500000000000003053
24,170,0.012600000000000000089,0.012600000000000000089
25,170,0.020400000000000001465,0.020400000000000001465
26,170,0.05650000000000000161,0.05650000000000000161
27,170,0.067599999999999993427,0.067599999999999993427
28,170,0.039500000000000000389,0.039500000000000000389
29,170,0.077399999999999996581,0.077399999999999996581
30,170,0.12379999999999999338,0.12379999999999999338
31,170,0.13100000000000000533,0.13100000000000000533
32,170,0.27829999999999999183,0.27829999999999999183
33,170,0.31149999999999999911,0.31149999999999999911
34,170,0.36259999999999997788,0.36259999999999997788
35,170,0.5114999999999999547,0.5114999999999999547
36,170,0.80549999999999999378,0.80549999999999999378
37,170,0.89310000000000000497,0.89310000000000000497
38,170,0.97650000000000003464,0.97650000000000003464
39,170,0.91459999999999996856,0.91459999999999996856
40,170,0.92200000000000004174,0.92200000000000004174
41,170,0.72170000000000000817,0.72170000000000000817
42,170,0.38059999999999999387,0.38059999999999999387
43,170,0.61870000000000002771,0.61870000000000002771
44,170,0.75329999999999996962,0.75329999999999996962
45,170,0.68530000000000002025,0.68530000000000002025
46,170,0.51619999999999999218,0.51619999999999999218
47,170,0.65720000000000000639,0.65720000000000000639
48,170,0.79079999999999994742,0.79079999999999994742
49,170,0.9081000000000000183,0.9081000000000000183
50,170,0.91200000000000003286,0.91200000000000003286
51,170,0.5420000000000000373,0.5420000000000000373
52,170,0.099400000000000002243,0.099400000000000002243
53,170,0.014999999999999999445,0.014999999999999999445
54,170,0.011199999999999999886,0.011199999999999999886
55,170,0.042400000000000000189,0.042400000000000000189
56,170,0.014300000000000000211,0.014300000000000000211
57,170,0.020299999999999998601,0.020299999999999998601
58,170,0.0080999999999999995615,0.0080999999999999995615
59,170,0.0027000000000000001429,0.0027000000000000001429
60,170,0.0020000000000000000416,0.0020000000000000000416
61,170,0.0022000000000000001325,0.0022000000000000001325
62,170,0.0048999999999999998418,0.0048999999999999998418
63,170,0.013400000000000000452,0.013400000000000000452
64,170,0.0037000000000000001638,0.0037000000000000001638
65,170,0.00050000000000000001041,0.00050000000000000001041
66,170,0.00010000000000000000479,0.00010000000000000000479
67,170,0.003899999999999999821,0.003899999999999999821
68,170,0.23719999999999999418,0.23719999999999999418
69,170,0.10040000000000000313,0.10040000000000000313
70,170,0.027599999999999999534,0.027599999999999999534
-69,171.25,0.91069999999999995399,0.91069999999999995399
-68,171.25,0.94240000000000001545,0.94240000000000001545
-67,171.25,0.8054000000000000048,0.8054000000000000048
-66,171.25,0.99060000000000003606,0.99060000000000003606
-65,171.25,0.95160000000000000142,0.95160000000000000142
-64,171.25,0.93420000000000003038,0.93420000000000003038
-63,171.25,0.89139999999999997016,0.89139999999999997016
-62,171.25,0.42370000000000002105,0.42370000000000002105
-61,171.25,0.58250000000000001776,0.58250000000000001776
-60,171.25,0.79210000000000002629,0.79210000000000002629
-59,171.25,0.68540000000000000924,0.68540000000000000924
-58,171.25,0.70879999999999998561,0.70879999999999998561
-57,171.25,0.33920000000000000151,0.33920000000000000151
-56,171.25,0.13589999999999999303,0.13589999999999999303
-55,171.25,0.26500000000000001332,0.26500000000000001332
-54,171.25,0.30880000000000001892,0.30880000000000001892
-53,171.25,0.38910000000000000142,0.38910000000000000142
-52,171.25,0.28399999999999997469,0.28399999999999997469
-51,171.25,0.29520000000000001794,0.29520000000000001794
-50,171.25,0.43919999999999997931,0.43919999999999997931
-49,171.25,0.60850000000000004086,0.60850000000000004086
-48,171.25,0.88560000000000005382,0.88560000000000005382
-47,171.25,0.9257999999999999563,0.9257999999999999563
-46,171.25,0.33050000000000001599,0.33050000000000001599
-45,171.25,0.33100000000000001643,0.33100000000000001643
-44,171.25,0.87419999999999997708,0.87419999999999997708
-43,171.25,0.93520000000000003126,0.93520000000000003126
-42,171.25,0.95009999999999994458,0.95009999999999994458
-41,171.25,0.84770000000000000906,0.84770000000000000906
-40,171.25,0.95030000000000003357,0.95030000000000003357
-39,171.25,0.8152000000000000357,0.8152000000000000357
-38,171.25,0.80530000000000001581,0.80530000000000001581
-37,171.25,0.90290000000000003588,0.90290000000000003588
-36,171.25,0.57299999999999995381,0.57299999999999995381
-35,171.25,0.48920000000000002371,0.48920000000000002371
-34,171.25,0.55089999999999994529,0.55089999999999994529
-33,171.25,0.60129999999999994564,0.60129999999999994564
-32,171.25,0.59060000000000001386,0.59060000000000001386
-31,171.25,0.79690000000000005276,0.79690000000000005276
-30,171.25,0.74280000000000001581,0.74280000000000001581
-29,171.25,0.90820000000000000728,0.90820000000000000728
-28,171.25,0.85219999999999995755,0.85219999999999995755
-27,171.25,0.5918999999999999817,0.5918999999999999817
-26,171.25,0.46879999999999999449,0.46879999999999999449
-25,171.25,0.82520000000000004459,0.82520000000000004459
-24,171.25,0.99119999999999996998,0.99119999999999996998
-23,171.25,0.81569999999999998064,0.81569999999999998064
-22,171.25,0.65410000000000001474,0.65410000000000001474
-21,171.25,0.3634000000000000008,0.3634000000000000008
-20,171.25,0.10349999999999999478,0.10349999999999999478
-19,171.25,0.080399999999999999245,0.080399999999999999245
-18,171.25,0.073599999999999998757,0.073599999999999998757
-17,171.25,0.039100000000000002809,0.039100000000000002809
-16,171.25,0.012200000000000000774,0.012200000000000000774
-15,171.25,0.0240000000000000005,0.0240000000000000005
-14,171.25,0.018399999999999999689,0.018399999999999999689
-13,171.25,0.0016999999999999999053,0.0016999999999999999053
-12,171.25,0.00069999999999999999289,0.00069999999999999999289
-11,171.25,0.14289999999999999925,0.14289999999999999925
-10,171.25,0.79869999999999996554,0.79869999999999996554
-9,171.25,0.33839999999999997859,0.33839999999999997859
-8,171.25,0.028600000000000000422,0.028600000000000000422
-7,171.25,0.0016999999999999999053,0.0016999999999999999053
-6,171.25,0,0
-5,171.25,0,0
-4,171.25,0,0
-3,171.25,0,0
-2,171.25,0,0
-1,171.25,0,0
0,171.25,0,0
1,171.25,0,0
2,171.25,0,0
3,171.25,0.00020000000000000000958,0.00020000000000000000958
4,171.25,0.0057000000000000002054,0.0057000000000000002054
5,171.25,0.31319999999999997842,0.31319999999999997842
6,171.25,0.28780000000000000027,0.28780000000000000027
7,171.25,0.015499999999999999889,0.015499999999999999889
8,171.25,0.021999999999999998723,0.021999999999999998723
9,171.25,0.068400000000000002465,0.068400000000000002465
10,171.25,0.3731999999999999762,0.3731999999999999762
11,171.25,0.58699999999999996625,0.58699999999999996625
12,171.25,0.77980000000000004867,0.77980000000000004867
13,171.25,0.73790000000000000036,0.73790000000000000036
14,171.25,0.68859999999999998987,0.68859999999999998987
15,171.25,0.41420000000000001261,0.41420000000000001261
16,171.25,0.15140000000000000679,0.15140000000000000679
17,171.25,0.13180000000000000049,0.13180000000000000049
18,171.25,0.070400000000000004241,0.070400000000000004241
19,171.25,0.026200000000000001066,0.026200000000000001066
20,171.25,0.012900000000000000008,0.012900000000000000008
21,171.25,0.01170000000000000033,0.01170000000000000033
22,171.25,0.024099999999999999895,0.024099999999999999895
23,171.25,0.035000000000000003331,0.035000000000000003331
24,171.25,0.015299999999999999364,0.015299999999999999364
25,171.25,0.016799999999999998962,0.016799999999999998962
26,171.25,0.041099999999999997646,0.041099999999999997646
27,171.25,0.057299999999999996769,0.057299999999999996769
28,171.25,0.031500000000000000222,0.031500000000000000222
29,171.25,0.089899999999999993805,0.089899999999999993805
30,171.25,0.12239999999999999492,0.12239999999999999492
31,171.25,0.15570000000000000506,0.15570000000000000506
32,171.25,0.17269999999999999241,0.17269999999999999241
33,171.25,0.22450000000000000511,0.22450000000000000511
34,171.25,0.23449999999999998623,0.23449999999999998623
35,171.25,0.31049999999999999822,0.31049999999999999822
36,171.25,0.46339999999999997859,0.46339999999999997859
37,171.25,0.88600000000000000977,0.88600000000000000977
38,171.25,0.8125,0.8125
39,171.25,0.82320000000000004281,0.82320000000000004281
40,171.25,0.99339999999999994973,0.99339999999999994973
41,171.25,0.80769999999999997353,0.80769999999999997353
42,171.25,0.68649999999999999911,0.68649999999999999911
43,171.25,0.88400000000000000799,0.88400000000000000799
44,171.25,0.85629999999999995008,0.85629999999999995008
45,171.25,0.92020000000000001794,0.92020000000000001794
46,171.25,0.84989999999999998881,0.84989999999999998881
47,171.25,0.8010000000000000453,0.8010000000000000453
48,171.25,0.8527000000000000135,0.8527000000000000135
49,171.25,0.98570000000000002061,0.98570000000000002061
50,171.25,0.92310000000000003162,0.92310000000000003162
51,171.25,0.45910000000000000808,0.45910000000000000808
52,171.25,0.09170000000000000373,0.09170000000000000373
53,171.25,0.018399999999999999689,0.018399999999999999689
54,171.25,0.022999999999999999611,0.022999999999999999611
55,171.25,0.020000000000000000416,0.020000000000000000416
56,171.25,0.011199999999999999886,0.011199999999999999886
57,171.25,0.040099999999999996758,0.040099999999999996758
58,171.25,0.021399999999999998884,0.021399999999999998884
59,171.25,0.014999999999999999445,0.014999999999999999445
60,171.25,0.0041999999999999997405,0.0041999999999999997405
61,171.25,0.0017999999999999999507,0.0017999999999999999507
62,171.25,0.11809999999999999665,0.11809999999999999665
63,171.25,0.066400000000000000688,0.066400000000000000688
64,171.25,0.0080999999999999995615,0.0080999999999999995615
65,171.25,0.002500000000000000052,0.002500000000000000052
66,171.25,0.00059999999999999994744,0.00059999999999999994744
67,171.25,0.01490000000000000005,0.01490000000000000005
68,171.25,0.14230000000000000981,0.14230000000000000981
69,171.25,0.066799999999999998268,0.066799999999999998268
70,171.25,0.024699999999999999734,0.024699999999999999734
-69,172.5,0.90720000000000000639,0.90720000000000000639
-68,172.5,0.96020000000000005347,0.96020000000000005347
-67,172.5,0.88919999999999999041,0.88919999999999999041
-66,172.5,0.98280000000000000693,0.98280000000000000693
-65,172.5,0.94679999999999997495,0.94679999999999997495
-64,172.5,0.96899999999999997247,0.96899999999999997247
-63,172.5,0.90339999999999998082,0.90339999999999998082
-62,172.5,0.54869999999999996554,0.54869999999999996554
-61,172.5,0.60299999999999998046,0.60299999999999998046
-60,172.5,0.69230000000000002647,0.69230000000000002647
-59,172.5,0.78890000000000004565,0.78890000000000004565
-58,172.5,0.74160000000000003695,0.74160000000000003695
-57,172.5,0.33489999999999997549,0.33489999999999997549
-56,172.5,0.23019999999999998797,0.23019999999999998797
-55,172.5,0.42530000000000001137,0.42530000000000001137
-54,172.5,0.47339999999999998748,0.47339999999999998748
-53,172.5,0.56399999999999994582,0.56399999999999994582
-52,172.5,0.22029999999999999583,0.22029999999999999583
-51,172.5,0.22309999999999999276,0.22309999999999999276
-50,172.5,0.48139999999999999458,0.48139999999999999458
-49,172.5,0.5463999999999999968,0.5463999999999999968
-48,172.5,0.80749999999999999556,0.80749999999999999556
-47,172.5,0.82630000000000003446,0.82630000000000003446
-46,172.5,0.24340000000000000524,0.24340000000000000524
-45,172.5,0.091100000000000000422,0.091100000000000000422
-44,172.5,0.50490000000000001545,0.50490000000000001545
-43,172.5,0.47689999999999999059,0.47689999999999999059
-42,172.5,0.4822000000000000175,0.4822000000000000175
-41,172.5,0.47789999999999999147,0.47789999999999999147
-40,172.5,0.93700000000000005507,0.93700000000000005507
-39,172.5,0.82579999999999997851,0.82579999999999997851
-38,172.5,0.74770000000000003126,0.74770000000000003126
-37,172.5,0.65629999999999999449,0.65629999999999999449
-36,172.5,0.74190000000000000391,0.74190000000000000391
-35,172.5,0.79010000000000002451,0.79010000000000002451
-34,172.5,0.98660000000000003251,0.98660000000000003251
-33,172.5,0.72440000000000004388,0.72440000000000004388
-32,172.5,0.83540000000000003144,0.83540000000000003144
-31,172.5,0.63000000000000000444,0.63000000000000000444
-30,172.5,0.69420000000000003926,0.69420000000000003926
-29,172.5,0.80159999999999997922,0.80159999999999997922
-28,172.5,0.77869999999999994778,0.77869999999999994778
-27,172.5,0.68069999999999997176,0.68069999999999997176
-26,172.5,0.8054000000000000048,0.8054000000000000048
-25,172.5,0.96570000000000000284,0.96570000000000000284
-24,172.5,0.88500000000000000888,0.88500000000000000888
-23,172.5,0.63400000000000000799,0.63400000000000000799
-22,172.5,0.38469999999999998641,0.38469999999999998641
-21,172.5,0.18649999999999999911,0.18649999999999999911
-20,172.5,0.16680000000000000382,0.16680000000000000382
-19,172.5,0.11060000000000000386,0.11060000000000000386
-18,172.5,0.091300000000000006151,0.091300000000000006151
-17,172.5,0.036200000000000003009,0.036200000000000003009
-16,172.5,0.022300000000000000377,0.022300000000000000377
-15,172.5,0.015299999999999999364,0.015299999999999999364
-14,172.5,0.015199999999999999969,0.015199999999999999969
-13,172.5,0.0063000000000000000444,0.0063000000000000000444
-12,172.5,0.0037000000000000001638,0.0037000000000000001638
-11,172.5,0.14540000000000000147,0.14540000000000000147
-10,172.5,0.87700000000000000178,0.87700000000000000178
-9,172.5,0.19489999999999998992,0.19489999999999998992
-8,172.5,0.01170000000000000033,0.01170000000000000033
-7,172.5,0.00010000000000000000479,0.00010000000000000000479
-6,172.5,0,0
-5,172.5,0,0
-4,172.5,0,0
-3,172.5,0,0
-2,172.5,0,0
-1,172.5,0,0
0,172.5,0,0
1,172.5,0,0
2,172.5,0,0
3,172.5,0.00029999999999999997372,0.00029999999999999997372
4,172.5,0.0060000000000000001249,0.0060000000000000001249
5,172.5,0.3106999999999999762,0.3106999999999999762
6,172.5,0.3311999999999999944,0.3311999999999999944
7,172.5,0.016799999999999998962,0.016799999999999998962
8,172.5,0.011900000000000000855,0.011900000000000000855
9,172.5,0.040800000000000002931,0.040800000000000002931
10,172.5,0.31359999999999998987,0.31359999999999998987
11,172.5,0.60540000000000004921,0.60540000000000004921
12,172.5,0.8632999999999999563,0.8632999999999999563
13,172.5,0.8418999999999999817,0.8418999999999999817
14,172.5,0.76380000000000003446,0.76380000000000003446
15,172.5,0.56910000000000005027,0.56910000000000005027
16,172.5,0.19509999999999999565,0.19509999999999999565
17,172.5,0.10539999999999999369,0.10539999999999999369
18,172.5,0.057700000000000001288,0.057700000000000001288
19,172.5,0.015400000000000000494,0.015400000000000000494
20,172.5,0.0057000000000000002054,0.0057000000000000002054
21,172.5,0.0061000000000000003872,0.0061000000000000003872
22,172.5,0.016799999999999998962,0.016799999999999998962
23,172.5,0.01490000000000000005,0.01490000000000000005
24,172.5,0.012900000000000000008,0.012900000000000000008
25,172.5,0.009599999999999999159,0.009599999999999999159
26,172.5,0.034000000000000002442,0.034000000000000002442
27,172.5,0.073999999999999996336,0.073999999999999996336
28,172.5,0.029499999999999998446,0.029499999999999998446
29,172.5,0.068099999999999993872,0.068099999999999993872
30,172.5,0.088499999999999995337,0.088499999999999995337
31,172.5,0.15879999999999999671,0.15879999999999999671
32,172.5,0.20100000000000001199,0.20100000000000001199
33,172.5,0.23739999999999999991,0.23739999999999999991
34,172.5,0.20840000000000000191,0.20840000000000000191
35,172.5,0.25430000000000002602,0.25430000000000002602
36,172.5,0.21079999999999998739,0.21079999999999998739
37,172.5,0.53539999999999998703,0.53539999999999998703
38,172.5,0.8679000000000000048,0.8679000000000000048
39,172.5,0.85689999999999999503,0.85689999999999999503
40,172.5,0.96579999999999999183,0.96579999999999999183
41,172.5,0.83870000000000000107,0.83870000000000000107
42,172.5,0.88549999999999995381,0.88549999999999995381
43,172.5,0.76870000000000004992,0.76870000000000004992
44,172.5,0.9474000000000000199,0.9474000000000000199
45,172.5,0.9340000000000000524,0.9340000000000000524
46,172.5,0.94499999999999995115,0.94499999999999995115
47,172.5,0.76209999999999999964,0.76209999999999999964
48,172.5,0.88339999999999996305,0.88339999999999996305
49,172.5,0.99450000000000005063,0.99450000000000005063
50,172.5,0.94110000000000004761,0.94110000000000004761
51,172.5,0.60519999999999996021,0.60519999999999996021
52,172.5,0.1597999999999999976,0.1597999999999999976
53,172.5,0.060999999999999998668,0.060999999999999998668
54,172.5,0.044299999999999999101,0.044299999999999999101
55,172.5,0.016600000000000000172,0.016600000000000000172
56,172.5,0.012300000000000000169,0.012300000000000000169
57,172.5,0.049599999999999998257,0.049599999999999998257
58,172.5,0.069199999999999997624,0.069199999999999997624
59,172.5,0.049099999999999997813,0.049099999999999997813
60,172.5,0.011499999999999999806,0.011499999999999999806
61,172.5,0.0030999999999999998911,0.0030999999999999998911
62,172.5,0.043299999999999998213,0.043299999999999998213
63,172.5,0.10960000000000000298,0.10960000000000000298
64,172.5,0.047899999999999998135,0.047899999999999998135
65,172.5,0.0051999999999999997613,0.0051999999999999997613
66,172.5,0.0013999999999999999858,0.0013999999999999999858
67,172.5,0.012399999999999999564,0.012399999999999999564
68,172.5,0.055699999999999999512,0.055699999999999999512
69,172.5,0.060799999999999999878,0.060799999999999999878
70,172.5,0.018399999999999999689,0.018399999999999999689
-69,173.75,0.87900000000000000355,0.87900000000000000355
-68,173.75,0.97030000000000005134,0.97030000000000005134
-67,173.75,0.92379999999999995453,0.92379999999999995453
-66,173.75,0.9706000000000000183,0.9706000000000000183
-65,173.75,0.93379999999999996341,0.93379999999999996341
-64,173.75,0.97899999999999998135,0.97899999999999998135
-63,173.75,0.90500000000000002665,0.90500000000000002665
-62,173.75,0.75060000000000004494,0.75060000000000004494
-61,173.75,0.67210000000000003073,0.67210000000000003073
-60,173.75,0.85819999999999996287,0.85819999999999996287
-59,173.75,0.80879999999999996341,0.80879999999999996341
-58,173.75,0.76749999999999996003,0.76749999999999996003
-57,173.75,0.49399999999999999467,0.49399999999999999467
-56,173.75,0.39140000000000002567,0.39140000000000002567
-55,173.75,0.45390000000000002567,0.45390000000000002567
-54,173.75,0.37469999999999997753,0.37469999999999997753
-53,173.75,0.37440000000000001057,0.37440000000000001057
-52,173.75,0.14590000000000000191,0.14590000000000000191
-51,173.75,0.17619999999999999551,0.17619999999999999551
-50,173.75,0.48030000000000000471,0.48030000000000000471
-49,173.75,0.57010000000000005116,0.57010000000000005116
-48,173.75,0.81840000000000001634,0.81840000000000001634
-47,173.75,0.89480000000000003979,0.89480000000000003979
-46,173.75,0.068000000000000004885,0.068000000000000004885
-45,173.75,0.056399999999999998745,0.056399999999999998745
-44,173.75,0.2561999999999999833,0.2561999999999999833
-43,173.75,0.46550000000000002487,0.46550000000000002487
-42,173.75,0.27850000000000002531,0.27850000000000002531
-41,173.75,0.30990000000000000879,0.30990000000000000879
-40,173.75,0.59430000000000005045,0.59430000000000005045
-39,173.75,0.44719999999999998641,0.44719999999999998641
-38,173.75,0.50460000000000004849,0.50460000000000004849
-37,173.75,0.56200000000000005507,0.56200000000000005507
-36,173.75,0.89570000000000005169,0.89570000000000005169
-35,173.75,0.99409999999999998366,0.99409999999999998366
-34,173.75,0.92349999999999998757,0.92349999999999998757
-33,173.75,0.90590000000000003855,0.90590000000000003855
-32,173.75,0.92090000000000005187,0.92090000000000005187
-31,173.75,0.97760000000000002451,0.97760000000000002451
-30,173.75,0.89959999999999995524,0.89959999999999995524
-29,173.75,0.84440000000000003944,0.84440000000000003944
-28,173.75,0.82479999999999997762,0.82479999999999997762
-27,173.75,0.81820000000000003837,0.81820000000000003837
-26,173.75,0.75039999999999995595,0.75039999999999995595
-25,173.75,0.74960000000000004405,0.74960000000000004405
-24,173.75,0.69550000000000000711,0.69550000000000000711
-23,173.75,0.57110000000000005205,0.57110000000000005205
-22,173.75,0.38810000000000000053,0.38810000000000000053
-21,173.75,0.19229999999999999871,0.19229999999999999871
-20,173.75,0.12360000000000000153,0.12360000000000000153
-19,173.75,0.120499999999999996,0.120499999999999996
-18,173.75,0.10440000000000000668,0.10440000000000000668
-17,173.75,0.024299999999999998684,0.024299999999999998684
-16,173.75,0.012900000000000000008,0.012900000000000000008
-15,173.75,0.0091999999999999998446,0.0091999999999999998446
-14,173.75,0.0030999999999999998911,0.0030999999999999998911
-13,173.75,0.0016000000000000000767,0.0016000000000000000767
-12,173.75,0.0017999999999999999507,0.0017999999999999999507
-11,173.75,0.16609999999999999765,0.16609999999999999765
-10,173.75,0.71009999999999995346,0.71009999999999995346
-9,173.75,0.20460000000000000409,0.20460000000000000409
-8,173.75,0.010200000000000000733,0.010200000000000000733
-7,173.75,0.00040000000000000001917,0.00040000000000000001917
-6,173.75,0,0
-5,173.75,0,0
-4,173.75,0,0
-3,173.75,0,0
-2,173.75,0,0
-1,173.75,0,0
0,173.75,0,0
1,173.75,0,0
2,173.75,0,0
3,173.75,0,0
4,173.75,0.0051000000000000003664,0.0051000000000000003664
5,173.75,0.2874999999999999778,0.2874999999999999778
6,173.75,0.41029999999999999805,0.41029999999999999805
7,173.75,0.026800000000000000905,0.026800000000000000905
8,173.75,0.011100000000000000491,0.011100000000000000491
9,173.75,0.039199999999999998734,0.039199999999999998734
10,173.75,0.25959999999999999742,0.25959999999999999742
11,173.75,0.62570000000000003393,0.62570000000000003393
12,173.75,0.88690000000000002167,0.88690000000000002167
13,173.75,0.90510000000000001563,0.90510000000000001563
14,173.75,0.82320000000000004281,0.82320000000000004281
15,173.75,0.65920000000000000817,0.65920000000000000817
16,173.75,0.26650000000000001465,0.26650000000000001465
17,173.75,0.12540000000000001146,0.12540000000000001146
18,173.75,0.067000000000000003997,0.067000000000000003997
19,173.75,0.01170000000000000033,0.01170000000000000033
20,173.75,0.0027999999999999999716,0.0027999999999999999716
21,173.75,0.0043000000000000000028,0.0043000000000000000028
22,173.75,0.010899999999999999967,0.010899999999999999967
23,173.75,0.01490000000000000005,0.01490000000000000005
24,173.75,0.028299999999999998768,0.028299999999999998768
25,173.75,0.020799999999999999045,0.020799999999999999045
26,173.75,0.030900000000000000383,0.030900000000000000383
27,173.75,0.065699999999999994515,0.065699999999999994515
28,173.75,0.029000000000000001471,0.029000000000000001471
29,173.75,0.024500000000000000944,0.024500000000000000944
30,173.75,0.058400000000000000522,0.058400000000000000522
31,173.75,0.13109999999999999432,0.13109999999999999432
32,173.75,0.3411000000000000143,0.3411000000000000143
33,173.75,0.49299999999999999378,0.49299999999999999378
34,173.75,0.39989999999999997771,0.39989999999999997771
35,173.75,0.40310000000000001386,0.40310000000000001386
36,173.75,0.44959999999999999964,0.44959999999999999964
37,173.75,0.4900999999999999801,0.4900999999999999801
38,173.75,0.94289999999999996039,0.94289999999999996039
39,173.75,0.68989999999999995772,0.68989999999999995772
40,173.75,0.59119999999999994778,0.59119999999999994778
41,173.75,0.90690000000000003944,0.90690000000000003944
42,173.75,0.90869999999999995222,0.90869999999999995222
43,173.75,0.72960000000000002629,0.72960000000000002629
44,173.75,0.91190000000000004388,0.91190000000000004388
45,173.75,0.95209999999999994635,0.95209999999999994635
46,173.75,0.92940000000000000391,0.92940000000000000391
47,173.75,0.8588999999999999968,0.8588999999999999968
48,173.75,0.98160000000000002807,0.98160000000000002807
49,173.75,0.98699999999999998845,0.98699999999999998845
50,173.75,0.95130000000000003446,0.95130000000000003446
51,173.75,0.92659999999999997922,0.92659999999999997922
52,173.75,0.28999999999999998002,0.28999999999999998002
53,173.75,0.14189999999999999836,0.14189999999999999836
54,173.75,0.11719999999999999862,0.11719999999999999862
55,173.75,0.036499999999999997724,0.036499999999999997724
56,173.75,0.020299999999999998601,0.020299999999999998601
57,173.75,0.048099999999999996925,0.048099999999999996925
58,173.75,0.14660000000000000808,0.14660000000000000808
59,173.75,0.10430000000000000382,0.10430000000000000382
60,173.75,0.034200000000000001232,0.034200000000000001232
61,173.75,0.0033999999999999998106,0.0033999999999999998106
62,173.75,0.014999999999999999445,0.014999999999999999445
63,173.75,0.17489999999999999991,0.17489999999999999991
64,173.75,0.08300000000000000433,0.08300000000000000433
65,173.75,0.0047000000000000001846,0.0047000000000000001846
66,173.75,0.008300000000000000086,0.008300000000000000086
67,173.75,0.0088999999999999999251,0.0088999999999999999251
68,173.75,0.027900000000000001188,0.027900000000000001188
69,173.75,0.076899999999999996136,0.076899999999999996136
70,173.75,0.011799999999999999725,0.011799999999999999725
-69,175,0.82140000000000001901,0.82140000000000001901
-68,175,0.92820000000000002505,0.92820000000000002505
-67,175,0.95569999999999999396,0.95569999999999999396
-66,175,0.96279999999999998916,0.96279999999999998916
-65,175,0.93289999999999995151,0.93289999999999995151
-64,175,0.99119999999999996998,0.99119999999999996998
-63,175,0.94779999999999997584,0.94779999999999997584
-62,175,0.81320000000000003393,0.81320000000000003393
-61,175,0.6197000000000000286,0.6197000000000000286
-60,175,0.9526999999999999913,0.9526999999999999913
-59,175,0.75160000000000004583,0.75160000000000004583
-58,175,0.74050000000000004707,0.74050000000000004707
-57,175,0.64100000000000001421,0.64100000000000001421
-56,175,0.57579999999999997851,0.57579999999999997851
-55,175,0.48790000000000000036,0.48790000000000000036
-54,175,0.26179999999999997717,0.26179999999999997717
-53,175,0.22170000000000000817,0.22170000000000000817
-52,175,0.15900000000000000244,0.15900000000000000244
-51,175,0.16830000000000000515,0.16830000000000000515
-50,175,0.40200000000000002398,0.40200000000000002398
-49,175,0.63560000000000005382,0.63560000000000005382
-48,175,0.7778000000000000469,0.7778000000000000469
-47,175,0.83179999999999998384,0.83179999999999998384
-46,175,0.072999999999999995448,0.072999999999999995448
-45,175,0.081600000000000005862,0.081600000000000005862
-44,175,0.18410000000000001363,0.18410000000000001363
-43,175,0.40610000000000001652,0.40610000000000001652
-42,175,0.21699999999999999845,0.21699999999999999845
-41,175,0.22129999999999999671,0.22129999999999999671
-40,175,0.26329999999999997851,0.26329999999999997851
-39,175,0.33510000000000000897,0.33510000000000000897
-38,175,0.36749999999999999334,0.36749999999999999334
-37,175,0.7072000000000000508,0.7072000000000000508
-36,175,0.99480000000000001759,0.99480000000000001759
-35,175,0.98550000000000004263,0.98550000000000004263
-34,175,0.88360000000000005205,0.88360000000000005205
-33,175,0.75129999999999996785,0.75129999999999996785
-32,175,0.85260000000000002451,0.85260000000000002451
-31,175,0.99329999999999996074,0.99329999999999996074
-30,175,0.8366000000000000103,0.8366000000000000103
-29,175,0.81049999999999999822,0.81049999999999999822
-28,175,0.80800000000000005151,0.80800000000000005151
-27,175,0.87690000000000001279,0.87690000000000001279
-26,175,0.77300000000000002043,0.77300000000000002043
-25,175,0.6992000000000000437,0.6992000000000000437
-24,175,0.50680000000000002824,0.50680000000000002824
-23,175,0.47620000000000001217,0.47620000000000001217
-22,175,0.31730000000000002647,0.31730000000000002647
-21,175,0.12439999999999999669,0.12439999999999999669
-20,175,0.11160000000000000475,0.11160000000000000475
-19,175,0.11000000000000000056,0.11000000000000000056
-18,175,0.070099999999999995648,0.070099999999999995648
-17,175,0.01200000000000000025,0.01200000000000000025
-16,175,0.0063000000000000000444,0.0063000000000000000444
-15,175,0.0057999999999999996003,0.0057999999999999996003
-14,175,0.0020000000000000000416,0.0020000000000000000416
-13,175,0.00059999999999999994744,0.00059999999999999994744
-12,175,0.0023999999999999997898,0.0023999999999999997898
-11,175,0.21900000000000000022,0.21900000000000000022
-10,175,0.69999999999999995559,0.69999999999999995559
-9,175,0.17480000000000001092,0.17480000000000001092
-8,175,0.0033999999999999998106,0.0033999999999999998106
-7,175,0.00089999999999999997537,0.00089999999999999997537
-6,175,0,0
-5,175,0,0
-4,175,0,0
-3,175,0,0
-2,175,0,0
-1,175,0,0
0,175,0,0
1,175,0,0
2,175,0,0
3,175,0.00010000000000000000479,0.00010000000000000000479
4,175,0.0030999999999999998911,0.0030999999999999998911
5,175,0.17569999999999999507,0.17569999999999999507
6,175,0.55249999999999999112,0.55249999999999999112
7,175,0.029100000000000000866,0.029100000000000000866
8,175,0.011799999999999999725,0.011799999999999999725
9,175,0.041099999999999997646,0.041099999999999997646
10,175,0.25859999999999999654,0.25859999999999999654
11,175,0.6534999999999999698,0.6534999999999999698
12,175,0.86570000000000002505,0.86570000000000002505
13,175,0.9393000000000000238,0.9393000000000000238
14,175,0.86680000000000001492,0.86680000000000001492
15,175,0.71789999999999998259,0.71789999999999998259
16,175,0.25190000000000001279,0.25190000000000001279
17,175,0.092399999999999996025,0.092399999999999996025
18,175,0.041099999999999997646,0.041099999999999997646
19,175,0.007799999999999999642,0.007799999999999999642
20,175,0.0022999999999999999611,0.0022999999999999999611
21,175,0.0032000000000000001533,0.0032000000000000001533
22,175,0.00449999999999999966,0.00449999999999999966
23,175,0.011199999999999999886,0.011199999999999999886
24,175,0.026100000000000001671,0.026100000000000001671
25,175,0.047100000000000002975,0.047100000000000002975
26,175,0.061100000000000001532,0.061100000000000001532
27,175,0.057399999999999999634,0.057399999999999999634
28,175,0.034000000000000002442,0.034000000000000002442
29,175,0.024299999999999998684,0.024299999999999998684
30,175,0.043200000000000002287,0.043200000000000002287
31,175,0.11890000000000000568,0.11890000000000000568
32,175,0.35570000000000001616,0.35570000000000001616
33,175,0.76629999999999998117,0.76629999999999998117
34,175,0.6723000000000000087,0.6723000000000000087
35,175,0.53229999999999999538,0.53229999999999999538
36,175,0.70579999999999998295,0.70579999999999998295
37,175,0.68259999999999998455,0.68259999999999998455
38,175,0.88749999999999995559,0.88749999999999995559
39,175,0.44619999999999998552,0.44619999999999998552
40,175,0.37640000000000001235,0.37640000000000001235
41,175,0.49540000000000000702,0.49540000000000000702
42,175,0.66749999999999998224,0.66749999999999998224
43,175,0.6500000000000000222,0.6500000000000000222
44,175,0.71370000000000000107,0.71370000000000000107
45,175,0.94379999999999997229,0.94379999999999997229
46,175,0.99160000000000003695,0.99160000000000003695
47,175,0.97089999999999998526,0.97089999999999998526
48,175,0.99239999999999994884,0.99239999999999994884
49,175,0.99219999999999997087,0.99219999999999997087
50,175,0.96209999999999995524,0.96209999999999995524
51,175,0.98890000000000000124,0.98890000000000000124
52,175,0.70830000000000004068,0.70830000000000004068
53,175,0.41870000000000001661,0.41870000000000001661
54,175,0.18959999999999999076,0.18959999999999999076
55,175,0.07720000000000000473,0.07720000000000000473
56,175,0.055399999999999997857,0.055399999999999997857
57,175,0.096600000000000005307,0.096600000000000005307
58,175,0.37640000000000001235,0.37640000000000001235
59,175,0.24360000000000001097,0.24360000000000001097
60,175,0.088700000000000001066,0.088700000000000001066
61,175,0.0075999999999999999847,0.0075999999999999999847
62,175,0.016299999999999998518,0.016299999999999998518
63,175,0.43399999999999999689,0.43399999999999999689
64,175,0.20899999999999999134,0.20899999999999999134
65,175,0.022200000000000000983,0.022200000000000000983
66,175,0.017299999999999999406,0.017299999999999999406
67,175,0.020400000000000001465,0.020400000000000001465
68,175,0.055199999999999999067,0.055199999999999999067
69,175,0.097000000000000002887,0.097000000000000002887
70,175,0.010200000000000000733,0.010200000000000000733
-69,176.25,0.68999999999999994671,0.68999999999999994671
-68,176.25,0.78790000000000004476,0.78790000000000004476
-67,176.25,0.94620000000000004103,0.94620000000000004103
-66,176.25,0.98089999999999999414,0.98089999999999999414
-65,176.25,0.95969999999999999751,0.95969999999999999751
-64,176.25,0.98709999999999997744,0.98709999999999997744
-63,176.25,0.94410000000000005027,0.94410000000000005027
-62,176.25,0.74890000000000001013,0.74890000000000001013
-61,176.25,0.6590000000000000302,0.6590000000000000302
-60,176.25,0.95460000000000000409,0.95460000000000000409
-59,176.25,0.70260000000000000231,0.70260000000000000231
-58,176.25,0.67500000000000004441,0.67500000000000004441
-57,176.25,0.90729999999999999538,0.90729999999999999538
-56,176.25,0.74919999999999997708,0.74919999999999997708
-55,176.25,0.33839999999999997859,0.33839999999999997859
-54,176.25,0.10879999999999999394,0.10879999999999999394
-53,176.25,0.14999999999999999445,0.14999999999999999445
-52,176.25,0.14569999999999999618,0.14569999999999999618
-51,176.25,0.12970000000000000973,0.12970000000000000973
-50,176.25,0.3025999999999999801,0.3025999999999999801
-49,176.25,0.64410000000000000586,0.64410000000000000586
-48,176.25,0.94589999999999996305,0.94589999999999996305
-47,176.25,0.43190000000000000613,0.43190000000000000613
-46,176.25,0.23589999999999999858,0.23589999999999999858
-45,176.25,0.21310000000000001164,0.21310000000000001164
-44,176.25,0.23539999999999999813,0.23539999999999999813
-43,176.25,0.14249999999999998779,0.14249999999999998779
-42,176.25,0.17510000000000000564,0.17510000000000000564
-41,176.25,0.12230000000000000593,0.12230000000000000593
-40,176.25,0.13550000000000000933,0.13550000000000000933
-39,176.25,0.17840000000000000302,0.17840000000000000302
-38,176.25,0.31080000000000002069,0.31080000000000002069
-37,176.25,0.70299999999999995826,0.70299999999999995826
-36,176.25,0.98329999999999995186,0.98329999999999995186
-35,176.25,0.85029999999999994476,0.85029999999999994476
-34,176.25,0.69440000000000001723,0.69440000000000001723
-33,176.25,0.79769999999999996465,0.79769999999999996465
-32,176.25,0.77259999999999995346,0.77259999999999995346
-31,176.25,0.92090000000000005187,0.92090000000000005187
-30,176.25,0.83720000000000005524,0.83720000000000005524
-29,176.25,0.67569999999999996732,0.67569999999999996732
-28,176.25,0.81910000000000005027,0.81910000000000005027
-27,176.25,0.81979999999999997318,0.81979999999999997318
-26,176.25,0.63729999999999997762,0.63729999999999997762
-25,176.25,0.65580000000000004956,0.65580000000000004956
-24,176.25,0.34679999999999999716,0.34679999999999999716
-23,176.25,0.25530000000000002691,0.25530000000000002691
-22,176.25,0.12870000000000000884,0.12870000000000000884
-21,176.25,0.069699999999999998068,0.069699999999999998068
-20,176.25,0.071099999999999996536,0.071099999999999996536
-19,176.25,0.073200000000000001177,0.073200000000000001177
-18,176.25,0.049200000000000000677,0.049200000000000000677
-17,176.25,0.010099999999999999603,0.010099999999999999603
-16,176.25,0.00449999999999999966,0.00449999999999999966
-15,176.25,0.0057000000000000002054,0.0057000000000000002054
-14,176.25,0.00449999999999999966,0.00449999999999999966
-13,176.25,0.0023999999999999997898,0.0023999999999999997898
-12,176.25,0.013299999999999999323,0.013299999999999999323
-11,176.25,0.35939999999999999725,0.35939999999999999725
-10,176.25,0.55020000000000002238,0.55020000000000002238
-9,176.25,0.091300000000000006151,0.091300000000000006151
-8,176.25,0.0016999999999999999053,0.0016999999999999999053
-7,176.25,0.00029999999999999997372,0.00029999999999999997372
-6,176.25,0,0
-5,176.25,0,0
-4,176.25,0,0
-3,176.25,0,0
-2,176.25,0,0
-1,176.25,0,0
0,176.25,0,0
1,176.25,0,0
2,176.25,0,0
3,176.25,0,0
4,176.25,0.0016999999999999999053,0.0016999999999999999053
5,176.25,0.16170000000000001039,0.16170000000000001039
6,176.25,0.59309999999999996056,0.59309999999999996056
7,176.25,0.012500000000000000694,0.012500000000000000694
8,176.25,0.0032000000000000001533,0.0032000000000000001533
9,176.25,0.024699999999999999734,0.024699999999999999734
10,176.25,0.16489999999999999103,0.16489999999999999103
11,176.25,0.57669999999999999041,0.57669999999999999041
12,176.25,0.83350000000000001865,0.83350000000000001865
13,176.25,0.95179999999999997939,0.95179999999999997939
14,176.25,0.93859999999999998987,0.93859999999999998987
15,176.25,0.73619999999999996554,0.73619999999999996554
16,176.25,0.3134000000000000119,0.3134000000000000119
17,176.25,0.10680000000000000604,0.10680000000000000604
18,176.25,0.021799999999999999933,0.021799999999999999933
19,176.25,0.013799999999999999767,0.013799999999999999767
20,176.25,0.008399999999999999481,0.008399999999999999481
21,176.25,0.0030999999999999998911,0.0030999999999999998911
22,176.25,0.0015000000000000000312,0.0015000000000000000312
23,176.25,0.0041000000000000003456,0.0041000000000000003456
24,176.25,0.026399999999999999856,0.026399999999999999856
25,176.25,0.070599999999999996092,0.070599999999999996092
26,176.25,0.10810000000000000164,0.10810000000000000164
27,176.25,0.11930000000000000326,0.11930000000000000326
28,176.25,0.072700000000000000733,0.072700000000000000733
29,176.25,0.044200000000000003175,0.044200000000000003175
30,176.25,0.064299999999999996048,0.064299999999999996048
31,176.25,0.1414999999999999869,0.1414999999999999869
32,176.25,0.34060000000000001386,0.34060000000000001386
33,176.25,0.84340000000000003855,0.84340000000000003855
34,176.25,0.80340000000000000302,0.80340000000000000302
35,176.25,0.58379999999999998561,0.58379999999999998561
36,176.25,0.70460000000000000409,0.70460000000000000409
37,176.25,0.75629999999999997229,0.75629999999999997229
38,176.25,0.74190000000000000391,0.74190000000000000391
39,176.25,0.35220000000000001306,0.35220000000000001306
40,176.25,0.45839999999999997415,0.45839999999999997415
41,176.25,0.45290000000000002478,0.45290000000000002478
42,176.25,0.71379999999999999005,0.71379999999999999005
43,176.25,0.52729999999999999094,0.52729999999999999094
44,176.25,0.65749999999999997335,0.65749999999999997335
45,176.25,0.79690000000000005276,0.79690000000000005276
46,176.25,0.93379999999999996341,0.93379999999999996341
47,176.25,0.99080000000000001403,0.99080000000000001403
48,176.25,0.95350000000000001421,0.95350000000000001421
49,176.25,0.99499999999999999556,0.99499999999999999556
50,176.25,0.9758999999999999897,0.9758999999999999897
51,176.25,0.97850000000000003642,0.97850000000000003642
52,176.25,0.79930000000000001048,0.79930000000000001048
53,176.25,0.51759999999999994902,0.51759999999999994902
54,176.25,0.39250000000000001554,0.39250000000000001554
55,176.25,0.18329999999999999072,0.18329999999999999072
56,176.25,0.33219999999999999529,0.33219999999999999529
57,176.25,0.15879999999999999671,0.15879999999999999671
58,176.25,0.63129999999999997229,0.63129999999999997229
59,176.25,0.50749999999999995115,0.50749999999999995115
60,176.25,0.22379999999999999893,0.22379999999999999893
61,176.25,0.045900000000000003297,0.045900000000000003297
62,176.25,0.049000000000000001887,0.049000000000000001887
63,176.25,0.85019999999999995577,0.85019999999999995577
64,176.25,0.35439999999999999281,0.35439999999999999281
65,176.25,0.043400000000000001077,0.043400000000000001077
66,176.25,0.028699999999999999817,0.028699999999999999817
67,176.25,0.037699999999999997402,0.037699999999999997402
68,176.25,0.13289999999999999036,0.13289999999999999036
69,176.25,0.23730000000000001092,0.23730000000000001092
70,176.25,0.010500000000000000652,0.010500000000000000652
-69,177.5,0.52249999999999996447,0.52249999999999996447
-68,177.5,0.6670000000000000373,0.6670000000000000373
-67,177.5,0.93579999999999996518,0.93579999999999996518
-66,177.5,0.9929000000000000048,0.9929000000000000048
-65,177.5,0.97119999999999995222,0.97119999999999995222
-64,177.5,0.97670000000000001261,0.97670000000000001261
-63,177.5,0.86060000000000003162,0.86060000000000003162
-62,177.5,0.76939999999999997282,0.76939999999999997282
-61,177.5,0.78790000000000004476,0.78790000000000004476
-60,177.5,0.98050000000000003819,0.98050000000000003819
-59,177.5,0.76910000000000000586,0.76910000000000000586
-58,177.5,0.8007999999999999563,0.8007999999999999563
-57,177.5,0.91979999999999995097,0.91979999999999995097
-56,177.5,0.8626000000000000334,0.8626000000000000334
-55,177.5,0.23089999999999999414,0.23089999999999999414
-54,177.5,0.078200000000000005618,0.078200000000000005618
-53,177.5,0.099000000000000004663,0.099000000000000004663
-52,177.5,0.12020000000000000129,0.12020000000000000129
-51,177.5,0.1433000000000000107,0.1433000000000000107
-50,177.5,0.42949999999999999289,0.42949999999999999289
-49,177.5,0.82050000000000000711,0.82050000000000000711
-48,177.5,0.88009999999999999343,0.88009999999999999343
-47,177.5,0.60899999999999998579,0.60899999999999998579
-46,177.5,0.37719999999999997975,0.37719999999999997975
-45,177.5,0.41239999999999998881,0.41239999999999998881
-44,177.5,0.27810000000000001386,0.27810000000000001386
-43,177.5,0.15599999999999999978,0.15599999999999999978
-42,177.5,0.13100000000000000533,0.13100000000000000533
-41,177.5,0.070900000000000004685,0.070900000000000004685
-40,177.5,0.14560000000000000719,0.14560000000000000719
-39,177.5,0.12230000000000000593,0.12230000000000000593
-38,177.5,0.18279999999999999027,0.18279999999999999027
-37,177.5,0.53180000000000005045,0.53180000000000005045
-36,177.5,0.86270000000000002238,0.86270000000000002238
-35,177.5,0.65010000000000001119,0.65010000000000001119
-34,177.5,0.75309999999999999165,0.75309999999999999165
-33,177.5,0.83770000000000000018,0.83770000000000000018
-32,177.5,0.84679999999999999716,0.84679999999999999716
-31,177.5,0.83940000000000003499,0.83940000000000003499
-30,177.5,0.48259999999999997344,0.48259999999999997344
-29,177.5,0.71389999999999997904,0.71389999999999997904
-28,177.5,0.80179999999999995719,0.80179999999999995719
-27,177.5,0.67359999999999997655,0.67359999999999997655
-26,177.5,0.62909999999999999254,0.62909999999999999254
-25,177.5,0.60070000000000001172,0.60070000000000001172
-24,177.5,0.41349999999999997868,0.41349999999999997868
-23,177.5,0.34470000000000000639,0.34470000000000000639
-22,177.5,0.16350000000000000644,0.16350000000000000644
-21,177.5,0.057299999999999996769,0.057299999999999996769
-20,177.5,0.036100000000000000144,0.036100000000000000144
-19,177.5,0.02089999999999999844,0.02089999999999999844
-18,177.5,0.035700000000000002565,0.035700000000000002565
-17,177.5,0.0027999999999999999716,0.0027999999999999999716
-16,177.5,0.0037000000000000001638,0.0037000000000000001638
-15,177.5,0.007799999999999999642,0.007799999999999999642
-14,177.5,0.012999999999999999403,0.012999999999999999403
-13,177.5,0.011299999999999999281,0.011299999999999999281
-12,177.5,0.055599999999999996647,0.055599999999999996647
-11,177.5,0.58870000000000000107,0.58870000000000000107
-10,177.5,0.43990000000000001323,0.43990000000000001323
-9,177.5,0.086499999999999993561,0.086499999999999993561
-8,177.5,0.0025999999999999998807,0.0025999999999999998807
-7,177.5,0,0
-6,177.5,0,0
-5,177.5,0,0
-4,177.5,0,0
-3,177.5,0,0
-2,177.5,0,0
-1,177.5,0,0
0,177.5,0,0
1,177.5,0,0
2,177.5,0,0
3,177.5,0,0
4,177.5,0.0011999999999999998949,0.0011999999999999998949
5,177.5,0.15210000000000001297,0.15210000000000001297
6,177.5,0.6751000000000000334,0.6751000000000000334
7,177.5,0.0067000000000000002262,0.0067000000000000002262
8,177.5,0.0020999999999999998702,0.0020999999999999998702
9,177.5,0.01760000000000000106,0.01760000000000000106
10,177.5,0.091300000000000006151,0.091300000000000006151
11,177.5,0.46279999999999998916,0.46279999999999998916
12,177.5,0.8635000000000000453,0.8635000000000000453
13,177.5,0.95969999999999999751,0.95969999999999999751
14,177.5,0.9597999999999999865,0.9597999999999999865
15,177.5,0.80889999999999995239,0.80889999999999995239
16,177.5,0.33560000000000000941,0.33560000000000000941
17,177.5,0.060799999999999999878,0.060799999999999999878
18,177.5,0.010500000000000000652,0.010500000000000000652
19,177.5,0.012999999999999999403,0.012999999999999999403
20,177.5,0.024099999999999999895,0.024099999999999999895
21,177.5,0.010800000000000000572,0.010800000000000000572
22,177.5,0.0022999999999999999611,0.0022999999999999999611
23,177.5,0.0027000000000000001429,0.0027000000000000001429
24,177.5,0.01200000000000000025,0.01200000000000000025
25,177.5,0.047100000000000002975,0.047100000000000002975
26,177.5,0.085699999999999998401,0.085699999999999998401
27,177.5,0.14590000000000000191,0.14590000000000000191
28,177.5,0.10509999999999999898,0.10509999999999999898
29,177.5,0.077399999999999996581,0.077399999999999996581
30,177.5,0.082799999999999998601,0.082799999999999998601
31,177.5,0.15329999999999999183,0.15329999999999999183
32,177.5,0.30209999999999997966,0.30209999999999997966
33,177.5,0.55930000000000001936,0.55930000000000001936
34,177.5,0.67059999999999997389,0.67059999999999997389
35,177.5,0.76849999999999996092,0.76849999999999996092
36,177.5,0.73280000000000000693,0.73280000000000000693
37,177.5,0.92220000000000001972,0.92220000000000001972
38,177.5,0.69059999999999999165,0.69059999999999999165
39,177.5,0.43909999999999999032,0.43909999999999999032
40,177.5,0.72009999999999996234,0.72009999999999996234
41,177.5,0.57809999999999994724,0.57809999999999994724
42,177.5,0.83930000000000004601,0.83930000000000004601
43,177.5,0.61209999999999997744,0.61209999999999997744
44,177.5,0.83489999999999997549,0.83489999999999997549
45,177.5,0.94069999999999998064,0.94069999999999998064
46,177.5,0.93149999999999999467,0.93149999999999999467
47,177.5,0.98289999999999999591,0.98289999999999999591
48,177.5,0.87890000000000001457,0.87890000000000001457
49,177.5,0.99250000000000004885,0.99250000000000004885
50,177.5,0.99170000000000002593,0.99170000000000002593
51,177.5,0.95040000000000002256,0.95040000000000002256
52,177.5,0.67449999999999998845,0.67449999999999998845
53,177.5,0.52059999999999995168,0.52059999999999995168
54,177.5,0.73660000000000003251,0.73660000000000003251
55,177.5,0.53830000000000000071,0.53830000000000000071
56,177.5,0.54579999999999995186,0.54579999999999995186
57,177.5,0.22780000000000000249,0.22780000000000000249
58,177.5,0.58499999999999996447,0.58499999999999996447
59,177.5,0.65400000000000002576,0.65400000000000002576
60,177.5,0.36609999999999998099,0.36609999999999998099
61,177.5,0.17699999999999999067,0.17699999999999999067
62,177.5,0.11200000000000000233,0.11200000000000000233
63,177.5,0.95330000000000003624,0.95330000000000003624
64,177.5,0.33839999999999997859,0.33839999999999997859
65,177.5,0.10730000000000000648,0.10730000000000000648
66,177.5,0.038999999999999999944,0.038999999999999999944
67,177.5,0.043599999999999999867,0.043599999999999999867
68,177.5,0.34010000000000001341,0.34010000000000001341
69,177.5,0.31030000000000002025,0.31030000000000002025
70,177.5,0.018399999999999999689,0.018399999999999999689
-69,178.75,0.38319999999999998508,0.38319999999999998508
-68,178.75,0.61450000000000004619,0.61450000000000004619
-67,178.75,0.90290000000000003588,0.90290000000000003588
-66,178.75,0.9965000000000000524,0.9965000000000000524
-65,178.75,0.93679999999999996607,0.93679999999999996607
-64,178.75,0.92730000000000001315,0.92730000000000001315
-63,178.75,0.65659999999999996145,0.65659999999999996145
-62,178.75,0.80049999999999998934,0.80049999999999998934
-61,178.75,0.89300000000000001599,0.89300000000000001599
-60,178.75,0.96830000000000004956,0.96830000000000004956
-59,178.75,0.9143000000000000016,0.9143000000000000016
-58,178.75,0.88480000000000003091,0.88480000000000003091
-57,178.75,0.77310000000000000941,0.77310000000000000941
-56,178.75,0.79349999999999998312,0.79349999999999998312
-55,178.75,0.25059999999999998943,0.25059999999999998943
-54,178.75,0.069800000000000000933,0.069800000000000000933
-53,178.75,0.089399999999999993361,0.089399999999999993361
-52,178.75,0.091200000000000003286,0.091200000000000003286
-51,178.75,0.28599999999999997646,0.28599999999999997646
-50,178.75,0.6293999999999999595,0.6293999999999999595
-49,178.75,0.96650000000000002576,0.96650000000000002576
-48,178.75,0.86990000000000000657,0.86990000000000000657
-47,178.75,0.98999999999999999112,0.98999999999999999112
-46,178.75,0.57940000000000002611,0.57940000000000002611
-45,178.75,0.39660000000000000808,0.39660000000000000808
-44,178.75,0.20690000000000000058,0.20690000000000000058
-43,178.75,0.2731999999999999984,0.2731999999999999984
-42,178.75,0.12570000000000000617,0.12570000000000000617
-41,178.75,0.11429999999999999882,0.11429999999999999882
-40,178.75,0.2116000000000000103,0.2116000000000000103
-39,178.75,0.15079999999999998961,0.15079999999999998961
-38,178.75,0.11300000000000000322,0.11300000000000000322
-37,178.75,0.12009999999999999842,0.12009999999999999842
-36,178.75,0.40550000000000002709,0.40550000000000002709
-35,178.75,0.45019999999999998908,0.45019999999999998908
-34,178.75,0.45610000000000000542,0.45610000000000000542
-33,178.75,0.90929999999999999716,0.90929999999999999716
-32,178.75,0.97560000000000002274,0.97560000000000002274
-31,178.75,0.91120000000000000995,0.91120000000000000995
-30,178.75,0.63190000000000001723,0.63190000000000001723
-29,178.75,0.67010000000000002895,0.67010000000000002895
-28,178.75,0.63549999999999995381,0.63549999999999995381
-27,178.75,0.48339999999999999636,0.48339999999999999636
-26,178.75,0.57150000000000000799,0.57150000000000000799
-25,178.75,0.56799999999999994937,0.56799999999999994937
-24,178.75,0.54090000000000004743,0.54090000000000004743
-23,178.75,0.54339999999999999414,0.54339999999999999414
-22,178.75,0.18190000000000000613,0.18190000000000000613
-21,178.75,0.039500000000000000389,0.039500000000000000389
-20,178.75,0.022300000000000000377,0.022300000000000000377
-19,178.75,0.0050000000000000001041,0.0050000000000000001041
-18,178.75,0.0037999999999999999924,0.0037999999999999999924
-17,178.75,0.0030000000000000000625,0.0030000000000000000625
-16,178.75,0.0055999999999999999431,0.0055999999999999999431
-15,178.75,0.0079000000000000007716,0.0079000000000000007716
-14,178.75,0.033799999999999996714,0.033799999999999996714
-13,178.75,0.026100000000000001671,0.026100000000000001671
-12,178.75,0.14879999999999998783,0.14879999999999998783
-11,178.75,0.75239999999999995772,0.75239999999999995772
-10,178.75,0.33239999999999997327,0.33239999999999997327
-9,178.75,0.043900000000000001521,0.043900000000000001521
-8,178.75,0.0047999999999999995795,0.0047999999999999995795
-7,178.75,0.00020000000000000000958,0.00020000000000000000958
-6,178.75,0,0
-5,178.75,0,0
-4,178.75,0,0
-3,178.75,0,0
-2,178.75,0,0
-1,178.75,0,0
0,178.75,0,0
1,178.75,0,0
2,178.75,0,0
3,178.75,0,0
4,178.75,0.00029999999999999997372,0.00029999999999999997372
5,178.75,0.092399999999999996025,0.092399999999999996025
6,178.75,0.81840000000000001634,0.81840000000000001634
7,178.75,0.015100000000000000575,0.015100000000000000575
8,178.75,0.0016999999999999999053,0.0016999999999999999053
9,178.75,0.014099999999999999686,0.014099999999999999686
10,178.75,0.061699999999999997902,0.061699999999999997902
11,178.75,0.32529999999999997806,0.32529999999999997806
12,178.75,0.78100000000000002753,0.78100000000000002753
13,178.75,0.9347999999999999643,0.9347999999999999643
14,178.75,0.95279999999999998028,0.95279999999999998028
15,178.75,0.8873999999999999666,0.8873999999999999666
16,178.75,0.38109999999999999432,0.38109999999999999432
17,178.75,0.094000000000000000222,0.094000000000000000222
18,178.75,0.021700000000000000538,0.021700000000000000538
19,178.75,0.015699999999999998679,0.015699999999999998679
20,178.75,0.022399999999999999772,0.022399999999999999772
21,178.75,0.017299999999999999406,0.017299999999999999406
22,178.75,0.0048999999999999998418,0.0048999999999999998418
23,178.75,0.0064000000000000003067,0.0064000000000000003067
24,178.75,0.018599999999999998479,0.018599999999999998479
25,178.75,0.038100000000000001921,0.038100000000000001921
26,178.75,0.046100000000000002087,0.046100000000000002087
27,178.75,0.042099999999999998535,0.042099999999999998535
28,178.75,0.048700000000000000233,0.048700000000000000233
29,178.75,0.081600000000000005862,0.081600000000000005862
30,178.75,0.091600000000000000866,0.091600000000000000866
31,178.75,0.13980000000000000759,0.13980000000000000759
32,178.75,0.35809999999999997389,0.35809999999999997389
33,178.75,0.42840000000000000302,0.42840000000000000302
34,178.75,0.5643000000000000238,0.5643000000000000238
35,178.75,0.77529999999999998916,0.77529999999999998916
36,178.75,0.64039999999999996927,0.64039999999999996927
37,178.75,0.83650000000000002132,0.83650000000000002132
38,178.75,0.76919999999999999485,0.76919999999999999485
39,178.75,0.60050000000000003375,0.60050000000000003375
40,178.75,0.79820000000000002061,0.79820000000000002061
41,178.75,0.72360000000000002096,0.72360000000000002096
42,178.75,0.82050000000000000711,0.82050000000000000711
43,178.75,0.71440000000000003499,0.71440000000000003499
44,178.75,0.83250000000000001776,0.83250000000000001776
45,178.75,0.96799999999999997158,0.96799999999999997158
46,178.75,0.97809999999999996945,0.97809999999999996945
47,178.75,0.98990000000000000213,0.98990000000000000213
48,178.75,0.97460000000000002185,0.97460000000000002185
49,178.75,0.94650000000000000799,0.94650000000000000799
50,178.75,0.84970000000000001084,0.84970000000000001084
51,178.75,0.89539999999999997371,0.89539999999999997371
52,178.75,0.69230000000000002647,0.69230000000000002647
53,178.75,0.5739999999999999547,0.5739999999999999547
54,178.75,0.77869999999999994778,0.77869999999999994778
55,178.75,0.72750000000000003553,0.72750000000000003553
56,178.75,0.63019999999999998241,0.63019999999999998241
57,178.75,0.25140000000000001235,0.25140000000000001235
58,178.75,0.45469999999999999307,0.45469999999999999307
59,178.75,0.61299999999999998934,0.61299999999999998934
60,178.75,0.34300000000000002709,0.34300000000000002709
61,178.75,0.35339999999999999192,0.35339999999999999192
62,178.75,0.32969999999999999307,0.32969999999999999307
63,178.75,0.94869999999999998774,0.94869999999999998774
64,178.75,0.24349999999999999423,0.24349999999999999423
65,178.75,0.23730000000000001092,0.23730000000000001092
66,178.75,0.093499999999999999778,0.093499999999999999778
67,178.75,0.07199999999999999456,0.07199999999999999456
68,178.75,0.62039999999999995151,0.62039999999999995151
69,178.75,0.35110000000000002318,0.35110000000000002318
70,178.75,0.030499999999999999334,0.030499999999999999334
-69,180,0.28980000000000000204,0.28980000000000000204
-68,180,0.61019999999999996465,0.61019999999999996465
-67,180,0.87370000000000003215,0.87370000000000003215
-66,180,0.98899999999999999023,0.98899999999999999023
-65,180,0.88129999999999997229,0.88129999999999997229
-64,180,0.8115999999999999881,0.8115999999999999881
-63,180,0.55449999999999999289,0.55449999999999999289
-62,180,0.94030000000000002469,0.94030000000000002469
-61,180,0.94420000000000003926,0.94420000000000003926
-60,180,0.96089999999999997637,0.96089999999999997637
-59,180,0.9749999999999999778,0.9749999999999999778
-58,180,0.94879999999999997673,0.94879999999999997673
-57,180,0.64610000000000000764,0.64610000000000000764
-56,180,0.55330000000000001403,0.55330000000000001403
-55,180,0.1942000000000000115,0.1942000000000000115
-54,180,0.054600000000000002698,0.054600000000000002698
-53,180,0.060600000000000001088,0.060600000000000001088
-52,180,0.099599999999999994094,0.099599999999999994094
-51,180,0.39500000000000001776,0.39500000000000001776
-50,180,0.69389999999999996128,0.69389999999999996128
-49,180,0.88690000000000002167,0.88690000000000002167
-48,180,0.9356999999999999762,0.9356999999999999762
-47,180,0.99850000000000005418,0.99850000000000005418
-46,180,0.62819999999999998064,0.62819999999999998064
-45,180,0.34210000000000001519,0.34210000000000001519
-44,180,0.31650000000000000355,0.31650000000000000355
-43,180,0.25940000000000001945,0.25940000000000001945
-42,180,0.13609999999999999876,0.13609999999999999876
-41,180,0.18540000000000000924,0.18540000000000000924
-40,180,0.26579999999999998073,0.26579999999999998073
-39,180,0.10259999999999999676,0.10259999999999999676
-38,180,0.056399999999999998745,0.056399999999999998745
-37,180,0.063899999999999998468,0.063899999999999998468
-36,180,0.16470000000000001306,0.16470000000000001306
-35,180,0.1884000000000000119,0.1884000000000000119
-34,180,0.25480000000000002647,0.25480000000000002647
-33,180,0.70920000000000005258,0.70920000000000005258
-32,180,0.85099999999999997868,0.85099999999999997868
-31,180,0.87809999999999999165,0.87809999999999999165
-30,180,0.60999999999999998668,0.60999999999999998668
-29,180,0.48759999999999997788,0.48759999999999997788
-28,180,0.39579999999999998517,0.39579999999999998517
-27,180,0.4990999999999999881,0.4990999999999999881
-26,180,0.6463999999999999746,0.6463999999999999746
-25,180,0.63870000000000004547,0.63870000000000004547
-24,180,0.6150999999999999801,0.6150999999999999801
-23,180,0.40139999999999997904,0.40139999999999997904
-22,180,0.10609999999999999987,0.10609999999999999987
-21,180,0.029899999999999999495,0.029899999999999999495
-20,180,0.011199999999999999886,0.011199999999999999886
-19,180,0.0022000000000000001325,0.0022000000000000001325
-18,180,0.0011000000000000000663,0.0011000000000000000663
-17,180,0.0016000000000000000767,0.0016000000000000000767
-16,180,0.0035000000000000000729,0.0035000000000000000729
-15,180,0.0074000000000000003275,0.0074000000000000003275
-14,180,0.057799999999999997213,0.057799999999999997213
-13,180,0.12239999999999999492,0.12239999999999999492
-12,180,0.35649999999999998357,0.35649999999999998357
-11,180,0.69810000000000005382,0.69810000000000005382
-10,180,0.18729999999999999427,0.18729999999999999427
-9,180,0.036999999999999998168,0.036999999999999998168
-8,180,0.0028999999999999998002,0.0028999999999999998002
-7,180,0.00010000000000000000479,0.00010000000000000000479
-6,180,0,0
-5,180,0,0
-4,180,0,0
-3,180,0,0
-2,180,0,0
-1,180,0,0
0,180,0,0
1,180,0,0
2,180,0,0
3,180,0,0
4,180,0.00010000000000000000479,0.00010000000000000000479
5,180,0.048199999999999999789,0.048199999999999999789
6,180,0.86360000000000003428,0.86360000000000003428
7,180,0.020099999999999999811,0.020099999999999999811
8,180,0.0016999999999999999053,0.0016999999999999999053
9,180,0.0097999999999999996836,0.0097999999999999996836
10,180,0.048800000000000003098,0.048800000000000003098
11,180,0.23999999999999999112,0.23999999999999999112
12,180,0.70920000000000005258,0.70920000000000005258
13,180,0.89510000000000000675,0.89510000000000000675
14,180,0.95920000000000005258,0.95920000000000005258
15,180,0.91490000000000004654,0.91490000000000004654
16,180,0.54630000000000000782,0.54630000000000000782
17,180,0.16600000000000000866,0.16600000000000000866
18,180,0.03309999999999999748,0.03309999999999999748
19,180,0.016299999999999998518,0.016299999999999998518
20,180,0.028899999999999998607,0.028899999999999998607
21,180,0.019900000000000001021,0.019900000000000001021
22,180,0.012500000000000000694,0.012500000000000000694
23,180,0.0054999999999999996808,0.0054999999999999996808
24,180,0.010000000000000000208,0.010000000000000000208
25,180,0.035099999999999999256,0.035099999999999999256
26,180,0.053199999999999997291,0.053199999999999997291
27,180,0.029499999999999998446,0.029499999999999998446
28,180,0.02069999999999999965,0.02069999999999999965
29,180,0.035000000000000003331,0.035000000000000003331
30,180,0.060199999999999996569,0.060199999999999996569
31,180,0.14649999999999999134,0.14649999999999999134
32,180,0.44969999999999998863,0.44969999999999998863
33,180,0.63090000000000001634,0.63090000000000001634
34,180,0.74129999999999995897,0.74129999999999995897
35,180,0.78259999999999996234,0.78259999999999996234
36,180,0.78959999999999996856,0.78959999999999996856
37,180,0.78090000000000003855,0.78090000000000003855
38,180,0.77459999999999995524,0.77459999999999995524
39,180,0.87119999999999997442,0.87119999999999997442
40,180,0.88380000000000003002,0.88380000000000003002
41,180,0.76839999999999997193,0.76839999999999997193
42,180,0.73270000000000001794,0.73270000000000001794
43,180,0.58699999999999996625,0.58699999999999996625
44,180,0.71230000000000004423,0.71230000000000004423
45,180,0.88570000000000004281,0.88570000000000004281
46,180,0.97279999999999999805,0.97279999999999999805
47,180,0.92810000000000003606,0.92810000000000003606
48,180,0.9536000000000000032,0.9536000000000000032
49,180,0.81550000000000000266,0.81550000000000000266
50,180,0.58189999999999997282,0.58189999999999997282
51,180,0.66359999999999996767,0.66359999999999996767
52,180,0.96770000000000000462,0.96770000000000000462
53,180,0.6713999999999999968,0.6713999999999999968
54,180,0.80440000000000000391,0.80440000000000000391
55,180,0.77490000000000003322,0.77490000000000003322
56,180,0.45029999999999997806,0.45029999999999997806
57,180,0.20969999999999999751,0.20969999999999999751
58,180,0.41620000000000001439,0.41620000000000001439
59,180,0.53990000000000004654,0.53990000000000004654
60,180,0.39669999999999999707,0.39669999999999999707
61,180,0.52449999999999996625,0.52449999999999996625
62,180,0.65769999999999995133,0.65769999999999995133
63,180,0.60109999999999996767,0.60109999999999996767
64,180,0.1710000000000000131,0.1710000000000000131
65,180,0.25659999999999999476,0.25659999999999999476
66,180,0.13989999999999999658,0.13989999999999999658
67,180,0.28199999999999997291,0.28199999999999997291
68,180,0.88300000000000000711,0.88300000000000000711
69,180,0.44840000000000002078,0.44840000000000002078
70,180,0.080500000000000002109,0.080500000000000002109
